date,compartment,y_025,y_25,y_median,y_mean,y_75,y_975,scenario,country,iso3c,report_date,version
2020-02-11,cumulative_infections,0,0,0,0,0,0,Additional 50% Reduction,Belize,BLZ,2020-07-04,v3
2020-02-11,deaths,0,0,0,0,0,0,Additional 50% Reduction,Belize,BLZ,2020-07-04,v3
2020-02-11,hospital_demand,0,0,0,0,0,0,Additional 50% Reduction,Belize,BLZ,2020-07-04,v3
2020-02-11,hospital_incidence,0,0,0,0,0,0,Additional 50% Reduction,Belize,BLZ,2020-07-04,v3
2020-02-11,ICU_demand,0,0,0,0,0,0,Additional 50% Reduction,Belize,BLZ,2020-07-04,v3
2020-02-11,ICU_incidence,0,0,0,0,0,0,Additional 50% Reduction,Belize,BLZ,2020-07-04,v3
2020-02-11,infections,0,0,0,0,0,0,Additional 50% Reduction,Belize,BLZ,2020-07-04,v3
2020-02-11,Rt,2.05,2.42,2.77,2.97,3.44,4.6,Additional 50% Reduction,Belize,BLZ,2020-07-04,v3
2020-02-11,cumulative_infections,0,0,0,0,0,0,Maintain Status Quo,Belize,BLZ,2020-07-04,v3
2020-02-11,deaths,0,0,0,0,0,0,Maintain Status Quo,Belize,BLZ,2020-07-04,v3
2020-02-11,hospital_demand,0,0,0,0,0,0,Maintain Status Quo,Belize,BLZ,2020-07-04,v3
2020-02-11,hospital_incidence,0,0,0,0,0,0,Maintain Status Quo,Belize,BLZ,2020-07-04,v3
2020-02-11,ICU_demand,0,0,0,0,0,0,Maintain Status Quo,Belize,BLZ,2020-07-04,v3
2020-02-11,ICU_incidence,0,0,0,0,0,0,Maintain Status Quo,Belize,BLZ,2020-07-04,v3
2020-02-11,infections,0,0,0,0,0,0,Maintain Status Quo,Belize,BLZ,2020-07-04,v3
2020-02-11,Rt,2.05,2.42,2.77,2.97,3.44,4.6,Maintain Status Quo,Belize,BLZ,2020-07-04,v3
2020-02-11,cumulative_infections,0,0,0,0,0,0,Relax Interventions 50%,Belize,BLZ,2020-07-04,v3
2020-02-11,deaths,0,0,0,0,0,0,Relax Interventions 50%,Belize,BLZ,2020-07-04,v3
2020-02-11,hospital_demand,0,0,0,0,0,0,Relax Interventions 50%,Belize,BLZ,2020-07-04,v3
2020-02-11,hospital_incidence,0,0,0,0,0,0,Relax Interventions 50%,Belize,BLZ,2020-07-04,v3
2020-02-11,ICU_demand,0,0,0,0,0,0,Relax Interventions 50%,Belize,BLZ,2020-07-04,v3
2020-02-11,ICU_incidence,0,0,0,0,0,0,Relax Interventions 50%,Belize,BLZ,2020-07-04,v3
2020-02-11,infections,0,0,0,0,0,0,Relax Interventions 50%,Belize,BLZ,2020-07-04,v3
2020-02-11,Rt,2.05,2.42,2.77,2.97,3.44,4.6,Relax Interventions 50%,Belize,BLZ,2020-07-04,v3
2020-02-11,cumulative_infections,0,0,0,0,0,0,Surged Additional 50% Reduction,Belize,BLZ,2020-07-04,v3
2020-02-11,deaths,0,0,0,0,0,0,Surged Additional 50% Reduction,Belize,BLZ,2020-07-04,v3
2020-02-11,hospital_demand,0,0,0,0,0,0,Surged Additional 50% Reduction,Belize,BLZ,2020-07-04,v3
2020-02-11,hospital_incidence,0,0,0,0,0,0,Surged Additional 50% Reduction,Belize,BLZ,2020-07-04,v3
2020-02-11,ICU_demand,0,0,0,0,0,0,Surged Additional 50% Reduction,Belize,BLZ,2020-07-04,v3
2020-02-11,ICU_incidence,0,0,0,0,0,0,Surged Additional 50% Reduction,Belize,BLZ,2020-07-04,v3
2020-02-11,infections,0,0,0,0,0,0,Surged Additional 50% Reduction,Belize,BLZ,2020-07-04,v3
2020-02-11,Rt,2.22,2.54,2.83,2.99,3.34,4.45,Surged Additional 50% Reduction,Belize,BLZ,2020-07-04,v3
2020-02-11,cumulative_infections,0,0,0,0,0,0,Surged Maintain Status Quo,Belize,BLZ,2020-07-04,v3
2020-02-11,deaths,0,0,0,0,0,0,Surged Maintain Status Quo,Belize,BLZ,2020-07-04,v3
2020-02-11,hospital_demand,0,0,0,0,0,0,Surged Maintain Status Quo,Belize,BLZ,2020-07-04,v3
2020-02-11,hospital_incidence,0,0,0,0,0,0,Surged Maintain Status Quo,Belize,BLZ,2020-07-04,v3
2020-02-11,ICU_demand,0,0,0,0,0,0,Surged Maintain Status Quo,Belize,BLZ,2020-07-04,v3
2020-02-11,ICU_incidence,0,0,0,0,0,0,Surged Maintain Status Quo,Belize,BLZ,2020-07-04,v3
2020-02-11,infections,0,0,0,0,0,0,Surged Maintain Status Quo,Belize,BLZ,2020-07-04,v3
2020-02-11,Rt,2.22,2.54,2.83,2.99,3.34,4.45,Surged Maintain Status Quo,Belize,BLZ,2020-07-04,v3
2020-02-11,cumulative_infections,0,0,0,0,0,0,Surged Relax Interventions 50%,Belize,BLZ,2020-07-04,v3
2020-02-11,deaths,0,0,0,0,0,0,Surged Relax Interventions 50%,Belize,BLZ,2020-07-04,v3
2020-02-11,hospital_demand,0,0,0,0,0,0,Surged Relax Interventions 50%,Belize,BLZ,2020-07-04,v3
2020-02-11,hospital_incidence,0,0,0,0,0,0,Surged Relax Interventions 50%,Belize,BLZ,2020-07-04,v3
2020-02-11,ICU_demand,0,0,0,0,0,0,Surged Relax Interventions 50%,Belize,BLZ,2020-07-04,v3
2020-02-11,ICU_incidence,0,0,0,0,0,0,Surged Relax Interventions 50%,Belize,BLZ,2020-07-04,v3
2020-02-11,infections,0,0,0,0,0,0,Surged Relax Interventions 50%,Belize,BLZ,2020-07-04,v3
2020-02-11,Rt,2.22,2.54,2.83,2.99,3.34,4.45,Surged Relax Interventions 50%,Belize,BLZ,2020-07-04,v3
2020-02-12,cumulative_infections,0,0,0.5,0.5,1,1,Additional 50% Reduction,Belize,BLZ,2020-07-04,v3
2020-02-12,deaths,0,0,0,0,0,0,Additional 50% Reduction,Belize,BLZ,2020-07-04,v3
2020-02-12,hospital_demand,0,0,0,0,0,0,Additional 50% Reduction,Belize,BLZ,2020-07-04,v3
2020-02-12,hospital_incidence,0,0,0,0,0,0,Additional 50% Reduction,Belize,BLZ,2020-07-04,v3
2020-02-12,ICU_demand,0,0,0,0,0,0,Additional 50% Reduction,Belize,BLZ,2020-07-04,v3
2020-02-12,ICU_incidence,0,0,0,0,0,0,Additional 50% Reduction,Belize,BLZ,2020-07-04,v3
2020-02-12,infections,0,0,0.5,0.5,1,1,Additional 50% Reduction,Belize,BLZ,2020-07-04,v3
2020-02-12,Rt,2.05,2.42,2.77,2.97,3.44,4.6,Additional 50% Reduction,Belize,BLZ,2020-07-04,v3
2020-02-12,cumulative_infections,0,0,0.5,0.5,1,1,Maintain Status Quo,Belize,BLZ,2020-07-04,v3
2020-02-12,deaths,0,0,0,0,0,0,Maintain Status Quo,Belize,BLZ,2020-07-04,v3
2020-02-12,hospital_demand,0,0,0,0,0,0,Maintain Status Quo,Belize,BLZ,2020-07-04,v3
2020-02-12,hospital_incidence,0,0,0,0,0,0,Maintain Status Quo,Belize,BLZ,2020-07-04,v3
2020-02-12,ICU_demand,0,0,0,0,0,0,Maintain Status Quo,Belize,BLZ,2020-07-04,v3
2020-02-12,ICU_incidence,0,0,0,0,0,0,Maintain Status Quo,Belize,BLZ,2020-07-04,v3
2020-02-12,infections,0,0,0.5,0.5,1,1,Maintain Status Quo,Belize,BLZ,2020-07-04,v3
2020-02-12,Rt,2.05,2.42,2.77,2.97,3.44,4.6,Maintain Status Quo,Belize,BLZ,2020-07-04,v3
2020-02-12,cumulative_infections,0,0,0.5,0.5,1,1,Relax Interventions 50%,Belize,BLZ,2020-07-04,v3
2020-02-12,deaths,0,0,0,0,0,0,Relax Interventions 50%,Belize,BLZ,2020-07-04,v3
2020-02-12,hospital_demand,0,0,0,0,0,0,Relax Interventions 50%,Belize,BLZ,2020-07-04,v3
2020-02-12,hospital_incidence,0,0,0,0,0,0,Relax Interventions 50%,Belize,BLZ,2020-07-04,v3
2020-02-12,ICU_demand,0,0,0,0,0,0,Relax Interventions 50%,Belize,BLZ,2020-07-04,v3
2020-02-12,ICU_incidence,0,0,0,0,0,0,Relax Interventions 50%,Belize,BLZ,2020-07-04,v3
2020-02-12,infections,0,0,0.5,0.5,1,1,Relax Interventions 50%,Belize,BLZ,2020-07-04,v3
2020-02-12,Rt,2.05,2.42,2.77,2.97,3.44,4.6,Relax Interventions 50%,Belize,BLZ,2020-07-04,v3
2020-02-12,cumulative_infections,0,0,0,0.33,0.5,0.95,Surged Additional 50% Reduction,Belize,BLZ,2020-07-04,v3
2020-02-12,deaths,0,0,0,0,0,0,Surged Additional 50% Reduction,Belize,BLZ,2020-07-04,v3
2020-02-12,hospital_demand,0,0,0,0,0,0,Surged Additional 50% Reduction,Belize,BLZ,2020-07-04,v3
2020-02-12,hospital_incidence,0,0,0,0,0,0,Surged Additional 50% Reduction,Belize,BLZ,2020-07-04,v3
2020-02-12,ICU_demand,0,0,0,0,0,0,Surged Additional 50% Reduction,Belize,BLZ,2020-07-04,v3
2020-02-12,ICU_incidence,0,0,0,0,0,0,Surged Additional 50% Reduction,Belize,BLZ,2020-07-04,v3
2020-02-12,infections,0,0,0,0.33,0.5,0.95,Surged Additional 50% Reduction,Belize,BLZ,2020-07-04,v3
2020-02-12,Rt,2.22,2.54,2.83,2.99,3.34,4.45,Surged Additional 50% Reduction,Belize,BLZ,2020-07-04,v3
2020-02-12,cumulative_infections,0,0,0,0.33,0.5,0.95,Surged Maintain Status Quo,Belize,BLZ,2020-07-04,v3
2020-02-12,deaths,0,0,0,0,0,0,Surged Maintain Status Quo,Belize,BLZ,2020-07-04,v3
2020-02-12,hospital_demand,0,0,0,0,0,0,Surged Maintain Status Quo,Belize,BLZ,2020-07-04,v3
2020-02-12,hospital_incidence,0,0,0,0,0,0,Surged Maintain Status Quo,Belize,BLZ,2020-07-04,v3
2020-02-12,ICU_demand,0,0,0,0,0,0,Surged Maintain Status Quo,Belize,BLZ,2020-07-04,v3
2020-02-12,ICU_incidence,0,0,0,0,0,0,Surged Maintain Status Quo,Belize,BLZ,2020-07-04,v3
2020-02-12,infections,0,0,0,0.33,0.5,0.95,Surged Maintain Status Quo,Belize,BLZ,2020-07-04,v3
2020-02-12,Rt,2.22,2.54,2.83,2.99,3.34,4.45,Surged Maintain Status Quo,Belize,BLZ,2020-07-04,v3
2020-02-12,cumulative_infections,0,0,0,0.33,0.5,0.95,Surged Relax Interventions 50%,Belize,BLZ,2020-07-04,v3
2020-02-12,deaths,0,0,0,0,0,0,Surged Relax Interventions 50%,Belize,BLZ,2020-07-04,v3
2020-02-12,hospital_demand,0,0,0,0,0,0,Surged Relax Interventions 50%,Belize,BLZ,2020-07-04,v3
2020-02-12,hospital_incidence,0,0,0,0,0,0,Surged Relax Interventions 50%,Belize,BLZ,2020-07-04,v3
2020-02-12,ICU_demand,0,0,0,0,0,0,Surged Relax Interventions 50%,Belize,BLZ,2020-07-04,v3
2020-02-12,ICU_incidence,0,0,0,0,0,0,Surged Relax Interventions 50%,Belize,BLZ,2020-07-04,v3
2020-02-12,infections,0,0,0,0.33,0.5,0.95,Surged Relax Interventions 50%,Belize,BLZ,2020-07-04,v3
2020-02-12,Rt,2.22,2.54,2.83,2.99,3.34,4.45,Surged Relax Interventions 50%,Belize,BLZ,2020-07-04,v3
2020-02-13,cumulative_infections,0,0,1,0.73,1,2,Additional 50% Reduction,Belize,BLZ,2020-07-04,v3
2020-02-13,deaths,0,0,0,0,0,0,Additional 50% Reduction,Belize,BLZ,2020-07-04,v3
2020-02-13,hospital_demand,0,0,0,0,0,0,Additional 50% Reduction,Belize,BLZ,2020-07-04,v3
2020-02-13,hospital_incidence,0,0,0,0,0,0,Additional 50% Reduction,Belize,BLZ,2020-07-04,v3
2020-02-13,ICU_demand,0,0,0,0,0,0,Additional 50% Reduction,Belize,BLZ,2020-07-04,v3
2020-02-13,ICU_incidence,0,0,0,0,0,0,Additional 50% Reduction,Belize,BLZ,2020-07-04,v3
2020-02-13,infections,0,0,0,0.45,1,1,Additional 50% Reduction,Belize,BLZ,2020-07-04,v3
2020-02-13,Rt,2.05,2.42,2.77,2.97,3.44,4.6,Additional 50% Reduction,Belize,BLZ,2020-07-04,v3
2020-02-13,cumulative_infections,0,0,1,0.73,1,2,Maintain Status Quo,Belize,BLZ,2020-07-04,v3
2020-02-13,deaths,0,0,0,0,0,0,Maintain Status Quo,Belize,BLZ,2020-07-04,v3
2020-02-13,hospital_demand,0,0,0,0,0,0,Maintain Status Quo,Belize,BLZ,2020-07-04,v3
2020-02-13,hospital_incidence,0,0,0,0,0,0,Maintain Status Quo,Belize,BLZ,2020-07-04,v3
2020-02-13,ICU_demand,0,0,0,0,0,0,Maintain Status Quo,Belize,BLZ,2020-07-04,v3
2020-02-13,ICU_incidence,0,0,0,0,0,0,Maintain Status Quo,Belize,BLZ,2020-07-04,v3
2020-02-13,infections,0,0,0,0.45,1,1,Maintain Status Quo,Belize,BLZ,2020-07-04,v3
2020-02-13,Rt,2.05,2.42,2.77,2.97,3.44,4.6,Maintain Status Quo,Belize,BLZ,2020-07-04,v3
2020-02-13,cumulative_infections,0,0,1,0.73,1,2,Relax Interventions 50%,Belize,BLZ,2020-07-04,v3
2020-02-13,deaths,0,0,0,0,0,0,Relax Interventions 50%,Belize,BLZ,2020-07-04,v3
2020-02-13,hospital_demand,0,0,0,0,0,0,Relax Interventions 50%,Belize,BLZ,2020-07-04,v3
2020-02-13,hospital_incidence,0,0,0,0,0,0,Relax Interventions 50%,Belize,BLZ,2020-07-04,v3
2020-02-13,ICU_demand,0,0,0,0,0,0,Relax Interventions 50%,Belize,BLZ,2020-07-04,v3
2020-02-13,ICU_incidence,0,0,0,0,0,0,Relax Interventions 50%,Belize,BLZ,2020-07-04,v3
2020-02-13,infections,0,0,0,0.45,1,1,Relax Interventions 50%,Belize,BLZ,2020-07-04,v3
2020-02-13,Rt,2.05,2.42,2.77,2.97,3.44,4.6,Relax Interventions 50%,Belize,BLZ,2020-07-04,v3
2020-02-13,cumulative_infections,0.05,0.5,1,0.67,1,1,Surged Additional 50% Reduction,Belize,BLZ,2020-07-04,v3
2020-02-13,deaths,0,0,0,0,0,0,Surged Additional 50% Reduction,Belize,BLZ,2020-07-04,v3
2020-02-13,hospital_demand,0,0,0,0,0,0,Surged Additional 50% Reduction,Belize,BLZ,2020-07-04,v3
2020-02-13,hospital_incidence,0,0,0,0,0,0,Surged Additional 50% Reduction,Belize,BLZ,2020-07-04,v3
2020-02-13,ICU_demand,0,0,0,0,0,0,Surged Additional 50% Reduction,Belize,BLZ,2020-07-04,v3
2020-02-13,ICU_incidence,0,0,0,0,0,0,Surged Additional 50% Reduction,Belize,BLZ,2020-07-04,v3
2020-02-13,infections,0,0,0,0.33,0.5,0.95,Surged Additional 50% Reduction,Belize,BLZ,2020-07-04,v3
2020-02-13,Rt,2.22,2.54,2.83,2.99,3.34,4.45,Surged Additional 50% Reduction,Belize,BLZ,2020-07-04,v3
2020-02-13,cumulative_infections,0.05,0.5,1,0.67,1,1,Surged Maintain Status Quo,Belize,BLZ,2020-07-04,v3
2020-02-13,deaths,0,0,0,0,0,0,Surged Maintain Status Quo,Belize,BLZ,2020-07-04,v3
2020-02-13,hospital_demand,0,0,0,0,0,0,Surged Maintain Status Quo,Belize,BLZ,2020-07-04,v3
2020-02-13,hospital_incidence,0,0,0,0,0,0,Surged Maintain Status Quo,Belize,BLZ,2020-07-04,v3
2020-02-13,ICU_demand,0,0,0,0,0,0,Surged Maintain Status Quo,Belize,BLZ,2020-07-04,v3
2020-02-13,ICU_incidence,0,0,0,0,0,0,Surged Maintain Status Quo,Belize,BLZ,2020-07-04,v3
2020-02-13,infections,0,0,0,0.33,0.5,0.95,Surged Maintain Status Quo,Belize,BLZ,2020-07-04,v3
2020-02-13,Rt,2.22,2.54,2.83,2.99,3.34,4.45,Surged Maintain Status Quo,Belize,BLZ,2020-07-04,v3
2020-02-13,cumulative_infections,0.05,0.5,1,0.67,1,1,Surged Relax Interventions 50%,Belize,BLZ,2020-07-04,v3
2020-02-13,deaths,0,0,0,0,0,0,Surged Relax Interventions 50%,Belize,BLZ,2020-07-04,v3
2020-02-13,hospital_demand,0,0,0,0,0,0,Surged Relax Interventions 50%,Belize,BLZ,2020-07-04,v3
2020-02-13,hospital_incidence,0,0,0,0,0,0,Surged Relax Interventions 50%,Belize,BLZ,2020-07-04,v3
2020-02-13,ICU_demand,0,0,0,0,0,0,Surged Relax Interventions 50%,Belize,BLZ,2020-07-04,v3
2020-02-13,ICU_incidence,0,0,0,0,0,0,Surged Relax Interventions 50%,Belize,BLZ,2020-07-04,v3
2020-02-13,infections,0,0,0,0.33,0.5,0.95,Surged Relax Interventions 50%,Belize,BLZ,2020-07-04,v3
2020-02-13,Rt,2.22,2.54,2.83,2.99,3.34,4.45,Surged Relax Interventions 50%,Belize,BLZ,2020-07-04,v3
2020-02-14,cumulative_infections,0,0,1,1.06,2,3.62,Additional 50% Reduction,Belize,BLZ,2020-07-04,v3
2020-02-14,deaths,0,0,0,0,0,0,Additional 50% Reduction,Belize,BLZ,2020-07-04,v3
2020-02-14,hospital_demand,0,0,0,0,0,0,Additional 50% Reduction,Belize,BLZ,2020-07-04,v3
2020-02-14,hospital_incidence,0,0,0,0,0,0,Additional 50% Reduction,Belize,BLZ,2020-07-04,v3
2020-02-14,ICU_demand,0,0,0,0,0,0,Additional 50% Reduction,Belize,BLZ,2020-07-04,v3
2020-02-14,ICU_incidence,0,0,0,0,0,0,Additional 50% Reduction,Belize,BLZ,2020-07-04,v3
2020-02-14,infections,0,0,0,0.56,1,2,Additional 50% Reduction,Belize,BLZ,2020-07-04,v3
2020-02-14,Rt,2.05,2.42,2.77,2.97,3.44,4.6,Additional 50% Reduction,Belize,BLZ,2020-07-04,v3
2020-02-14,cumulative_infections,0,0,1,1.06,2,3.62,Maintain Status Quo,Belize,BLZ,2020-07-04,v3
2020-02-14,deaths,0,0,0,0,0,0,Maintain Status Quo,Belize,BLZ,2020-07-04,v3
2020-02-14,hospital_demand,0,0,0,0,0,0,Maintain Status Quo,Belize,BLZ,2020-07-04,v3
2020-02-14,hospital_incidence,0,0,0,0,0,0,Maintain Status Quo,Belize,BLZ,2020-07-04,v3
2020-02-14,ICU_demand,0,0,0,0,0,0,Maintain Status Quo,Belize,BLZ,2020-07-04,v3
2020-02-14,ICU_incidence,0,0,0,0,0,0,Maintain Status Quo,Belize,BLZ,2020-07-04,v3
2020-02-14,infections,0,0,0,0.56,1,2,Maintain Status Quo,Belize,BLZ,2020-07-04,v3
2020-02-14,Rt,2.05,2.42,2.77,2.97,3.44,4.6,Maintain Status Quo,Belize,BLZ,2020-07-04,v3
2020-02-14,cumulative_infections,0,0,1,1.06,2,3.62,Relax Interventions 50%,Belize,BLZ,2020-07-04,v3
2020-02-14,deaths,0,0,0,0,0,0,Relax Interventions 50%,Belize,BLZ,2020-07-04,v3
2020-02-14,hospital_demand,0,0,0,0,0,0,Relax Interventions 50%,Belize,BLZ,2020-07-04,v3
2020-02-14,hospital_incidence,0,0,0,0,0,0,Relax Interventions 50%,Belize,BLZ,2020-07-04,v3
2020-02-14,ICU_demand,0,0,0,0,0,0,Relax Interventions 50%,Belize,BLZ,2020-07-04,v3
2020-02-14,ICU_incidence,0,0,0,0,0,0,Relax Interventions 50%,Belize,BLZ,2020-07-04,v3
2020-02-14,infections,0,0,0,0.56,1,2,Relax Interventions 50%,Belize,BLZ,2020-07-04,v3
2020-02-14,Rt,2.05,2.42,2.77,2.97,3.44,4.6,Relax Interventions 50%,Belize,BLZ,2020-07-04,v3
2020-02-14,cumulative_infections,0,0,0.5,0.67,1,1.88,Surged Additional 50% Reduction,Belize,BLZ,2020-07-04,v3
2020-02-14,deaths,0,0,0,0,0,0,Surged Additional 50% Reduction,Belize,BLZ,2020-07-04,v3
2020-02-14,hospital_demand,0,0,0,0,0,0,Surged Additional 50% Reduction,Belize,BLZ,2020-07-04,v3
2020-02-14,hospital_incidence,0,0,0,0,0,0,Surged Additional 50% Reduction,Belize,BLZ,2020-07-04,v3
2020-02-14,ICU_demand,0,0,0,0,0,0,Surged Additional 50% Reduction,Belize,BLZ,2020-07-04,v3
2020-02-14,ICU_incidence,0,0,0,0,0,0,Surged Additional 50% Reduction,Belize,BLZ,2020-07-04,v3
2020-02-14,infections,0,0,0,0.33,0.75,1,Surged Additional 50% Reduction,Belize,BLZ,2020-07-04,v3
2020-02-14,Rt,2.22,2.54,2.83,2.99,3.34,4.45,Surged Additional 50% Reduction,Belize,BLZ,2020-07-04,v3
2020-02-14,cumulative_infections,0,0,0.5,0.67,1,1.88,Surged Maintain Status Quo,Belize,BLZ,2020-07-04,v3
2020-02-14,deaths,0,0,0,0,0,0,Surged Maintain Status Quo,Belize,BLZ,2020-07-04,v3
2020-02-14,hospital_demand,0,0,0,0,0,0,Surged Maintain Status Quo,Belize,BLZ,2020-07-04,v3
2020-02-14,hospital_incidence,0,0,0,0,0,0,Surged Maintain Status Quo,Belize,BLZ,2020-07-04,v3
2020-02-14,ICU_demand,0,0,0,0,0,0,Surged Maintain Status Quo,Belize,BLZ,2020-07-04,v3
2020-02-14,ICU_incidence,0,0,0,0,0,0,Surged Maintain Status Quo,Belize,BLZ,2020-07-04,v3
2020-02-14,infections,0,0,0,0.33,0.75,1,Surged Maintain Status Quo,Belize,BLZ,2020-07-04,v3
2020-02-14,Rt,2.22,2.54,2.83,2.99,3.34,4.45,Surged Maintain Status Quo,Belize,BLZ,2020-07-04,v3
2020-02-14,cumulative_infections,0,0,0.5,0.67,1,1.88,Surged Relax Interventions 50%,Belize,BLZ,2020-07-04,v3
2020-02-14,deaths,0,0,0,0,0,0,Surged Relax Interventions 50%,Belize,BLZ,2020-07-04,v3
2020-02-14,hospital_demand,0,0,0,0,0,0,Surged Relax Interventions 50%,Belize,BLZ,2020-07-04,v3
2020-02-14,hospital_incidence,0,0,0,0,0,0,Surged Relax Interventions 50%,Belize,BLZ,2020-07-04,v3
2020-02-14,ICU_demand,0,0,0,0,0,0,Surged Relax Interventions 50%,Belize,BLZ,2020-07-04,v3
2020-02-14,ICU_incidence,0,0,0,0,0,0,Surged Relax Interventions 50%,Belize,BLZ,2020-07-04,v3
2020-02-14,infections,0,0,0,0.33,0.75,1,Surged Relax Interventions 50%,Belize,BLZ,2020-07-04,v3
2020-02-14,Rt,2.22,2.54,2.83,2.99,3.34,4.45,Surged Relax Interventions 50%,Belize,BLZ,2020-07-04,v3
2020-02-15,cumulative_infections,0,0,1,1.48,3,4.45,Additional 50% Reduction,Belize,BLZ,2020-07-04,v3
2020-02-15,deaths,0,0,0,0,0,0,Additional 50% Reduction,Belize,BLZ,2020-07-04,v3
2020-02-15,hospital_demand,0,0,0,0,0,0,Additional 50% Reduction,Belize,BLZ,2020-07-04,v3
2020-02-15,hospital_incidence,0,0,0,0,0,0,Additional 50% Reduction,Belize,BLZ,2020-07-04,v3
2020-02-15,ICU_demand,0,0,0,0,0,0,Additional 50% Reduction,Belize,BLZ,2020-07-04,v3
2020-02-15,ICU_incidence,0,0,0,0,0,0,Additional 50% Reduction,Belize,BLZ,2020-07-04,v3
2020-02-15,infections,0,0,1,0.74,1,2.45,Additional 50% Reduction,Belize,BLZ,2020-07-04,v3
2020-02-15,Rt,2.16,2.57,2.9,3.05,3.44,4.6,Additional 50% Reduction,Belize,BLZ,2020-07-04,v3
2020-02-15,cumulative_infections,0,0,1,1.48,3,4.45,Maintain Status Quo,Belize,BLZ,2020-07-04,v3
2020-02-15,deaths,0,0,0,0,0,0,Maintain Status Quo,Belize,BLZ,2020-07-04,v3
2020-02-15,hospital_demand,0,0,0,0,0,0,Maintain Status Quo,Belize,BLZ,2020-07-04,v3
2020-02-15,hospital_incidence,0,0,0,0,0,0,Maintain Status Quo,Belize,BLZ,2020-07-04,v3
2020-02-15,ICU_demand,0,0,0,0,0,0,Maintain Status Quo,Belize,BLZ,2020-07-04,v3
2020-02-15,ICU_incidence,0,0,0,0,0,0,Maintain Status Quo,Belize,BLZ,2020-07-04,v3
2020-02-15,infections,0,0,1,0.74,1,2.45,Maintain Status Quo,Belize,BLZ,2020-07-04,v3
2020-02-15,Rt,2.16,2.57,2.9,3.05,3.44,4.6,Maintain Status Quo,Belize,BLZ,2020-07-04,v3
2020-02-15,cumulative_infections,0,0,1,1.48,3,4.45,Relax Interventions 50%,Belize,BLZ,2020-07-04,v3
2020-02-15,deaths,0,0,0,0,0,0,Relax Interventions 50%,Belize,BLZ,2020-07-04,v3
2020-02-15,hospital_demand,0,0,0,0,0,0,Relax Interventions 50%,Belize,BLZ,2020-07-04,v3
2020-02-15,hospital_incidence,0,0,0,0,0,0,Relax Interventions 50%,Belize,BLZ,2020-07-04,v3
2020-02-15,ICU_demand,0,0,0,0,0,0,Relax Interventions 50%,Belize,BLZ,2020-07-04,v3
2020-02-15,ICU_incidence,0,0,0,0,0,0,Relax Interventions 50%,Belize,BLZ,2020-07-04,v3
2020-02-15,infections,0,0,1,0.74,1,2.45,Relax Interventions 50%,Belize,BLZ,2020-07-04,v3
2020-02-15,Rt,2.16,2.57,2.9,3.05,3.44,4.6,Relax Interventions 50%,Belize,BLZ,2020-07-04,v3
2020-02-15,cumulative_infections,0,0,1,1,2,2,Surged Additional 50% Reduction,Belize,BLZ,2020-07-04,v3
2020-02-15,deaths,0,0,0,0,0,0,Surged Additional 50% Reduction,Belize,BLZ,2020-07-04,v3
2020-02-15,hospital_demand,0,0,0,0,0,0,Surged Additional 50% Reduction,Belize,BLZ,2020-07-04,v3
2020-02-15,hospital_incidence,0,0,0,0,0,0,Surged Additional 50% Reduction,Belize,BLZ,2020-07-04,v3
2020-02-15,ICU_demand,0,0,0,0,0,0,Surged Additional 50% Reduction,Belize,BLZ,2020-07-04,v3
2020-02-15,ICU_incidence,0,0,0,0,0,0,Surged Additional 50% Reduction,Belize,BLZ,2020-07-04,v3
2020-02-15,infections,0,0,0,0.64,1,2,Surged Additional 50% Reduction,Belize,BLZ,2020-07-04,v3
2020-02-15,Rt,2.31,2.63,2.91,3.03,3.34,4.45,Surged Additional 50% Reduction,Belize,BLZ,2020-07-04,v3
2020-02-15,cumulative_infections,0,0,1,1,2,2,Surged Maintain Status Quo,Belize,BLZ,2020-07-04,v3
2020-02-15,deaths,0,0,0,0,0,0,Surged Maintain Status Quo,Belize,BLZ,2020-07-04,v3
2020-02-15,hospital_demand,0,0,0,0,0,0,Surged Maintain Status Quo,Belize,BLZ,2020-07-04,v3
2020-02-15,hospital_incidence,0,0,0,0,0,0,Surged Maintain Status Quo,Belize,BLZ,2020-07-04,v3
2020-02-15,ICU_demand,0,0,0,0,0,0,Surged Maintain Status Quo,Belize,BLZ,2020-07-04,v3
2020-02-15,ICU_incidence,0,0,0,0,0,0,Surged Maintain Status Quo,Belize,BLZ,2020-07-04,v3
2020-02-15,infections,0,0,0,0.64,1,2,Surged Maintain Status Quo,Belize,BLZ,2020-07-04,v3
2020-02-15,Rt,2.31,2.63,2.91,3.03,3.34,4.45,Surged Maintain Status Quo,Belize,BLZ,2020-07-04,v3
2020-02-15,cumulative_infections,0,0,1,1,2,2,Surged Relax Interventions 50%,Belize,BLZ,2020-07-04,v3
2020-02-15,deaths,0,0,0,0,0,0,Surged Relax Interventions 50%,Belize,BLZ,2020-07-04,v3
2020-02-15,hospital_demand,0,0,0,0,0,0,Surged Relax Interventions 50%,Belize,BLZ,2020-07-04,v3
2020-02-15,hospital_incidence,0,0,0,0,0,0,Surged Relax Interventions 50%,Belize,BLZ,2020-07-04,v3
2020-02-15,ICU_demand,0,0,0,0,0,0,Surged Relax Interventions 50%,Belize,BLZ,2020-07-04,v3
2020-02-15,ICU_incidence,0,0,0,0,0,0,Surged Relax Interventions 50%,Belize,BLZ,2020-07-04,v3
2020-02-15,infections,0,0,0,0.64,1,2,Surged Relax Interventions 50%,Belize,BLZ,2020-07-04,v3
2020-02-15,Rt,2.31,2.63,2.91,3.03,3.34,4.45,Surged Relax Interventions 50%,Belize,BLZ,2020-07-04,v3
2020-02-16,cumulative_infections,0,1,2,2.3,3.5,6,Additional 50% Reduction,Belize,BLZ,2020-07-04,v3
2020-02-16,deaths,0,0,0,0,0,0,Additional 50% Reduction,Belize,BLZ,2020-07-04,v3
2020-02-16,hospital_demand,0,0,0,0,0,0,Additional 50% Reduction,Belize,BLZ,2020-07-04,v3
2020-02-16,hospital_incidence,0,0,0,0,0,0,Additional 50% Reduction,Belize,BLZ,2020-07-04,v3
2020-02-16,ICU_demand,0,0,0,0,0,0,Additional 50% Reduction,Belize,BLZ,2020-07-04,v3
2020-02-16,ICU_incidence,0,0,0,0,0,0,Additional 50% Reduction,Belize,BLZ,2020-07-04,v3
2020-02-16,infections,0,0,1,0.83,1,2,Additional 50% Reduction,Belize,BLZ,2020-07-04,v3
2020-02-16,Rt,2.13,2.52,2.83,3.01,3.44,4.6,Additional 50% Reduction,Belize,BLZ,2020-07-04,v3
2020-02-16,cumulative_infections,0,1,2,2.3,3.5,6,Maintain Status Quo,Belize,BLZ,2020-07-04,v3
2020-02-16,deaths,0,0,0,0,0,0,Maintain Status Quo,Belize,BLZ,2020-07-04,v3
2020-02-16,hospital_demand,0,0,0,0,0,0,Maintain Status Quo,Belize,BLZ,2020-07-04,v3
2020-02-16,hospital_incidence,0,0,0,0,0,0,Maintain Status Quo,Belize,BLZ,2020-07-04,v3
2020-02-16,ICU_demand,0,0,0,0,0,0,Maintain Status Quo,Belize,BLZ,2020-07-04,v3
2020-02-16,ICU_incidence,0,0,0,0,0,0,Maintain Status Quo,Belize,BLZ,2020-07-04,v3
2020-02-16,infections,0,0,1,0.83,1,2,Maintain Status Quo,Belize,BLZ,2020-07-04,v3
2020-02-16,Rt,2.13,2.52,2.83,3.01,3.44,4.6,Maintain Status Quo,Belize,BLZ,2020-07-04,v3
2020-02-16,cumulative_infections,0,1,2,2.3,3.5,6,Relax Interventions 50%,Belize,BLZ,2020-07-04,v3
2020-02-16,deaths,0,0,0,0,0,0,Relax Interventions 50%,Belize,BLZ,2020-07-04,v3
2020-02-16,hospital_demand,0,0,0,0,0,0,Relax Interventions 50%,Belize,BLZ,2020-07-04,v3
2020-02-16,hospital_incidence,0,0,0,0,0,0,Relax Interventions 50%,Belize,BLZ,2020-07-04,v3
2020-02-16,ICU_demand,0,0,0,0,0,0,Relax Interventions 50%,Belize,BLZ,2020-07-04,v3
2020-02-16,ICU_incidence,0,0,0,0,0,0,Relax Interventions 50%,Belize,BLZ,2020-07-04,v3
2020-02-16,infections,0,0,1,0.83,1,2,Relax Interventions 50%,Belize,BLZ,2020-07-04,v3
2020-02-16,Rt,2.13,2.52,2.83,3.01,3.44,4.6,Relax Interventions 50%,Belize,BLZ,2020-07-04,v3
2020-02-16,cumulative_infections,0,0.25,1,1.33,2,3.57,Surged Additional 50% Reduction,Belize,BLZ,2020-07-04,v3
2020-02-16,deaths,0,0,0,0,0,0,Surged Additional 50% Reduction,Belize,BLZ,2020-07-04,v3
2020-02-16,hospital_demand,0,0,0,0,0,0,Surged Additional 50% Reduction,Belize,BLZ,2020-07-04,v3
2020-02-16,hospital_incidence,0,0,0,0,0,0,Surged Additional 50% Reduction,Belize,BLZ,2020-07-04,v3
2020-02-16,ICU_demand,0,0,0,0,0,0,Surged Additional 50% Reduction,Belize,BLZ,2020-07-04,v3
2020-02-16,ICU_incidence,0,0,0,0,0,0,Surged Additional 50% Reduction,Belize,BLZ,2020-07-04,v3
2020-02-16,infections,0,0,1,0.72,1,2,Surged Additional 50% Reduction,Belize,BLZ,2020-07-04,v3
2020-02-16,Rt,2.29,2.54,2.84,3,3.34,4.45,Surged Additional 50% Reduction,Belize,BLZ,2020-07-04,v3
2020-02-16,cumulative_infections,0,0.25,1,1.33,2,3.57,Surged Maintain Status Quo,Belize,BLZ,2020-07-04,v3
2020-02-16,deaths,0,0,0,0,0,0,Surged Maintain Status Quo,Belize,BLZ,2020-07-04,v3
2020-02-16,hospital_demand,0,0,0,0,0,0,Surged Maintain Status Quo,Belize,BLZ,2020-07-04,v3
2020-02-16,hospital_incidence,0,0,0,0,0,0,Surged Maintain Status Quo,Belize,BLZ,2020-07-04,v3
2020-02-16,ICU_demand,0,0,0,0,0,0,Surged Maintain Status Quo,Belize,BLZ,2020-07-04,v3
2020-02-16,ICU_incidence,0,0,0,0,0,0,Surged Maintain Status Quo,Belize,BLZ,2020-07-04,v3
2020-02-16,infections,0,0,1,0.72,1,2,Surged Maintain Status Quo,Belize,BLZ,2020-07-04,v3
2020-02-16,Rt,2.29,2.54,2.84,3,3.34,4.45,Surged Maintain Status Quo,Belize,BLZ,2020-07-04,v3
2020-02-16,cumulative_infections,0,0.25,1,1.33,2,3.57,Surged Relax Interventions 50%,Belize,BLZ,2020-07-04,v3
2020-02-16,deaths,0,0,0,0,0,0,Surged Relax Interventions 50%,Belize,BLZ,2020-07-04,v3
2020-02-16,hospital_demand,0,0,0,0,0,0,Surged Relax Interventions 50%,Belize,BLZ,2020-07-04,v3
2020-02-16,hospital_incidence,0,0,0,0,0,0,Surged Relax Interventions 50%,Belize,BLZ,2020-07-04,v3
2020-02-16,ICU_demand,0,0,0,0,0,0,Surged Relax Interventions 50%,Belize,BLZ,2020-07-04,v3
2020-02-16,ICU_incidence,0,0,0,0,0,0,Surged Relax Interventions 50%,Belize,BLZ,2020-07-04,v3
2020-02-16,infections,0,0,1,0.72,1,2,Surged Relax Interventions 50%,Belize,BLZ,2020-07-04,v3
2020-02-16,Rt,2.29,2.54,2.84,3,3.34,4.45,Surged Relax Interventions 50%,Belize,BLZ,2020-07-04,v3
2020-02-17,cumulative_infections,0,1,2,2.78,3.5,7,Additional 50% Reduction,Belize,BLZ,2020-07-04,v3
2020-02-17,deaths,0,0,0,0,0,0,Additional 50% Reduction,Belize,BLZ,2020-07-04,v3
2020-02-17,hospital_demand,0,0,0,0.03,0,0.3,Additional 50% Reduction,Belize,BLZ,2020-07-04,v3
2020-02-17,hospital_incidence,0,0,0,0,0,0,Additional 50% Reduction,Belize,BLZ,2020-07-04,v3
2020-02-17,ICU_demand,0,0,0,0,0,0,Additional 50% Reduction,Belize,BLZ,2020-07-04,v3
2020-02-17,ICU_incidence,0,0,0,0,0,0,Additional 50% Reduction,Belize,BLZ,2020-07-04,v3
2020-02-17,infections,0,0,1,0.81,1,2,Additional 50% Reduction,Belize,BLZ,2020-07-04,v3
2020-02-17,Rt,2.03,2.36,2.76,2.94,3.44,4.6,Additional 50% Reduction,Belize,BLZ,2020-07-04,v3
2020-02-17,cumulative_infections,0,1,2,2.78,3.5,7,Maintain Status Quo,Belize,BLZ,2020-07-04,v3
2020-02-17,deaths,0,0,0,0,0,0,Maintain Status Quo,Belize,BLZ,2020-07-04,v3
2020-02-17,hospital_demand,0,0,0,0.03,0,0.3,Maintain Status Quo,Belize,BLZ,2020-07-04,v3
2020-02-17,hospital_incidence,0,0,0,0,0,0,Maintain Status Quo,Belize,BLZ,2020-07-04,v3
2020-02-17,ICU_demand,0,0,0,0,0,0,Maintain Status Quo,Belize,BLZ,2020-07-04,v3
2020-02-17,ICU_incidence,0,0,0,0,0,0,Maintain Status Quo,Belize,BLZ,2020-07-04,v3
2020-02-17,infections,0,0,1,0.81,1,2,Maintain Status Quo,Belize,BLZ,2020-07-04,v3
2020-02-17,Rt,2.03,2.36,2.76,2.94,3.44,4.6,Maintain Status Quo,Belize,BLZ,2020-07-04,v3
2020-02-17,cumulative_infections,0,1,2,2.78,3.5,7,Relax Interventions 50%,Belize,BLZ,2020-07-04,v3
2020-02-17,deaths,0,0,0,0,0,0,Relax Interventions 50%,Belize,BLZ,2020-07-04,v3
2020-02-17,hospital_demand,0,0,0,0.03,0,0.3,Relax Interventions 50%,Belize,BLZ,2020-07-04,v3
2020-02-17,hospital_incidence,0,0,0,0,0,0,Relax Interventions 50%,Belize,BLZ,2020-07-04,v3
2020-02-17,ICU_demand,0,0,0,0,0,0,Relax Interventions 50%,Belize,BLZ,2020-07-04,v3
2020-02-17,ICU_incidence,0,0,0,0,0,0,Relax Interventions 50%,Belize,BLZ,2020-07-04,v3
2020-02-17,infections,0,0,1,0.81,1,2,Relax Interventions 50%,Belize,BLZ,2020-07-04,v3
2020-02-17,Rt,2.03,2.36,2.76,2.94,3.44,4.6,Relax Interventions 50%,Belize,BLZ,2020-07-04,v3
2020-02-17,cumulative_infections,0,0,1,1.58,3,5,Surged Additional 50% Reduction,Belize,BLZ,2020-07-04,v3
2020-02-17,deaths,0,0,0,0,0,0,Surged Additional 50% Reduction,Belize,BLZ,2020-07-04,v3
2020-02-17,hospital_demand,0,0,0,0,0,0,Surged Additional 50% Reduction,Belize,BLZ,2020-07-04,v3
2020-02-17,hospital_incidence,0,0,0,0,0,0,Surged Additional 50% Reduction,Belize,BLZ,2020-07-04,v3
2020-02-17,ICU_demand,0,0,0,0,0,0,Surged Additional 50% Reduction,Belize,BLZ,2020-07-04,v3
2020-02-17,ICU_incidence,0,0,0,0,0,0,Surged Additional 50% Reduction,Belize,BLZ,2020-07-04,v3
2020-02-17,infections,0,0,0,0.65,1,2.38,Surged Additional 50% Reduction,Belize,BLZ,2020-07-04,v3
2020-02-17,Rt,2.14,2.42,2.76,2.93,3.32,4.45,Surged Additional 50% Reduction,Belize,BLZ,2020-07-04,v3
2020-02-17,cumulative_infections,0,0,1,1.58,3,5,Surged Maintain Status Quo,Belize,BLZ,2020-07-04,v3
2020-02-17,deaths,0,0,0,0,0,0,Surged Maintain Status Quo,Belize,BLZ,2020-07-04,v3
2020-02-17,hospital_demand,0,0,0,0,0,0,Surged Maintain Status Quo,Belize,BLZ,2020-07-04,v3
2020-02-17,hospital_incidence,0,0,0,0,0,0,Surged Maintain Status Quo,Belize,BLZ,2020-07-04,v3
2020-02-17,ICU_demand,0,0,0,0,0,0,Surged Maintain Status Quo,Belize,BLZ,2020-07-04,v3
2020-02-17,ICU_incidence,0,0,0,0,0,0,Surged Maintain Status Quo,Belize,BLZ,2020-07-04,v3
2020-02-17,infections,0,0,0,0.65,1,2.38,Surged Maintain Status Quo,Belize,BLZ,2020-07-04,v3
2020-02-17,Rt,2.14,2.42,2.76,2.93,3.32,4.45,Surged Maintain Status Quo,Belize,BLZ,2020-07-04,v3
2020-02-17,cumulative_infections,0,0,1,1.58,3,5,Surged Relax Interventions 50%,Belize,BLZ,2020-07-04,v3
2020-02-17,deaths,0,0,0,0,0,0,Surged Relax Interventions 50%,Belize,BLZ,2020-07-04,v3
2020-02-17,hospital_demand,0,0,0,0,0,0,Surged Relax Interventions 50%,Belize,BLZ,2020-07-04,v3
2020-02-17,hospital_incidence,0,0,0,0,0,0,Surged Relax Interventions 50%,Belize,BLZ,2020-07-04,v3
2020-02-17,ICU_demand,0,0,0,0,0,0,Surged Relax Interventions 50%,Belize,BLZ,2020-07-04,v3
2020-02-17,ICU_incidence,0,0,0,0,0,0,Surged Relax Interventions 50%,Belize,BLZ,2020-07-04,v3
2020-02-17,infections,0,0,0,0.65,1,2.38,Surged Relax Interventions 50%,Belize,BLZ,2020-07-04,v3
2020-02-17,Rt,2.14,2.42,2.76,2.93,3.32,4.45,Surged Relax Interventions 50%,Belize,BLZ,2020-07-04,v3
2020-02-18,cumulative_infections,0,2,3,3.59,4,8.6,Additional 50% Reduction,Belize,BLZ,2020-07-04,v3
2020-02-18,deaths,0,0,0,0,0,0,Additional 50% Reduction,Belize,BLZ,2020-07-04,v3
2020-02-18,hospital_demand,0,0,0,0.06,0,1,Additional 50% Reduction,Belize,BLZ,2020-07-04,v3
2020-02-18,hospital_incidence,0,0,0,0,0,0,Additional 50% Reduction,Belize,BLZ,2020-07-04,v3
2020-02-18,ICU_demand,0,0,0,0,0,0,Additional 50% Reduction,Belize,BLZ,2020-07-04,v3
2020-02-18,ICU_incidence,0,0,0,0,0,0,Additional 50% Reduction,Belize,BLZ,2020-07-04,v3
2020-02-18,infections,0,0,1,1,2,3,Additional 50% Reduction,Belize,BLZ,2020-07-04,v3
2020-02-18,Rt,2.03,2.36,2.76,2.94,3.44,4.6,Additional 50% Reduction,Belize,BLZ,2020-07-04,v3
2020-02-18,cumulative_infections,0,2,3,3.59,4,8.6,Maintain Status Quo,Belize,BLZ,2020-07-04,v3
2020-02-18,deaths,0,0,0,0,0,0,Maintain Status Quo,Belize,BLZ,2020-07-04,v3
2020-02-18,hospital_demand,0,0,0,0.06,0,1,Maintain Status Quo,Belize,BLZ,2020-07-04,v3
2020-02-18,hospital_incidence,0,0,0,0,0,0,Maintain Status Quo,Belize,BLZ,2020-07-04,v3
2020-02-18,ICU_demand,0,0,0,0,0,0,Maintain Status Quo,Belize,BLZ,2020-07-04,v3
2020-02-18,ICU_incidence,0,0,0,0,0,0,Maintain Status Quo,Belize,BLZ,2020-07-04,v3
2020-02-18,infections,0,0,1,1,2,3,Maintain Status Quo,Belize,BLZ,2020-07-04,v3
2020-02-18,Rt,2.03,2.36,2.76,2.94,3.44,4.6,Maintain Status Quo,Belize,BLZ,2020-07-04,v3
2020-02-18,cumulative_infections,0,2,3,3.59,4,8.6,Relax Interventions 50%,Belize,BLZ,2020-07-04,v3
2020-02-18,deaths,0,0,0,0,0,0,Relax Interventions 50%,Belize,BLZ,2020-07-04,v3
2020-02-18,hospital_demand,0,0,0,0.06,0,1,Relax Interventions 50%,Belize,BLZ,2020-07-04,v3
2020-02-18,hospital_incidence,0,0,0,0,0,0,Relax Interventions 50%,Belize,BLZ,2020-07-04,v3
2020-02-18,ICU_demand,0,0,0,0,0,0,Relax Interventions 50%,Belize,BLZ,2020-07-04,v3
2020-02-18,ICU_incidence,0,0,0,0,0,0,Relax Interventions 50%,Belize,BLZ,2020-07-04,v3
2020-02-18,infections,0,0,1,1,2,3,Relax Interventions 50%,Belize,BLZ,2020-07-04,v3
2020-02-18,Rt,2.03,2.36,2.76,2.94,3.44,4.6,Relax Interventions 50%,Belize,BLZ,2020-07-04,v3
2020-02-18,cumulative_infections,0.65,1,2,2.56,4,6,Surged Additional 50% Reduction,Belize,BLZ,2020-07-04,v3
2020-02-18,deaths,0,0,0,0,0,0,Surged Additional 50% Reduction,Belize,BLZ,2020-07-04,v3
2020-02-18,hospital_demand,0,0,0,0,0,0,Surged Additional 50% Reduction,Belize,BLZ,2020-07-04,v3
2020-02-18,hospital_incidence,0,0,0,0,0,0,Surged Additional 50% Reduction,Belize,BLZ,2020-07-04,v3
2020-02-18,ICU_demand,0,0,0,0,0,0,Surged Additional 50% Reduction,Belize,BLZ,2020-07-04,v3
2020-02-18,ICU_incidence,0,0,0,0,0,0,Surged Additional 50% Reduction,Belize,BLZ,2020-07-04,v3
2020-02-18,infections,0,0,1,1.04,1,3.7,Surged Additional 50% Reduction,Belize,BLZ,2020-07-04,v3
2020-02-18,Rt,2.14,2.42,2.76,2.93,3.32,4.45,Surged Additional 50% Reduction,Belize,BLZ,2020-07-04,v3
2020-02-18,cumulative_infections,0.65,1,2,2.56,4,6,Surged Maintain Status Quo,Belize,BLZ,2020-07-04,v3
2020-02-18,deaths,0,0,0,0,0,0,Surged Maintain Status Quo,Belize,BLZ,2020-07-04,v3
2020-02-18,hospital_demand,0,0,0,0,0,0,Surged Maintain Status Quo,Belize,BLZ,2020-07-04,v3
2020-02-18,hospital_incidence,0,0,0,0,0,0,Surged Maintain Status Quo,Belize,BLZ,2020-07-04,v3
2020-02-18,ICU_demand,0,0,0,0,0,0,Surged Maintain Status Quo,Belize,BLZ,2020-07-04,v3
2020-02-18,ICU_incidence,0,0,0,0,0,0,Surged Maintain Status Quo,Belize,BLZ,2020-07-04,v3
2020-02-18,infections,0,0,1,1.04,1,3.7,Surged Maintain Status Quo,Belize,BLZ,2020-07-04,v3
2020-02-18,Rt,2.14,2.42,2.76,2.93,3.32,4.45,Surged Maintain Status Quo,Belize,BLZ,2020-07-04,v3
2020-02-18,cumulative_infections,0.65,1,2,2.56,4,6,Surged Relax Interventions 50%,Belize,BLZ,2020-07-04,v3
2020-02-18,deaths,0,0,0,0,0,0,Surged Relax Interventions 50%,Belize,BLZ,2020-07-04,v3
2020-02-18,hospital_demand,0,0,0,0,0,0,Surged Relax Interventions 50%,Belize,BLZ,2020-07-04,v3
2020-02-18,hospital_incidence,0,0,0,0,0,0,Surged Relax Interventions 50%,Belize,BLZ,2020-07-04,v3
2020-02-18,ICU_demand,0,0,0,0,0,0,Surged Relax Interventions 50%,Belize,BLZ,2020-07-04,v3
2020-02-18,ICU_incidence,0,0,0,0,0,0,Surged Relax Interventions 50%,Belize,BLZ,2020-07-04,v3
2020-02-18,infections,0,0,1,1.04,1,3.7,Surged Relax Interventions 50%,Belize,BLZ,2020-07-04,v3
2020-02-18,Rt,2.14,2.42,2.76,2.93,3.32,4.45,Surged Relax Interventions 50%,Belize,BLZ,2020-07-04,v3
2020-02-19,cumulative_infections,0,2.5,4,4.74,6.5,10.5,Additional 50% Reduction,Belize,BLZ,2020-07-04,v3
2020-02-19,deaths,0,0,0,0,0,0,Additional 50% Reduction,Belize,BLZ,2020-07-04,v3
2020-02-19,hospital_demand,0,0,0,0.05,0,1,Additional 50% Reduction,Belize,BLZ,2020-07-04,v3
2020-02-19,hospital_incidence,0,0,0,0,0,0,Additional 50% Reduction,Belize,BLZ,2020-07-04,v3
2020-02-19,ICU_demand,0,0,0,0,0,0,Additional 50% Reduction,Belize,BLZ,2020-07-04,v3
2020-02-19,ICU_incidence,0,0,0,0,0,0,Additional 50% Reduction,Belize,BLZ,2020-07-04,v3
2020-02-19,infections,0,0,1,1.39,2,4.25,Additional 50% Reduction,Belize,BLZ,2020-07-04,v3
2020-02-19,Rt,1.96,2.33,2.76,2.91,3.44,4.6,Additional 50% Reduction,Belize,BLZ,2020-07-04,v3
2020-02-19,cumulative_infections,0,2.5,4,4.74,6.5,10.5,Maintain Status Quo,Belize,BLZ,2020-07-04,v3
2020-02-19,deaths,0,0,0,0,0,0,Maintain Status Quo,Belize,BLZ,2020-07-04,v3
2020-02-19,hospital_demand,0,0,0,0.05,0,1,Maintain Status Quo,Belize,BLZ,2020-07-04,v3
2020-02-19,hospital_incidence,0,0,0,0,0,0,Maintain Status Quo,Belize,BLZ,2020-07-04,v3
2020-02-19,ICU_demand,0,0,0,0,0,0,Maintain Status Quo,Belize,BLZ,2020-07-04,v3
2020-02-19,ICU_incidence,0,0,0,0,0,0,Maintain Status Quo,Belize,BLZ,2020-07-04,v3
2020-02-19,infections,0,0,1,1.39,2,4.25,Maintain Status Quo,Belize,BLZ,2020-07-04,v3
2020-02-19,Rt,1.96,2.33,2.76,2.91,3.44,4.6,Maintain Status Quo,Belize,BLZ,2020-07-04,v3
2020-02-19,cumulative_infections,0,2.5,4,4.74,6.5,10.5,Relax Interventions 50%,Belize,BLZ,2020-07-04,v3
2020-02-19,deaths,0,0,0,0,0,0,Relax Interventions 50%,Belize,BLZ,2020-07-04,v3
2020-02-19,hospital_demand,0,0,0,0.05,0,1,Relax Interventions 50%,Belize,BLZ,2020-07-04,v3
2020-02-19,hospital_incidence,0,0,0,0,0,0,Relax Interventions 50%,Belize,BLZ,2020-07-04,v3
2020-02-19,ICU_demand,0,0,0,0,0,0,Relax Interventions 50%,Belize,BLZ,2020-07-04,v3
2020-02-19,ICU_incidence,0,0,0,0,0,0,Relax Interventions 50%,Belize,BLZ,2020-07-04,v3
2020-02-19,infections,0,0,1,1.39,2,4.25,Relax Interventions 50%,Belize,BLZ,2020-07-04,v3
2020-02-19,Rt,1.96,2.33,2.76,2.91,3.44,4.6,Relax Interventions 50%,Belize,BLZ,2020-07-04,v3
2020-02-19,cumulative_infections,0,1,3,3.18,5,9.2,Surged Additional 50% Reduction,Belize,BLZ,2020-07-04,v3
2020-02-19,deaths,0,0,0,0,0,0,Surged Additional 50% Reduction,Belize,BLZ,2020-07-04,v3
2020-02-19,hospital_demand,0,0,0,0,0,0,Surged Additional 50% Reduction,Belize,BLZ,2020-07-04,v3
2020-02-19,hospital_incidence,0,0,0,0,0,0,Surged Additional 50% Reduction,Belize,BLZ,2020-07-04,v3
2020-02-19,ICU_demand,0,0,0,0,0,0,Surged Additional 50% Reduction,Belize,BLZ,2020-07-04,v3
2020-02-19,ICU_incidence,0,0,0,0,0,0,Surged Additional 50% Reduction,Belize,BLZ,2020-07-04,v3
2020-02-19,infections,0,0,1,1.09,2,3.2,Surged Additional 50% Reduction,Belize,BLZ,2020-07-04,v3
2020-02-19,Rt,2.09,2.36,2.74,2.9,3.32,4.45,Surged Additional 50% Reduction,Belize,BLZ,2020-07-04,v3
2020-02-19,cumulative_infections,0,1,3,3.18,5,9.2,Surged Maintain Status Quo,Belize,BLZ,2020-07-04,v3
2020-02-19,deaths,0,0,0,0,0,0,Surged Maintain Status Quo,Belize,BLZ,2020-07-04,v3
2020-02-19,hospital_demand,0,0,0,0,0,0,Surged Maintain Status Quo,Belize,BLZ,2020-07-04,v3
2020-02-19,hospital_incidence,0,0,0,0,0,0,Surged Maintain Status Quo,Belize,BLZ,2020-07-04,v3
2020-02-19,ICU_demand,0,0,0,0,0,0,Surged Maintain Status Quo,Belize,BLZ,2020-07-04,v3
2020-02-19,ICU_incidence,0,0,0,0,0,0,Surged Maintain Status Quo,Belize,BLZ,2020-07-04,v3
2020-02-19,infections,0,0,1,1.09,2,3.2,Surged Maintain Status Quo,Belize,BLZ,2020-07-04,v3
2020-02-19,Rt,2.09,2.36,2.74,2.9,3.32,4.45,Surged Maintain Status Quo,Belize,BLZ,2020-07-04,v3
2020-02-19,cumulative_infections,0,1,3,3.18,5,9.2,Surged Relax Interventions 50%,Belize,BLZ,2020-07-04,v3
2020-02-19,deaths,0,0,0,0,0,0,Surged Relax Interventions 50%,Belize,BLZ,2020-07-04,v3
2020-02-19,hospital_demand,0,0,0,0,0,0,Surged Relax Interventions 50%,Belize,BLZ,2020-07-04,v3
2020-02-19,hospital_incidence,0,0,0,0,0,0,Surged Relax Interventions 50%,Belize,BLZ,2020-07-04,v3
2020-02-19,ICU_demand,0,0,0,0,0,0,Surged Relax Interventions 50%,Belize,BLZ,2020-07-04,v3
2020-02-19,ICU_incidence,0,0,0,0,0,0,Surged Relax Interventions 50%,Belize,BLZ,2020-07-04,v3
2020-02-19,infections,0,0,1,1.09,2,3.2,Surged Relax Interventions 50%,Belize,BLZ,2020-07-04,v3
2020-02-19,Rt,2.09,2.36,2.74,2.9,3.32,4.45,Surged Relax Interventions 50%,Belize,BLZ,2020-07-04,v3
2020-02-20,cumulative_infections,0,1,5,5.22,8,13,Additional 50% Reduction,Belize,BLZ,2020-07-04,v3
2020-02-20,deaths,0,0,0,0,0,0,Additional 50% Reduction,Belize,BLZ,2020-07-04,v3
2020-02-20,hospital_demand,0,0,0,0.07,0,1,Additional 50% Reduction,Belize,BLZ,2020-07-04,v3
2020-02-20,hospital_incidence,0,0,0,0,0,0,Additional 50% Reduction,Belize,BLZ,2020-07-04,v3
2020-02-20,ICU_demand,0,0,0,0,0,0,Additional 50% Reduction,Belize,BLZ,2020-07-04,v3
2020-02-20,ICU_incidence,0,0,0,0,0,0,Additional 50% Reduction,Belize,BLZ,2020-07-04,v3
2020-02-20,infections,0,0,1,1.24,2,4.1,Additional 50% Reduction,Belize,BLZ,2020-07-04,v3
2020-02-20,Rt,1.96,2.33,2.76,2.91,3.44,4.6,Additional 50% Reduction,Belize,BLZ,2020-07-04,v3
2020-02-20,cumulative_infections,0,1,5,5.22,8,13,Maintain Status Quo,Belize,BLZ,2020-07-04,v3
2020-02-20,deaths,0,0,0,0,0,0,Maintain Status Quo,Belize,BLZ,2020-07-04,v3
2020-02-20,hospital_demand,0,0,0,0.07,0,1,Maintain Status Quo,Belize,BLZ,2020-07-04,v3
2020-02-20,hospital_incidence,0,0,0,0,0,0,Maintain Status Quo,Belize,BLZ,2020-07-04,v3
2020-02-20,ICU_demand,0,0,0,0,0,0,Maintain Status Quo,Belize,BLZ,2020-07-04,v3
2020-02-20,ICU_incidence,0,0,0,0,0,0,Maintain Status Quo,Belize,BLZ,2020-07-04,v3
2020-02-20,infections,0,0,1,1.24,2,4.1,Maintain Status Quo,Belize,BLZ,2020-07-04,v3
2020-02-20,Rt,1.96,2.33,2.76,2.91,3.44,4.6,Maintain Status Quo,Belize,BLZ,2020-07-04,v3
2020-02-20,cumulative_infections,0,1,5,5.22,8,13,Relax Interventions 50%,Belize,BLZ,2020-07-04,v3
2020-02-20,deaths,0,0,0,0,0,0,Relax Interventions 50%,Belize,BLZ,2020-07-04,v3
2020-02-20,hospital_demand,0,0,0,0.07,0,1,Relax Interventions 50%,Belize,BLZ,2020-07-04,v3
2020-02-20,hospital_incidence,0,0,0,0,0,0,Relax Interventions 50%,Belize,BLZ,2020-07-04,v3
2020-02-20,ICU_demand,0,0,0,0,0,0,Relax Interventions 50%,Belize,BLZ,2020-07-04,v3
2020-02-20,ICU_incidence,0,0,0,0,0,0,Relax Interventions 50%,Belize,BLZ,2020-07-04,v3
2020-02-20,infections,0,0,1,1.24,2,4.1,Relax Interventions 50%,Belize,BLZ,2020-07-04,v3
2020-02-20,Rt,1.96,2.33,2.76,2.91,3.44,4.6,Relax Interventions 50%,Belize,BLZ,2020-07-04,v3
2020-02-20,cumulative_infections,0,1,3,3.55,5,11.02,Surged Additional 50% Reduction,Belize,BLZ,2020-07-04,v3
2020-02-20,deaths,0,0,0,0,0,0,Surged Additional 50% Reduction,Belize,BLZ,2020-07-04,v3
2020-02-20,hospital_demand,0,0,0,0.05,0,0,Surged Additional 50% Reduction,Belize,BLZ,2020-07-04,v3
2020-02-20,hospital_incidence,0,0,0,0,0,0,Surged Additional 50% Reduction,Belize,BLZ,2020-07-04,v3
2020-02-20,ICU_demand,0,0,0,0,0,0,Surged Additional 50% Reduction,Belize,BLZ,2020-07-04,v3
2020-02-20,ICU_incidence,0,0,0,0,0,0,Surged Additional 50% Reduction,Belize,BLZ,2020-07-04,v3
2020-02-20,infections,0,0,1,0.92,1.25,3,Surged Additional 50% Reduction,Belize,BLZ,2020-07-04,v3
2020-02-20,Rt,2.09,2.36,2.74,2.9,3.32,4.45,Surged Additional 50% Reduction,Belize,BLZ,2020-07-04,v3
2020-02-20,cumulative_infections,0,1,3,3.55,5,11.02,Surged Maintain Status Quo,Belize,BLZ,2020-07-04,v3
2020-02-20,deaths,0,0,0,0,0,0,Surged Maintain Status Quo,Belize,BLZ,2020-07-04,v3
2020-02-20,hospital_demand,0,0,0,0.05,0,0,Surged Maintain Status Quo,Belize,BLZ,2020-07-04,v3
2020-02-20,hospital_incidence,0,0,0,0,0,0,Surged Maintain Status Quo,Belize,BLZ,2020-07-04,v3
2020-02-20,ICU_demand,0,0,0,0,0,0,Surged Maintain Status Quo,Belize,BLZ,2020-07-04,v3
2020-02-20,ICU_incidence,0,0,0,0,0,0,Surged Maintain Status Quo,Belize,BLZ,2020-07-04,v3
2020-02-20,infections,0,0,1,0.92,1.25,3,Surged Maintain Status Quo,Belize,BLZ,2020-07-04,v3
2020-02-20,Rt,2.09,2.36,2.74,2.9,3.32,4.45,Surged Maintain Status Quo,Belize,BLZ,2020-07-04,v3
2020-02-20,cumulative_infections,0,1,3,3.55,5,11.02,Surged Relax Interventions 50%,Belize,BLZ,2020-07-04,v3
2020-02-20,deaths,0,0,0,0,0,0,Surged Relax Interventions 50%,Belize,BLZ,2020-07-04,v3
2020-02-20,hospital_demand,0,0,0,0.05,0,0,Surged Relax Interventions 50%,Belize,BLZ,2020-07-04,v3
2020-02-20,hospital_incidence,0,0,0,0,0,0,Surged Relax Interventions 50%,Belize,BLZ,2020-07-04,v3
2020-02-20,ICU_demand,0,0,0,0,0,0,Surged Relax Interventions 50%,Belize,BLZ,2020-07-04,v3
2020-02-20,ICU_incidence,0,0,0,0,0,0,Surged Relax Interventions 50%,Belize,BLZ,2020-07-04,v3
2020-02-20,infections,0,0,1,0.92,1.25,3,Surged Relax Interventions 50%,Belize,BLZ,2020-07-04,v3
2020-02-20,Rt,2.09,2.36,2.74,2.9,3.32,4.45,Surged Relax Interventions 50%,Belize,BLZ,2020-07-04,v3
2020-02-21,cumulative_infections,0,1.25,6,5.69,8.75,14.95,Additional 50% Reduction,Belize,BLZ,2020-07-04,v3
2020-02-21,deaths,0,0,0,0,0,0,Additional 50% Reduction,Belize,BLZ,2020-07-04,v3
2020-02-21,hospital_demand,0,0,0,0.08,0,1,Additional 50% Reduction,Belize,BLZ,2020-07-04,v3
2020-02-21,hospital_incidence,0,0,0,0,0,0,Additional 50% Reduction,Belize,BLZ,2020-07-04,v3
2020-02-21,ICU_demand,0,0,0,0,0,0,Additional 50% Reduction,Belize,BLZ,2020-07-04,v3
2020-02-21,ICU_incidence,0,0,0,0,0,0,Additional 50% Reduction,Belize,BLZ,2020-07-04,v3
2020-02-21,infections,0,0,1,1.1,2,3.98,Additional 50% Reduction,Belize,BLZ,2020-07-04,v3
2020-02-21,Rt,1.97,2.34,2.76,2.92,3.44,4.6,Additional 50% Reduction,Belize,BLZ,2020-07-04,v3
2020-02-21,cumulative_infections,0,1.25,6,5.69,8.75,14.95,Maintain Status Quo,Belize,BLZ,2020-07-04,v3
2020-02-21,deaths,0,0,0,0,0,0,Maintain Status Quo,Belize,BLZ,2020-07-04,v3
2020-02-21,hospital_demand,0,0,0,0.08,0,1,Maintain Status Quo,Belize,BLZ,2020-07-04,v3
2020-02-21,hospital_incidence,0,0,0,0,0,0,Maintain Status Quo,Belize,BLZ,2020-07-04,v3
2020-02-21,ICU_demand,0,0,0,0,0,0,Maintain Status Quo,Belize,BLZ,2020-07-04,v3
2020-02-21,ICU_incidence,0,0,0,0,0,0,Maintain Status Quo,Belize,BLZ,2020-07-04,v3
2020-02-21,infections,0,0,1,1.1,2,3.98,Maintain Status Quo,Belize,BLZ,2020-07-04,v3
2020-02-21,Rt,1.97,2.34,2.76,2.92,3.44,4.6,Maintain Status Quo,Belize,BLZ,2020-07-04,v3
2020-02-21,cumulative_infections,0,1.25,6,5.69,8.75,14.95,Relax Interventions 50%,Belize,BLZ,2020-07-04,v3
2020-02-21,deaths,0,0,0,0,0,0,Relax Interventions 50%,Belize,BLZ,2020-07-04,v3
2020-02-21,hospital_demand,0,0,0,0.08,0,1,Relax Interventions 50%,Belize,BLZ,2020-07-04,v3
2020-02-21,hospital_incidence,0,0,0,0,0,0,Relax Interventions 50%,Belize,BLZ,2020-07-04,v3
2020-02-21,ICU_demand,0,0,0,0,0,0,Relax Interventions 50%,Belize,BLZ,2020-07-04,v3
2020-02-21,ICU_incidence,0,0,0,0,0,0,Relax Interventions 50%,Belize,BLZ,2020-07-04,v3
2020-02-21,infections,0,0,1,1.1,2,3.98,Relax Interventions 50%,Belize,BLZ,2020-07-04,v3
2020-02-21,Rt,1.97,2.34,2.76,2.92,3.44,4.6,Relax Interventions 50%,Belize,BLZ,2020-07-04,v3
2020-02-21,cumulative_infections,0,1,3.5,4.32,7.25,12.7,Surged Additional 50% Reduction,Belize,BLZ,2020-07-04,v3
2020-02-21,deaths,0,0,0,0,0,0,Surged Additional 50% Reduction,Belize,BLZ,2020-07-04,v3
2020-02-21,hospital_demand,0,0,0,0.04,0,0,Surged Additional 50% Reduction,Belize,BLZ,2020-07-04,v3
2020-02-21,hospital_incidence,0,0,0,0,0,0,Surged Additional 50% Reduction,Belize,BLZ,2020-07-04,v3
2020-02-21,ICU_demand,0,0,0,0,0,0,Surged Additional 50% Reduction,Belize,BLZ,2020-07-04,v3
2020-02-21,ICU_incidence,0,0,0,0,0,0,Surged Additional 50% Reduction,Belize,BLZ,2020-07-04,v3
2020-02-21,infections,0,0,1,1.09,2,3,Surged Additional 50% Reduction,Belize,BLZ,2020-07-04,v3
2020-02-21,Rt,2.1,2.37,2.75,2.9,3.32,4.45,Surged Additional 50% Reduction,Belize,BLZ,2020-07-04,v3
2020-02-21,cumulative_infections,0,1,3.5,4.32,7.25,12.7,Surged Maintain Status Quo,Belize,BLZ,2020-07-04,v3
2020-02-21,deaths,0,0,0,0,0,0,Surged Maintain Status Quo,Belize,BLZ,2020-07-04,v3
2020-02-21,hospital_demand,0,0,0,0.04,0,0,Surged Maintain Status Quo,Belize,BLZ,2020-07-04,v3
2020-02-21,hospital_incidence,0,0,0,0,0,0,Surged Maintain Status Quo,Belize,BLZ,2020-07-04,v3
2020-02-21,ICU_demand,0,0,0,0,0,0,Surged Maintain Status Quo,Belize,BLZ,2020-07-04,v3
2020-02-21,ICU_incidence,0,0,0,0,0,0,Surged Maintain Status Quo,Belize,BLZ,2020-07-04,v3
2020-02-21,infections,0,0,1,1.09,2,3,Surged Maintain Status Quo,Belize,BLZ,2020-07-04,v3
2020-02-21,Rt,2.1,2.37,2.75,2.9,3.32,4.45,Surged Maintain Status Quo,Belize,BLZ,2020-07-04,v3
2020-02-21,cumulative_infections,0,1,3.5,4.32,7.25,12.7,Surged Relax Interventions 50%,Belize,BLZ,2020-07-04,v3
2020-02-21,deaths,0,0,0,0,0,0,Surged Relax Interventions 50%,Belize,BLZ,2020-07-04,v3
2020-02-21,hospital_demand,0,0,0,0.04,0,0,Surged Relax Interventions 50%,Belize,BLZ,2020-07-04,v3
2020-02-21,hospital_incidence,0,0,0,0,0,0,Surged Relax Interventions 50%,Belize,BLZ,2020-07-04,v3
2020-02-21,ICU_demand,0,0,0,0,0,0,Surged Relax Interventions 50%,Belize,BLZ,2020-07-04,v3
2020-02-21,ICU_incidence,0,0,0,0,0,0,Surged Relax Interventions 50%,Belize,BLZ,2020-07-04,v3
2020-02-21,infections,0,0,1,1.09,2,3,Surged Relax Interventions 50%,Belize,BLZ,2020-07-04,v3
2020-02-21,Rt,2.1,2.37,2.75,2.9,3.32,4.45,Surged Relax Interventions 50%,Belize,BLZ,2020-07-04,v3
2020-02-22,cumulative_infections,0,1,6,6.17,10.25,18.47,Additional 50% Reduction,Belize,BLZ,2020-07-04,v3
2020-02-22,deaths,0,0,0,0,0,0,Additional 50% Reduction,Belize,BLZ,2020-07-04,v3
2020-02-22,hospital_demand,0,0,0,0.1,0,1,Additional 50% Reduction,Belize,BLZ,2020-07-04,v3
2020-02-22,hospital_incidence,0,0,0,0,0,0,Additional 50% Reduction,Belize,BLZ,2020-07-04,v3
2020-02-22,ICU_demand,0,0,0,0,0,0,Additional 50% Reduction,Belize,BLZ,2020-07-04,v3
2020-02-22,ICU_incidence,0,0,0,0,0,0,Additional 50% Reduction,Belize,BLZ,2020-07-04,v3
2020-02-22,infections,0,0,1,1.19,2,5,Additional 50% Reduction,Belize,BLZ,2020-07-04,v3
2020-02-22,Rt,2.06,2.5,2.85,3,3.44,4.6,Additional 50% Reduction,Belize,BLZ,2020-07-04,v3
2020-02-22,cumulative_infections,0,1,6,6.17,10.25,18.47,Maintain Status Quo,Belize,BLZ,2020-07-04,v3
2020-02-22,deaths,0,0,0,0,0,0,Maintain Status Quo,Belize,BLZ,2020-07-04,v3
2020-02-22,hospital_demand,0,0,0,0.1,0,1,Maintain Status Quo,Belize,BLZ,2020-07-04,v3
2020-02-22,hospital_incidence,0,0,0,0,0,0,Maintain Status Quo,Belize,BLZ,2020-07-04,v3
2020-02-22,ICU_demand,0,0,0,0,0,0,Maintain Status Quo,Belize,BLZ,2020-07-04,v3
2020-02-22,ICU_incidence,0,0,0,0,0,0,Maintain Status Quo,Belize,BLZ,2020-07-04,v3
2020-02-22,infections,0,0,1,1.19,2,5,Maintain Status Quo,Belize,BLZ,2020-07-04,v3
2020-02-22,Rt,2.06,2.5,2.85,3,3.44,4.6,Maintain Status Quo,Belize,BLZ,2020-07-04,v3
2020-02-22,cumulative_infections,0,1,6,6.17,10.25,18.47,Relax Interventions 50%,Belize,BLZ,2020-07-04,v3
2020-02-22,deaths,0,0,0,0,0,0,Relax Interventions 50%,Belize,BLZ,2020-07-04,v3
2020-02-22,hospital_demand,0,0,0,0.1,0,1,Relax Interventions 50%,Belize,BLZ,2020-07-04,v3
2020-02-22,hospital_incidence,0,0,0,0,0,0,Relax Interventions 50%,Belize,BLZ,2020-07-04,v3
2020-02-22,ICU_demand,0,0,0,0,0,0,Relax Interventions 50%,Belize,BLZ,2020-07-04,v3
2020-02-22,ICU_incidence,0,0,0,0,0,0,Relax Interventions 50%,Belize,BLZ,2020-07-04,v3
2020-02-22,infections,0,0,1,1.19,2,5,Relax Interventions 50%,Belize,BLZ,2020-07-04,v3
2020-02-22,Rt,2.06,2.5,2.85,3,3.44,4.6,Relax Interventions 50%,Belize,BLZ,2020-07-04,v3
2020-02-22,cumulative_infections,0,2,3,4.69,7.5,12.5,Surged Additional 50% Reduction,Belize,BLZ,2020-07-04,v3
2020-02-22,deaths,0,0,0,0,0,0,Surged Additional 50% Reduction,Belize,BLZ,2020-07-04,v3
2020-02-22,hospital_demand,0,0,0,0.03,0,0,Surged Additional 50% Reduction,Belize,BLZ,2020-07-04,v3
2020-02-22,hospital_incidence,0,0,0,0,0,0,Surged Additional 50% Reduction,Belize,BLZ,2020-07-04,v3
2020-02-22,ICU_demand,0,0,0,0.02,0,0,Surged Additional 50% Reduction,Belize,BLZ,2020-07-04,v3
2020-02-22,ICU_incidence,0,0,0,0,0,0,Surged Additional 50% Reduction,Belize,BLZ,2020-07-04,v3
2020-02-22,infections,0,0,1,0.96,1,2,Surged Additional 50% Reduction,Belize,BLZ,2020-07-04,v3
2020-02-22,Rt,2.23,2.52,2.85,2.99,3.32,4.45,Surged Additional 50% Reduction,Belize,BLZ,2020-07-04,v3
2020-02-22,cumulative_infections,0,2,3,4.69,7.5,12.5,Surged Maintain Status Quo,Belize,BLZ,2020-07-04,v3
2020-02-22,deaths,0,0,0,0,0,0,Surged Maintain Status Quo,Belize,BLZ,2020-07-04,v3
2020-02-22,hospital_demand,0,0,0,0.03,0,0,Surged Maintain Status Quo,Belize,BLZ,2020-07-04,v3
2020-02-22,hospital_incidence,0,0,0,0,0,0,Surged Maintain Status Quo,Belize,BLZ,2020-07-04,v3
2020-02-22,ICU_demand,0,0,0,0.02,0,0,Surged Maintain Status Quo,Belize,BLZ,2020-07-04,v3
2020-02-22,ICU_incidence,0,0,0,0,0,0,Surged Maintain Status Quo,Belize,BLZ,2020-07-04,v3
2020-02-22,infections,0,0,1,0.96,1,2,Surged Maintain Status Quo,Belize,BLZ,2020-07-04,v3
2020-02-22,Rt,2.23,2.52,2.85,2.99,3.32,4.45,Surged Maintain Status Quo,Belize,BLZ,2020-07-04,v3
2020-02-22,cumulative_infections,0,2,3,4.69,7.5,12.5,Surged Relax Interventions 50%,Belize,BLZ,2020-07-04,v3
2020-02-22,deaths,0,0,0,0,0,0,Surged Relax Interventions 50%,Belize,BLZ,2020-07-04,v3
2020-02-22,hospital_demand,0,0,0,0.03,0,0,Surged Relax Interventions 50%,Belize,BLZ,2020-07-04,v3
2020-02-22,hospital_incidence,0,0,0,0,0,0,Surged Relax Interventions 50%,Belize,BLZ,2020-07-04,v3
2020-02-22,ICU_demand,0,0,0,0.02,0,0,Surged Relax Interventions 50%,Belize,BLZ,2020-07-04,v3
2020-02-22,ICU_incidence,0,0,0,0,0,0,Surged Relax Interventions 50%,Belize,BLZ,2020-07-04,v3
2020-02-22,infections,0,0,1,0.96,1,2,Surged Relax Interventions 50%,Belize,BLZ,2020-07-04,v3
2020-02-22,Rt,2.23,2.52,2.85,2.99,3.32,4.45,Surged Relax Interventions 50%,Belize,BLZ,2020-07-04,v3
2020-02-23,cumulative_infections,0,2,7,7.76,12,21.6,Additional 50% Reduction,Belize,BLZ,2020-07-04,v3
2020-02-23,deaths,0,0,0,0,0,0,Additional 50% Reduction,Belize,BLZ,2020-07-04,v3
2020-02-23,hospital_demand,0,0,0,0.07,0,1,Additional 50% Reduction,Belize,BLZ,2020-07-04,v3
2020-02-23,hospital_incidence,0,0,0,0,0,0,Additional 50% Reduction,Belize,BLZ,2020-07-04,v3
2020-02-23,ICU_demand,0,0,0,0,0,0,Additional 50% Reduction,Belize,BLZ,2020-07-04,v3
2020-02-23,ICU_incidence,0,0,0,0,0,0,Additional 50% Reduction,Belize,BLZ,2020-07-04,v3
2020-02-23,infections,0,1,1,1.71,2,4,Additional 50% Reduction,Belize,BLZ,2020-07-04,v3
2020-02-23,Rt,2.21,2.65,2.98,3.09,3.45,4.6,Additional 50% Reduction,Belize,BLZ,2020-07-04,v3
2020-02-23,cumulative_infections,0,2,7,7.76,12,21.6,Maintain Status Quo,Belize,BLZ,2020-07-04,v3
2020-02-23,deaths,0,0,0,0,0,0,Maintain Status Quo,Belize,BLZ,2020-07-04,v3
2020-02-23,hospital_demand,0,0,0,0.07,0,1,Maintain Status Quo,Belize,BLZ,2020-07-04,v3
2020-02-23,hospital_incidence,0,0,0,0,0,0,Maintain Status Quo,Belize,BLZ,2020-07-04,v3
2020-02-23,ICU_demand,0,0,0,0,0,0,Maintain Status Quo,Belize,BLZ,2020-07-04,v3
2020-02-23,ICU_incidence,0,0,0,0,0,0,Maintain Status Quo,Belize,BLZ,2020-07-04,v3
2020-02-23,infections,0,1,1,1.71,2,4,Maintain Status Quo,Belize,BLZ,2020-07-04,v3
2020-02-23,Rt,2.21,2.65,2.98,3.09,3.45,4.6,Maintain Status Quo,Belize,BLZ,2020-07-04,v3
2020-02-23,cumulative_infections,0,2,7,7.76,12,21.6,Relax Interventions 50%,Belize,BLZ,2020-07-04,v3
2020-02-23,deaths,0,0,0,0,0,0,Relax Interventions 50%,Belize,BLZ,2020-07-04,v3
2020-02-23,hospital_demand,0,0,0,0.07,0,1,Relax Interventions 50%,Belize,BLZ,2020-07-04,v3
2020-02-23,hospital_incidence,0,0,0,0,0,0,Relax Interventions 50%,Belize,BLZ,2020-07-04,v3
2020-02-23,ICU_demand,0,0,0,0,0,0,Relax Interventions 50%,Belize,BLZ,2020-07-04,v3
2020-02-23,ICU_incidence,0,0,0,0,0,0,Relax Interventions 50%,Belize,BLZ,2020-07-04,v3
2020-02-23,infections,0,1,1,1.71,2,4,Relax Interventions 50%,Belize,BLZ,2020-07-04,v3
2020-02-23,Rt,2.21,2.65,2.98,3.09,3.45,4.6,Relax Interventions 50%,Belize,BLZ,2020-07-04,v3
2020-02-23,cumulative_infections,0,2.25,4.5,5.55,8,13,Surged Additional 50% Reduction,Belize,BLZ,2020-07-04,v3
2020-02-23,deaths,0,0,0,0,0,0,Surged Additional 50% Reduction,Belize,BLZ,2020-07-04,v3
2020-02-23,hospital_demand,0,0,0,0.03,0,0,Surged Additional 50% Reduction,Belize,BLZ,2020-07-04,v3
2020-02-23,hospital_incidence,0,0,0,0,0,0,Surged Additional 50% Reduction,Belize,BLZ,2020-07-04,v3
2020-02-23,ICU_demand,0,0,0,0.02,0,0,Surged Additional 50% Reduction,Belize,BLZ,2020-07-04,v3
2020-02-23,ICU_incidence,0,0,0,0,0,0,Surged Additional 50% Reduction,Belize,BLZ,2020-07-04,v3
2020-02-23,infections,0,1,1,1.43,2,4.57,Surged Additional 50% Reduction,Belize,BLZ,2020-07-04,v3
2020-02-23,Rt,2.37,2.68,3.02,3.1,3.39,4.45,Surged Additional 50% Reduction,Belize,BLZ,2020-07-04,v3
2020-02-23,cumulative_infections,0,2.25,4.5,5.55,8,13,Surged Maintain Status Quo,Belize,BLZ,2020-07-04,v3
2020-02-23,deaths,0,0,0,0,0,0,Surged Maintain Status Quo,Belize,BLZ,2020-07-04,v3
2020-02-23,hospital_demand,0,0,0,0.03,0,0,Surged Maintain Status Quo,Belize,BLZ,2020-07-04,v3
2020-02-23,hospital_incidence,0,0,0,0,0,0,Surged Maintain Status Quo,Belize,BLZ,2020-07-04,v3
2020-02-23,ICU_demand,0,0,0,0.02,0,0,Surged Maintain Status Quo,Belize,BLZ,2020-07-04,v3
2020-02-23,ICU_incidence,0,0,0,0,0,0,Surged Maintain Status Quo,Belize,BLZ,2020-07-04,v3
2020-02-23,infections,0,1,1,1.43,2,4.57,Surged Maintain Status Quo,Belize,BLZ,2020-07-04,v3
2020-02-23,Rt,2.37,2.68,3.02,3.1,3.39,4.45,Surged Maintain Status Quo,Belize,BLZ,2020-07-04,v3
2020-02-23,cumulative_infections,0,2.25,4.5,5.55,8,13,Surged Relax Interventions 50%,Belize,BLZ,2020-07-04,v3
2020-02-23,deaths,0,0,0,0,0,0,Surged Relax Interventions 50%,Belize,BLZ,2020-07-04,v3
2020-02-23,hospital_demand,0,0,0,0.03,0,0,Surged Relax Interventions 50%,Belize,BLZ,2020-07-04,v3
2020-02-23,hospital_incidence,0,0,0,0,0,0,Surged Relax Interventions 50%,Belize,BLZ,2020-07-04,v3
2020-02-23,ICU_demand,0,0,0,0.02,0,0,Surged Relax Interventions 50%,Belize,BLZ,2020-07-04,v3
2020-02-23,ICU_incidence,0,0,0,0,0,0,Surged Relax Interventions 50%,Belize,BLZ,2020-07-04,v3
2020-02-23,infections,0,1,1,1.43,2,4.57,Surged Relax Interventions 50%,Belize,BLZ,2020-07-04,v3
2020-02-23,Rt,2.37,2.68,3.02,3.1,3.39,4.45,Surged Relax Interventions 50%,Belize,BLZ,2020-07-04,v3
2020-02-24,cumulative_infections,0,2,6,8.47,14,24.6,Additional 50% Reduction,Belize,BLZ,2020-07-04,v3
2020-02-24,deaths,0,0,0,0,0,0,Additional 50% Reduction,Belize,BLZ,2020-07-04,v3
2020-02-24,hospital_demand,0,0,0,0.1,0,1,Additional 50% Reduction,Belize,BLZ,2020-07-04,v3
2020-02-24,hospital_incidence,0,0,0,0,0,0,Additional 50% Reduction,Belize,BLZ,2020-07-04,v3
2020-02-24,ICU_demand,0,0,0,0,0,0,Additional 50% Reduction,Belize,BLZ,2020-07-04,v3
2020-02-24,ICU_incidence,0,0,0,0,0,0,Additional 50% Reduction,Belize,BLZ,2020-07-04,v3
2020-02-24,infections,0,1,2,1.81,2,4.6,Additional 50% Reduction,Belize,BLZ,2020-07-04,v3
2020-02-24,Rt,2.03,2.42,2.76,2.93,3.31,4.6,Additional 50% Reduction,Belize,BLZ,2020-07-04,v3
2020-02-24,cumulative_infections,0,2,6,8.47,14,24.6,Maintain Status Quo,Belize,BLZ,2020-07-04,v3
2020-02-24,deaths,0,0,0,0,0,0,Maintain Status Quo,Belize,BLZ,2020-07-04,v3
2020-02-24,hospital_demand,0,0,0,0.1,0,1,Maintain Status Quo,Belize,BLZ,2020-07-04,v3
2020-02-24,hospital_incidence,0,0,0,0,0,0,Maintain Status Quo,Belize,BLZ,2020-07-04,v3
2020-02-24,ICU_demand,0,0,0,0,0,0,Maintain Status Quo,Belize,BLZ,2020-07-04,v3
2020-02-24,ICU_incidence,0,0,0,0,0,0,Maintain Status Quo,Belize,BLZ,2020-07-04,v3
2020-02-24,infections,0,1,2,1.81,2,4.6,Maintain Status Quo,Belize,BLZ,2020-07-04,v3
2020-02-24,Rt,2.03,2.42,2.76,2.93,3.31,4.6,Maintain Status Quo,Belize,BLZ,2020-07-04,v3
2020-02-24,cumulative_infections,0,2,6,8.47,14,24.6,Relax Interventions 50%,Belize,BLZ,2020-07-04,v3
2020-02-24,deaths,0,0,0,0,0,0,Relax Interventions 50%,Belize,BLZ,2020-07-04,v3
2020-02-24,hospital_demand,0,0,0,0.1,0,1,Relax Interventions 50%,Belize,BLZ,2020-07-04,v3
2020-02-24,hospital_incidence,0,0,0,0,0,0,Relax Interventions 50%,Belize,BLZ,2020-07-04,v3
2020-02-24,ICU_demand,0,0,0,0,0,0,Relax Interventions 50%,Belize,BLZ,2020-07-04,v3
2020-02-24,ICU_incidence,0,0,0,0,0,0,Relax Interventions 50%,Belize,BLZ,2020-07-04,v3
2020-02-24,infections,0,1,2,1.81,2,4.6,Relax Interventions 50%,Belize,BLZ,2020-07-04,v3
2020-02-24,Rt,2.03,2.42,2.76,2.93,3.31,4.6,Relax Interventions 50%,Belize,BLZ,2020-07-04,v3
2020-02-24,cumulative_infections,0,2,4.5,5.89,8.75,16,Surged Additional 50% Reduction,Belize,BLZ,2020-07-04,v3
2020-02-24,deaths,0,0,0,0,0,0,Surged Additional 50% Reduction,Belize,BLZ,2020-07-04,v3
2020-02-24,hospital_demand,0,0,0,0.04,0,0.35,Surged Additional 50% Reduction,Belize,BLZ,2020-07-04,v3
2020-02-24,hospital_incidence,0,0,0,0,0,0,Surged Additional 50% Reduction,Belize,BLZ,2020-07-04,v3
2020-02-24,ICU_demand,0,0,0,0.01,0,0,Surged Additional 50% Reduction,Belize,BLZ,2020-07-04,v3
2020-02-24,ICU_incidence,0,0,0,0,0,0,Surged Additional 50% Reduction,Belize,BLZ,2020-07-04,v3
2020-02-24,infections,0,0,1,1.02,1,4,Surged Additional 50% Reduction,Belize,BLZ,2020-07-04,v3
2020-02-24,Rt,2.16,2.43,2.77,2.91,3.15,4.45,Surged Additional 50% Reduction,Belize,BLZ,2020-07-04,v3
2020-02-24,cumulative_infections,0,2,4.5,5.89,8.75,16,Surged Maintain Status Quo,Belize,BLZ,2020-07-04,v3
2020-02-24,deaths,0,0,0,0,0,0,Surged Maintain Status Quo,Belize,BLZ,2020-07-04,v3
2020-02-24,hospital_demand,0,0,0,0.04,0,0.35,Surged Maintain Status Quo,Belize,BLZ,2020-07-04,v3
2020-02-24,hospital_incidence,0,0,0,0,0,0,Surged Maintain Status Quo,Belize,BLZ,2020-07-04,v3
2020-02-24,ICU_demand,0,0,0,0.01,0,0,Surged Maintain Status Quo,Belize,BLZ,2020-07-04,v3
2020-02-24,ICU_incidence,0,0,0,0,0,0,Surged Maintain Status Quo,Belize,BLZ,2020-07-04,v3
2020-02-24,infections,0,0,1,1.02,1,4,Surged Maintain Status Quo,Belize,BLZ,2020-07-04,v3
2020-02-24,Rt,2.16,2.43,2.77,2.91,3.15,4.45,Surged Maintain Status Quo,Belize,BLZ,2020-07-04,v3
2020-02-24,cumulative_infections,0,2,4.5,5.89,8.75,16,Surged Relax Interventions 50%,Belize,BLZ,2020-07-04,v3
2020-02-24,deaths,0,0,0,0,0,0,Surged Relax Interventions 50%,Belize,BLZ,2020-07-04,v3
2020-02-24,hospital_demand,0,0,0,0.04,0,0.35,Surged Relax Interventions 50%,Belize,BLZ,2020-07-04,v3
2020-02-24,hospital_incidence,0,0,0,0,0,0,Surged Relax Interventions 50%,Belize,BLZ,2020-07-04,v3
2020-02-24,ICU_demand,0,0,0,0.01,0,0,Surged Relax Interventions 50%,Belize,BLZ,2020-07-04,v3
2020-02-24,ICU_incidence,0,0,0,0,0,0,Surged Relax Interventions 50%,Belize,BLZ,2020-07-04,v3
2020-02-24,infections,0,0,1,1.02,1,4,Surged Relax Interventions 50%,Belize,BLZ,2020-07-04,v3
2020-02-24,Rt,2.16,2.43,2.77,2.91,3.15,4.45,Surged Relax Interventions 50%,Belize,BLZ,2020-07-04,v3
2020-02-25,cumulative_infections,0,2.5,7,9.46,15.5,28.45,Additional 50% Reduction,Belize,BLZ,2020-07-04,v3
2020-02-25,deaths,0,0,0,0,0,0,Additional 50% Reduction,Belize,BLZ,2020-07-04,v3
2020-02-25,hospital_demand,0,0,0,0.1,0,1,Additional 50% Reduction,Belize,BLZ,2020-07-04,v3
2020-02-25,hospital_incidence,0,0,0,0,0,0,Additional 50% Reduction,Belize,BLZ,2020-07-04,v3
2020-02-25,ICU_demand,0,0,0,0,0,0,Additional 50% Reduction,Belize,BLZ,2020-07-04,v3
2020-02-25,ICU_incidence,0,0,0,0,0,0,Additional 50% Reduction,Belize,BLZ,2020-07-04,v3
2020-02-25,infections,0,1,1,1.79,2,5.45,Additional 50% Reduction,Belize,BLZ,2020-07-04,v3
2020-02-25,Rt,2.06,2.5,2.81,2.99,3.38,4.6,Additional 50% Reduction,Belize,BLZ,2020-07-04,v3
2020-02-25,cumulative_infections,0,2.5,7,9.46,15.5,28.45,Maintain Status Quo,Belize,BLZ,2020-07-04,v3
2020-02-25,deaths,0,0,0,0,0,0,Maintain Status Quo,Belize,BLZ,2020-07-04,v3
2020-02-25,hospital_demand,0,0,0,0.1,0,1,Maintain Status Quo,Belize,BLZ,2020-07-04,v3
2020-02-25,hospital_incidence,0,0,0,0,0,0,Maintain Status Quo,Belize,BLZ,2020-07-04,v3
2020-02-25,ICU_demand,0,0,0,0,0,0,Maintain Status Quo,Belize,BLZ,2020-07-04,v3
2020-02-25,ICU_incidence,0,0,0,0,0,0,Maintain Status Quo,Belize,BLZ,2020-07-04,v3
2020-02-25,infections,0,1,1,1.79,2,5.45,Maintain Status Quo,Belize,BLZ,2020-07-04,v3
2020-02-25,Rt,2.06,2.5,2.81,2.99,3.38,4.6,Maintain Status Quo,Belize,BLZ,2020-07-04,v3
2020-02-25,cumulative_infections,0,2.5,7,9.46,15.5,28.45,Relax Interventions 50%,Belize,BLZ,2020-07-04,v3
2020-02-25,deaths,0,0,0,0,0,0,Relax Interventions 50%,Belize,BLZ,2020-07-04,v3
2020-02-25,hospital_demand,0,0,0,0.1,0,1,Relax Interventions 50%,Belize,BLZ,2020-07-04,v3
2020-02-25,hospital_incidence,0,0,0,0,0,0,Relax Interventions 50%,Belize,BLZ,2020-07-04,v3
2020-02-25,ICU_demand,0,0,0,0,0,0,Relax Interventions 50%,Belize,BLZ,2020-07-04,v3
2020-02-25,ICU_incidence,0,0,0,0,0,0,Relax Interventions 50%,Belize,BLZ,2020-07-04,v3
2020-02-25,infections,0,1,1,1.79,2,5.45,Relax Interventions 50%,Belize,BLZ,2020-07-04,v3
2020-02-25,Rt,2.06,2.5,2.81,2.99,3.38,4.6,Relax Interventions 50%,Belize,BLZ,2020-07-04,v3
2020-02-25,cumulative_infections,0,3,6,7.19,11,19.35,Surged Additional 50% Reduction,Belize,BLZ,2020-07-04,v3
2020-02-25,deaths,0,0,0,0,0,0,Surged Additional 50% Reduction,Belize,BLZ,2020-07-04,v3
2020-02-25,hospital_demand,0,0,0,0.08,0,1,Surged Additional 50% Reduction,Belize,BLZ,2020-07-04,v3
2020-02-25,hospital_incidence,0,0,0,0,0,0,Surged Additional 50% Reduction,Belize,BLZ,2020-07-04,v3
2020-02-25,ICU_demand,0,0,0,0.01,0,0,Surged Additional 50% Reduction,Belize,BLZ,2020-07-04,v3
2020-02-25,ICU_incidence,0,0,0,0,0,0,Surged Additional 50% Reduction,Belize,BLZ,2020-07-04,v3
2020-02-25,infections,0,0,1,1.39,2,5,Surged Additional 50% Reduction,Belize,BLZ,2020-07-04,v3
2020-02-25,Rt,2.23,2.5,2.83,2.97,3.23,4.45,Surged Additional 50% Reduction,Belize,BLZ,2020-07-04,v3
2020-02-25,cumulative_infections,0,3,6,7.19,11,19.35,Surged Maintain Status Quo,Belize,BLZ,2020-07-04,v3
2020-02-25,deaths,0,0,0,0,0,0,Surged Maintain Status Quo,Belize,BLZ,2020-07-04,v3
2020-02-25,hospital_demand,0,0,0,0.08,0,1,Surged Maintain Status Quo,Belize,BLZ,2020-07-04,v3
2020-02-25,hospital_incidence,0,0,0,0,0,0,Surged Maintain Status Quo,Belize,BLZ,2020-07-04,v3
2020-02-25,ICU_demand,0,0,0,0.01,0,0,Surged Maintain Status Quo,Belize,BLZ,2020-07-04,v3
2020-02-25,ICU_incidence,0,0,0,0,0,0,Surged Maintain Status Quo,Belize,BLZ,2020-07-04,v3
2020-02-25,infections,0,0,1,1.39,2,5,Surged Maintain Status Quo,Belize,BLZ,2020-07-04,v3
2020-02-25,Rt,2.23,2.5,2.83,2.97,3.23,4.45,Surged Maintain Status Quo,Belize,BLZ,2020-07-04,v3
2020-02-25,cumulative_infections,0,3,6,7.19,11,19.35,Surged Relax Interventions 50%,Belize,BLZ,2020-07-04,v3
2020-02-25,deaths,0,0,0,0,0,0,Surged Relax Interventions 50%,Belize,BLZ,2020-07-04,v3
2020-02-25,hospital_demand,0,0,0,0.08,0,1,Surged Relax Interventions 50%,Belize,BLZ,2020-07-04,v3
2020-02-25,hospital_incidence,0,0,0,0,0,0,Surged Relax Interventions 50%,Belize,BLZ,2020-07-04,v3
2020-02-25,ICU_demand,0,0,0,0.01,0,0,Surged Relax Interventions 50%,Belize,BLZ,2020-07-04,v3
2020-02-25,ICU_incidence,0,0,0,0,0,0,Surged Relax Interventions 50%,Belize,BLZ,2020-07-04,v3
2020-02-25,infections,0,0,1,1.39,2,5,Surged Relax Interventions 50%,Belize,BLZ,2020-07-04,v3
2020-02-25,Rt,2.23,2.5,2.83,2.97,3.23,4.45,Surged Relax Interventions 50%,Belize,BLZ,2020-07-04,v3
2020-02-26,cumulative_infections,0,2,6,9.99,16,32.8,Additional 50% Reduction,Belize,BLZ,2020-07-04,v3
2020-02-26,deaths,0,0,0,0,0,0,Additional 50% Reduction,Belize,BLZ,2020-07-04,v3
2020-02-26,hospital_demand,0,0,0,0.11,0,1,Additional 50% Reduction,Belize,BLZ,2020-07-04,v3
2020-02-26,hospital_incidence,0,0,0,0.01,0,0,Additional 50% Reduction,Belize,BLZ,2020-07-04,v3
2020-02-26,ICU_demand,0,0,0,0,0,0,Additional 50% Reduction,Belize,BLZ,2020-07-04,v3
2020-02-26,ICU_incidence,0,0,0,0,0,0,Additional 50% Reduction,Belize,BLZ,2020-07-04,v3
2020-02-26,infections,0,0,1,1.71,2.25,7.22,Additional 50% Reduction,Belize,BLZ,2020-07-04,v3
2020-02-26,Rt,2.04,2.45,2.76,2.95,3.33,4.6,Additional 50% Reduction,Belize,BLZ,2020-07-04,v3
2020-02-26,cumulative_infections,0,2,6,9.99,16,32.8,Maintain Status Quo,Belize,BLZ,2020-07-04,v3
2020-02-26,deaths,0,0,0,0,0,0,Maintain Status Quo,Belize,BLZ,2020-07-04,v3
2020-02-26,hospital_demand,0,0,0,0.11,0,1,Maintain Status Quo,Belize,BLZ,2020-07-04,v3
2020-02-26,hospital_incidence,0,0,0,0.01,0,0,Maintain Status Quo,Belize,BLZ,2020-07-04,v3
2020-02-26,ICU_demand,0,0,0,0,0,0,Maintain Status Quo,Belize,BLZ,2020-07-04,v3
2020-02-26,ICU_incidence,0,0,0,0,0,0,Maintain Status Quo,Belize,BLZ,2020-07-04,v3
2020-02-26,infections,0,0,1,1.71,2.25,7.22,Maintain Status Quo,Belize,BLZ,2020-07-04,v3
2020-02-26,Rt,2.04,2.45,2.76,2.95,3.33,4.6,Maintain Status Quo,Belize,BLZ,2020-07-04,v3
2020-02-26,cumulative_infections,0,2,6,9.99,16,32.8,Relax Interventions 50%,Belize,BLZ,2020-07-04,v3
2020-02-26,deaths,0,0,0,0,0,0,Relax Interventions 50%,Belize,BLZ,2020-07-04,v3
2020-02-26,hospital_demand,0,0,0,0.11,0,1,Relax Interventions 50%,Belize,BLZ,2020-07-04,v3
2020-02-26,hospital_incidence,0,0,0,0.01,0,0,Relax Interventions 50%,Belize,BLZ,2020-07-04,v3
2020-02-26,ICU_demand,0,0,0,0,0,0,Relax Interventions 50%,Belize,BLZ,2020-07-04,v3
2020-02-26,ICU_incidence,0,0,0,0,0,0,Relax Interventions 50%,Belize,BLZ,2020-07-04,v3
2020-02-26,infections,0,0,1,1.71,2.25,7.22,Relax Interventions 50%,Belize,BLZ,2020-07-04,v3
2020-02-26,Rt,2.04,2.45,2.76,2.95,3.33,4.6,Relax Interventions 50%,Belize,BLZ,2020-07-04,v3
2020-02-26,cumulative_infections,0,3,6.5,8.04,12.5,21,Surged Additional 50% Reduction,Belize,BLZ,2020-07-04,v3
2020-02-26,deaths,0,0,0,0,0,0,Surged Additional 50% Reduction,Belize,BLZ,2020-07-04,v3
2020-02-26,hospital_demand,0,0,0,0.12,0,1,Surged Additional 50% Reduction,Belize,BLZ,2020-07-04,v3
2020-02-26,hospital_incidence,0,0,0,0,0,0,Surged Additional 50% Reduction,Belize,BLZ,2020-07-04,v3
2020-02-26,ICU_demand,0,0,0,0.01,0,0,Surged Additional 50% Reduction,Belize,BLZ,2020-07-04,v3
2020-02-26,ICU_incidence,0,0,0,0,0,0,Surged Additional 50% Reduction,Belize,BLZ,2020-07-04,v3
2020-02-26,infections,0,1,1,1.53,2,4.35,Surged Additional 50% Reduction,Belize,BLZ,2020-07-04,v3
2020-02-26,Rt,2.19,2.45,2.8,2.93,3.17,4.45,Surged Additional 50% Reduction,Belize,BLZ,2020-07-04,v3
2020-02-26,cumulative_infections,0,3,6.5,8.04,12.5,21,Surged Maintain Status Quo,Belize,BLZ,2020-07-04,v3
2020-02-26,deaths,0,0,0,0,0,0,Surged Maintain Status Quo,Belize,BLZ,2020-07-04,v3
2020-02-26,hospital_demand,0,0,0,0.12,0,1,Surged Maintain Status Quo,Belize,BLZ,2020-07-04,v3
2020-02-26,hospital_incidence,0,0,0,0,0,0,Surged Maintain Status Quo,Belize,BLZ,2020-07-04,v3
2020-02-26,ICU_demand,0,0,0,0.01,0,0,Surged Maintain Status Quo,Belize,BLZ,2020-07-04,v3
2020-02-26,ICU_incidence,0,0,0,0,0,0,Surged Maintain Status Quo,Belize,BLZ,2020-07-04,v3
2020-02-26,infections,0,1,1,1.53,2,4.35,Surged Maintain Status Quo,Belize,BLZ,2020-07-04,v3
2020-02-26,Rt,2.19,2.45,2.8,2.93,3.17,4.45,Surged Maintain Status Quo,Belize,BLZ,2020-07-04,v3
2020-02-26,cumulative_infections,0,3,6.5,8.04,12.5,21,Surged Relax Interventions 50%,Belize,BLZ,2020-07-04,v3
2020-02-26,deaths,0,0,0,0,0,0,Surged Relax Interventions 50%,Belize,BLZ,2020-07-04,v3
2020-02-26,hospital_demand,0,0,0,0.12,0,1,Surged Relax Interventions 50%,Belize,BLZ,2020-07-04,v3
2020-02-26,hospital_incidence,0,0,0,0,0,0,Surged Relax Interventions 50%,Belize,BLZ,2020-07-04,v3
2020-02-26,ICU_demand,0,0,0,0.01,0,0,Surged Relax Interventions 50%,Belize,BLZ,2020-07-04,v3
2020-02-26,ICU_incidence,0,0,0,0,0,0,Surged Relax Interventions 50%,Belize,BLZ,2020-07-04,v3
2020-02-26,infections,0,1,1,1.53,2,4.35,Surged Relax Interventions 50%,Belize,BLZ,2020-07-04,v3
2020-02-26,Rt,2.19,2.45,2.8,2.93,3.17,4.45,Surged Relax Interventions 50%,Belize,BLZ,2020-07-04,v3
2020-02-27,cumulative_infections,0,3,6.5,11.71,18.5,38.75,Additional 50% Reduction,Belize,BLZ,2020-07-04,v3
2020-02-27,deaths,0,0,0,0,0,0,Additional 50% Reduction,Belize,BLZ,2020-07-04,v3
2020-02-27,hospital_demand,0,0,0,0.13,0,1,Additional 50% Reduction,Belize,BLZ,2020-07-04,v3
2020-02-27,hospital_incidence,0,0,0,0,0,0,Additional 50% Reduction,Belize,BLZ,2020-07-04,v3
2020-02-27,ICU_demand,0,0,0,0,0,0,Additional 50% Reduction,Belize,BLZ,2020-07-04,v3
2020-02-27,ICU_incidence,0,0,0,0,0,0,Additional 50% Reduction,Belize,BLZ,2020-07-04,v3
2020-02-27,infections,0,1,2,2.25,3.25,7.25,Additional 50% Reduction,Belize,BLZ,2020-07-04,v3
2020-02-27,Rt,2.06,2.5,2.81,2.99,3.38,4.6,Additional 50% Reduction,Belize,BLZ,2020-07-04,v3
2020-02-27,cumulative_infections,0,3,6.5,11.71,18.5,38.75,Maintain Status Quo,Belize,BLZ,2020-07-04,v3
2020-02-27,deaths,0,0,0,0,0,0,Maintain Status Quo,Belize,BLZ,2020-07-04,v3
2020-02-27,hospital_demand,0,0,0,0.13,0,1,Maintain Status Quo,Belize,BLZ,2020-07-04,v3
2020-02-27,hospital_incidence,0,0,0,0,0,0,Maintain Status Quo,Belize,BLZ,2020-07-04,v3
2020-02-27,ICU_demand,0,0,0,0,0,0,Maintain Status Quo,Belize,BLZ,2020-07-04,v3
2020-02-27,ICU_incidence,0,0,0,0,0,0,Maintain Status Quo,Belize,BLZ,2020-07-04,v3
2020-02-27,infections,0,1,2,2.25,3.25,7.25,Maintain Status Quo,Belize,BLZ,2020-07-04,v3
2020-02-27,Rt,2.06,2.5,2.81,2.99,3.38,4.6,Maintain Status Quo,Belize,BLZ,2020-07-04,v3
2020-02-27,cumulative_infections,0,3,6.5,11.71,18.5,38.75,Relax Interventions 50%,Belize,BLZ,2020-07-04,v3
2020-02-27,deaths,0,0,0,0,0,0,Relax Interventions 50%,Belize,BLZ,2020-07-04,v3
2020-02-27,hospital_demand,0,0,0,0.13,0,1,Relax Interventions 50%,Belize,BLZ,2020-07-04,v3
2020-02-27,hospital_incidence,0,0,0,0,0,0,Relax Interventions 50%,Belize,BLZ,2020-07-04,v3
2020-02-27,ICU_demand,0,0,0,0,0,0,Relax Interventions 50%,Belize,BLZ,2020-07-04,v3
2020-02-27,ICU_incidence,0,0,0,0,0,0,Relax Interventions 50%,Belize,BLZ,2020-07-04,v3
2020-02-27,infections,0,1,2,2.25,3.25,7.25,Relax Interventions 50%,Belize,BLZ,2020-07-04,v3
2020-02-27,Rt,2.06,2.5,2.81,2.99,3.38,4.6,Relax Interventions 50%,Belize,BLZ,2020-07-04,v3
2020-02-27,cumulative_infections,0,3,8,9.78,14,23.4,Surged Additional 50% Reduction,Belize,BLZ,2020-07-04,v3
2020-02-27,deaths,0,0,0,0,0,0,Surged Additional 50% Reduction,Belize,BLZ,2020-07-04,v3
2020-02-27,hospital_demand,0,0,0,0.12,0,1,Surged Additional 50% Reduction,Belize,BLZ,2020-07-04,v3
2020-02-27,hospital_incidence,0,0,0,0,0,0,Surged Additional 50% Reduction,Belize,BLZ,2020-07-04,v3
2020-02-27,ICU_demand,0,0,0,0.01,0,0,Surged Additional 50% Reduction,Belize,BLZ,2020-07-04,v3
2020-02-27,ICU_incidence,0,0,0,0,0,0,Surged Additional 50% Reduction,Belize,BLZ,2020-07-04,v3
2020-02-27,infections,0,1,2,2.05,3,6.2,Surged Additional 50% Reduction,Belize,BLZ,2020-07-04,v3
2020-02-27,Rt,2.23,2.5,2.84,2.97,3.23,4.45,Surged Additional 50% Reduction,Belize,BLZ,2020-07-04,v3
2020-02-27,cumulative_infections,0,3,8,9.78,14,23.4,Surged Maintain Status Quo,Belize,BLZ,2020-07-04,v3
2020-02-27,deaths,0,0,0,0,0,0,Surged Maintain Status Quo,Belize,BLZ,2020-07-04,v3
2020-02-27,hospital_demand,0,0,0,0.12,0,1,Surged Maintain Status Quo,Belize,BLZ,2020-07-04,v3
2020-02-27,hospital_incidence,0,0,0,0,0,0,Surged Maintain Status Quo,Belize,BLZ,2020-07-04,v3
2020-02-27,ICU_demand,0,0,0,0.01,0,0,Surged Maintain Status Quo,Belize,BLZ,2020-07-04,v3
2020-02-27,ICU_incidence,0,0,0,0,0,0,Surged Maintain Status Quo,Belize,BLZ,2020-07-04,v3
2020-02-27,infections,0,1,2,2.05,3,6.2,Surged Maintain Status Quo,Belize,BLZ,2020-07-04,v3
2020-02-27,Rt,2.23,2.5,2.84,2.97,3.23,4.45,Surged Maintain Status Quo,Belize,BLZ,2020-07-04,v3
2020-02-27,cumulative_infections,0,3,8,9.78,14,23.4,Surged Relax Interventions 50%,Belize,BLZ,2020-07-04,v3
2020-02-27,deaths,0,0,0,0,0,0,Surged Relax Interventions 50%,Belize,BLZ,2020-07-04,v3
2020-02-27,hospital_demand,0,0,0,0.12,0,1,Surged Relax Interventions 50%,Belize,BLZ,2020-07-04,v3
2020-02-27,hospital_incidence,0,0,0,0,0,0,Surged Relax Interventions 50%,Belize,BLZ,2020-07-04,v3
2020-02-27,ICU_demand,0,0,0,0.01,0,0,Surged Relax Interventions 50%,Belize,BLZ,2020-07-04,v3
2020-02-27,ICU_incidence,0,0,0,0,0,0,Surged Relax Interventions 50%,Belize,BLZ,2020-07-04,v3
2020-02-27,infections,0,1,2,2.05,3,6.2,Surged Relax Interventions 50%,Belize,BLZ,2020-07-04,v3
2020-02-27,Rt,2.23,2.5,2.84,2.97,3.23,4.45,Surged Relax Interventions 50%,Belize,BLZ,2020-07-04,v3
2020-02-28,cumulative_infections,0,3,7,12.94,20,46.77,Additional 50% Reduction,Belize,BLZ,2020-07-04,v3
2020-02-28,deaths,0,0,0,0,0,0,Additional 50% Reduction,Belize,BLZ,2020-07-04,v3
2020-02-28,hospital_demand,0,0,0,0.16,0,1,Additional 50% Reduction,Belize,BLZ,2020-07-04,v3
2020-02-28,hospital_incidence,0,0,0,0,0,0,Additional 50% Reduction,Belize,BLZ,2020-07-04,v3
2020-02-28,ICU_demand,0,0,0,0.01,0,0,Additional 50% Reduction,Belize,BLZ,2020-07-04,v3
2020-02-28,ICU_incidence,0,0,0,0,0,0,Additional 50% Reduction,Belize,BLZ,2020-07-04,v3
2020-02-28,infections,0,0.75,2,2.35,3,8.92,Additional 50% Reduction,Belize,BLZ,2020-07-04,v3
2020-02-28,Rt,2.17,2.63,2.94,3.13,3.59,4.65,Additional 50% Reduction,Belize,BLZ,2020-07-04,v3
2020-02-28,cumulative_infections,0,3,7,12.94,20,46.77,Maintain Status Quo,Belize,BLZ,2020-07-04,v3
2020-02-28,deaths,0,0,0,0,0,0,Maintain Status Quo,Belize,BLZ,2020-07-04,v3
2020-02-28,hospital_demand,0,0,0,0.16,0,1,Maintain Status Quo,Belize,BLZ,2020-07-04,v3
2020-02-28,hospital_incidence,0,0,0,0,0,0,Maintain Status Quo,Belize,BLZ,2020-07-04,v3
2020-02-28,ICU_demand,0,0,0,0.01,0,0,Maintain Status Quo,Belize,BLZ,2020-07-04,v3
2020-02-28,ICU_incidence,0,0,0,0,0,0,Maintain Status Quo,Belize,BLZ,2020-07-04,v3
2020-02-28,infections,0,0.75,2,2.35,3,8.92,Maintain Status Quo,Belize,BLZ,2020-07-04,v3
2020-02-28,Rt,2.17,2.63,2.94,3.13,3.59,4.65,Maintain Status Quo,Belize,BLZ,2020-07-04,v3
2020-02-28,cumulative_infections,0,3,7,12.94,20,46.77,Relax Interventions 50%,Belize,BLZ,2020-07-04,v3
2020-02-28,deaths,0,0,0,0,0,0,Relax Interventions 50%,Belize,BLZ,2020-07-04,v3
2020-02-28,hospital_demand,0,0,0,0.16,0,1,Relax Interventions 50%,Belize,BLZ,2020-07-04,v3
2020-02-28,hospital_incidence,0,0,0,0,0,0,Relax Interventions 50%,Belize,BLZ,2020-07-04,v3
2020-02-28,ICU_demand,0,0,0,0.01,0,0,Relax Interventions 50%,Belize,BLZ,2020-07-04,v3
2020-02-28,ICU_incidence,0,0,0,0,0,0,Relax Interventions 50%,Belize,BLZ,2020-07-04,v3
2020-02-28,infections,0,0.75,2,2.35,3,8.92,Relax Interventions 50%,Belize,BLZ,2020-07-04,v3
2020-02-28,Rt,2.17,2.63,2.94,3.13,3.59,4.65,Relax Interventions 50%,Belize,BLZ,2020-07-04,v3
2020-02-28,cumulative_infections,0.05,3.5,10,11.07,15,28.95,Surged Additional 50% Reduction,Belize,BLZ,2020-07-04,v3
2020-02-28,deaths,0,0,0,0.01,0,0,Surged Additional 50% Reduction,Belize,BLZ,2020-07-04,v3
2020-02-28,hospital_demand,0,0,0,0.12,0,1,Surged Additional 50% Reduction,Belize,BLZ,2020-07-04,v3
2020-02-28,hospital_incidence,0,0,0,0,0,0,Surged Additional 50% Reduction,Belize,BLZ,2020-07-04,v3
2020-02-28,ICU_demand,0,0,0,0.01,0,0,Surged Additional 50% Reduction,Belize,BLZ,2020-07-04,v3
2020-02-28,ICU_incidence,0,0,0,0,0,0,Surged Additional 50% Reduction,Belize,BLZ,2020-07-04,v3
2020-02-28,infections,0,1,2,2,3,6.95,Surged Additional 50% Reduction,Belize,BLZ,2020-07-04,v3
2020-02-28,Rt,2.34,2.63,3,3.11,3.46,4.45,Surged Additional 50% Reduction,Belize,BLZ,2020-07-04,v3
2020-02-28,cumulative_infections,0.05,3.5,10,11.07,15,28.95,Surged Maintain Status Quo,Belize,BLZ,2020-07-04,v3
2020-02-28,deaths,0,0,0,0.01,0,0,Surged Maintain Status Quo,Belize,BLZ,2020-07-04,v3
2020-02-28,hospital_demand,0,0,0,0.12,0,1,Surged Maintain Status Quo,Belize,BLZ,2020-07-04,v3
2020-02-28,hospital_incidence,0,0,0,0,0,0,Surged Maintain Status Quo,Belize,BLZ,2020-07-04,v3
2020-02-28,ICU_demand,0,0,0,0.01,0,0,Surged Maintain Status Quo,Belize,BLZ,2020-07-04,v3
2020-02-28,ICU_incidence,0,0,0,0,0,0,Surged Maintain Status Quo,Belize,BLZ,2020-07-04,v3
2020-02-28,infections,0,1,2,2,3,6.95,Surged Maintain Status Quo,Belize,BLZ,2020-07-04,v3
2020-02-28,Rt,2.34,2.63,3,3.11,3.46,4.45,Surged Maintain Status Quo,Belize,BLZ,2020-07-04,v3
2020-02-28,cumulative_infections,0.05,3.5,10,11.07,15,28.95,Surged Relax Interventions 50%,Belize,BLZ,2020-07-04,v3
2020-02-28,deaths,0,0,0,0.01,0,0,Surged Relax Interventions 50%,Belize,BLZ,2020-07-04,v3
2020-02-28,hospital_demand,0,0,0,0.12,0,1,Surged Relax Interventions 50%,Belize,BLZ,2020-07-04,v3
2020-02-28,hospital_incidence,0,0,0,0,0,0,Surged Relax Interventions 50%,Belize,BLZ,2020-07-04,v3
2020-02-28,ICU_demand,0,0,0,0.01,0,0,Surged Relax Interventions 50%,Belize,BLZ,2020-07-04,v3
2020-02-28,ICU_incidence,0,0,0,0,0,0,Surged Relax Interventions 50%,Belize,BLZ,2020-07-04,v3
2020-02-28,infections,0,1,2,2,3,6.95,Surged Relax Interventions 50%,Belize,BLZ,2020-07-04,v3
2020-02-28,Rt,2.34,2.63,3,3.11,3.46,4.45,Surged Relax Interventions 50%,Belize,BLZ,2020-07-04,v3
2020-02-29,cumulative_infections,0,4,9,15.13,22.5,53.1,Additional 50% Reduction,Belize,BLZ,2020-07-04,v3
2020-02-29,deaths,0,0,0,0,0,0,Additional 50% Reduction,Belize,BLZ,2020-07-04,v3
2020-02-29,hospital_demand,0,0,0,0.17,0,1,Additional 50% Reduction,Belize,BLZ,2020-07-04,v3
2020-02-29,hospital_incidence,0,0,0,0.01,0,0,Additional 50% Reduction,Belize,BLZ,2020-07-04,v3
2020-02-29,ICU_demand,0,0,0,0.01,0,0,Additional 50% Reduction,Belize,BLZ,2020-07-04,v3
2020-02-29,ICU_incidence,0,0,0,0,0,0,Additional 50% Reduction,Belize,BLZ,2020-07-04,v3
2020-02-29,infections,0,1,2,2.63,4,9,Additional 50% Reduction,Belize,BLZ,2020-07-04,v3
2020-02-29,Rt,2.35,2.84,3.22,3.36,3.76,4.98,Additional 50% Reduction,Belize,BLZ,2020-07-04,v3
2020-02-29,cumulative_infections,0,4,9,15.13,22.5,53.1,Maintain Status Quo,Belize,BLZ,2020-07-04,v3
2020-02-29,deaths,0,0,0,0,0,0,Maintain Status Quo,Belize,BLZ,2020-07-04,v3
2020-02-29,hospital_demand,0,0,0,0.17,0,1,Maintain Status Quo,Belize,BLZ,2020-07-04,v3
2020-02-29,hospital_incidence,0,0,0,0.01,0,0,Maintain Status Quo,Belize,BLZ,2020-07-04,v3
2020-02-29,ICU_demand,0,0,0,0.01,0,0,Maintain Status Quo,Belize,BLZ,2020-07-04,v3
2020-02-29,ICU_incidence,0,0,0,0,0,0,Maintain Status Quo,Belize,BLZ,2020-07-04,v3
2020-02-29,infections,0,1,2,2.63,4,9,Maintain Status Quo,Belize,BLZ,2020-07-04,v3
2020-02-29,Rt,2.35,2.84,3.22,3.36,3.76,4.98,Maintain Status Quo,Belize,BLZ,2020-07-04,v3
2020-02-29,cumulative_infections,0,4,9,15.13,22.5,53.1,Relax Interventions 50%,Belize,BLZ,2020-07-04,v3
2020-02-29,deaths,0,0,0,0,0,0,Relax Interventions 50%,Belize,BLZ,2020-07-04,v3
2020-02-29,hospital_demand,0,0,0,0.17,0,1,Relax Interventions 50%,Belize,BLZ,2020-07-04,v3
2020-02-29,hospital_incidence,0,0,0,0.01,0,0,Relax Interventions 50%,Belize,BLZ,2020-07-04,v3
2020-02-29,ICU_demand,0,0,0,0.01,0,0,Relax Interventions 50%,Belize,BLZ,2020-07-04,v3
2020-02-29,ICU_incidence,0,0,0,0,0,0,Relax Interventions 50%,Belize,BLZ,2020-07-04,v3
2020-02-29,infections,0,1,2,2.63,4,9,Relax Interventions 50%,Belize,BLZ,2020-07-04,v3
2020-02-29,Rt,2.35,2.84,3.22,3.36,3.76,4.98,Relax Interventions 50%,Belize,BLZ,2020-07-04,v3
2020-02-29,cumulative_infections,0,4,11,12.87,18,35.88,Surged Additional 50% Reduction,Belize,BLZ,2020-07-04,v3
2020-02-29,deaths,0,0,0,0,0,0,Surged Additional 50% Reduction,Belize,BLZ,2020-07-04,v3
2020-02-29,hospital_demand,0,0,0,0.12,0,1,Surged Additional 50% Reduction,Belize,BLZ,2020-07-04,v3
2020-02-29,hospital_incidence,0,0,0,0,0,0,Surged Additional 50% Reduction,Belize,BLZ,2020-07-04,v3
2020-02-29,ICU_demand,0,0,0,0.01,0,0,Surged Additional 50% Reduction,Belize,BLZ,2020-07-04,v3
2020-02-29,ICU_incidence,0,0,0,0,0,0,Surged Additional 50% Reduction,Belize,BLZ,2020-07-04,v3
2020-02-29,infections,0,1,2,2.19,3,7.75,Surged Additional 50% Reduction,Belize,BLZ,2020-07-04,v3
2020-02-29,Rt,2.51,2.84,3.24,3.34,3.67,4.69,Surged Additional 50% Reduction,Belize,BLZ,2020-07-04,v3
2020-02-29,cumulative_infections,0,4,11,12.87,18,35.88,Surged Maintain Status Quo,Belize,BLZ,2020-07-04,v3
2020-02-29,deaths,0,0,0,0,0,0,Surged Maintain Status Quo,Belize,BLZ,2020-07-04,v3
2020-02-29,hospital_demand,0,0,0,0.12,0,1,Surged Maintain Status Quo,Belize,BLZ,2020-07-04,v3
2020-02-29,hospital_incidence,0,0,0,0,0,0,Surged Maintain Status Quo,Belize,BLZ,2020-07-04,v3
2020-02-29,ICU_demand,0,0,0,0.01,0,0,Surged Maintain Status Quo,Belize,BLZ,2020-07-04,v3
2020-02-29,ICU_incidence,0,0,0,0,0,0,Surged Maintain Status Quo,Belize,BLZ,2020-07-04,v3
2020-02-29,infections,0,1,2,2.19,3,7.75,Surged Maintain Status Quo,Belize,BLZ,2020-07-04,v3
2020-02-29,Rt,2.51,2.84,3.24,3.34,3.67,4.69,Surged Maintain Status Quo,Belize,BLZ,2020-07-04,v3
2020-02-29,cumulative_infections,0,4,11,12.87,18,35.88,Surged Relax Interventions 50%,Belize,BLZ,2020-07-04,v3
2020-02-29,deaths,0,0,0,0,0,0,Surged Relax Interventions 50%,Belize,BLZ,2020-07-04,v3
2020-02-29,hospital_demand,0,0,0,0.12,0,1,Surged Relax Interventions 50%,Belize,BLZ,2020-07-04,v3
2020-02-29,hospital_incidence,0,0,0,0,0,0,Surged Relax Interventions 50%,Belize,BLZ,2020-07-04,v3
2020-02-29,ICU_demand,0,0,0,0.01,0,0,Surged Relax Interventions 50%,Belize,BLZ,2020-07-04,v3
2020-02-29,ICU_incidence,0,0,0,0,0,0,Surged Relax Interventions 50%,Belize,BLZ,2020-07-04,v3
2020-02-29,infections,0,1,2,2.19,3,7.75,Surged Relax Interventions 50%,Belize,BLZ,2020-07-04,v3
2020-02-29,Rt,2.51,2.84,3.24,3.34,3.67,4.69,Surged Relax Interventions 50%,Belize,BLZ,2020-07-04,v3
2020-03-01,cumulative_infections,0,4,9,16.96,24,62.8,Additional 50% Reduction,Belize,BLZ,2020-07-04,v3
2020-03-01,deaths,0,0,0,0,0,0,Additional 50% Reduction,Belize,BLZ,2020-07-04,v3
2020-03-01,hospital_demand,0,0,0,0.2,0,1,Additional 50% Reduction,Belize,BLZ,2020-07-04,v3
2020-03-01,hospital_incidence,0,0,0,0,0,0,Additional 50% Reduction,Belize,BLZ,2020-07-04,v3
2020-03-01,ICU_demand,0,0,0,0.01,0,0,Additional 50% Reduction,Belize,BLZ,2020-07-04,v3
2020-03-01,ICU_incidence,0,0,0,0,0,0,Additional 50% Reduction,Belize,BLZ,2020-07-04,v3
2020-03-01,infections,0,1,2,2.81,4,10.7,Additional 50% Reduction,Belize,BLZ,2020-07-04,v3
2020-03-01,Rt,2.18,2.65,2.95,3.12,3.52,4.64,Additional 50% Reduction,Belize,BLZ,2020-07-04,v3
2020-03-01,cumulative_infections,0,4,9,16.96,24,62.8,Maintain Status Quo,Belize,BLZ,2020-07-04,v3
2020-03-01,deaths,0,0,0,0,0,0,Maintain Status Quo,Belize,BLZ,2020-07-04,v3
2020-03-01,hospital_demand,0,0,0,0.2,0,1,Maintain Status Quo,Belize,BLZ,2020-07-04,v3
2020-03-01,hospital_incidence,0,0,0,0,0,0,Maintain Status Quo,Belize,BLZ,2020-07-04,v3
2020-03-01,ICU_demand,0,0,0,0.01,0,0,Maintain Status Quo,Belize,BLZ,2020-07-04,v3
2020-03-01,ICU_incidence,0,0,0,0,0,0,Maintain Status Quo,Belize,BLZ,2020-07-04,v3
2020-03-01,infections,0,1,2,2.81,4,10.7,Maintain Status Quo,Belize,BLZ,2020-07-04,v3
2020-03-01,Rt,2.18,2.65,2.95,3.12,3.52,4.64,Maintain Status Quo,Belize,BLZ,2020-07-04,v3
2020-03-01,cumulative_infections,0,4,9,16.96,24,62.8,Relax Interventions 50%,Belize,BLZ,2020-07-04,v3
2020-03-01,deaths,0,0,0,0,0,0,Relax Interventions 50%,Belize,BLZ,2020-07-04,v3
2020-03-01,hospital_demand,0,0,0,0.2,0,1,Relax Interventions 50%,Belize,BLZ,2020-07-04,v3
2020-03-01,hospital_incidence,0,0,0,0,0,0,Relax Interventions 50%,Belize,BLZ,2020-07-04,v3
2020-03-01,ICU_demand,0,0,0,0.01,0,0,Relax Interventions 50%,Belize,BLZ,2020-07-04,v3
2020-03-01,ICU_incidence,0,0,0,0,0,0,Relax Interventions 50%,Belize,BLZ,2020-07-04,v3
2020-03-01,infections,0,1,2,2.81,4,10.7,Relax Interventions 50%,Belize,BLZ,2020-07-04,v3
2020-03-01,Rt,2.18,2.65,2.95,3.12,3.52,4.64,Relax Interventions 50%,Belize,BLZ,2020-07-04,v3
2020-03-01,cumulative_infections,0,4,12.5,15.13,21,43.72,Surged Additional 50% Reduction,Belize,BLZ,2020-07-04,v3
2020-03-01,deaths,0,0,0,0,0,0,Surged Additional 50% Reduction,Belize,BLZ,2020-07-04,v3
2020-03-01,hospital_demand,0,0,0,0.13,0,1,Surged Additional 50% Reduction,Belize,BLZ,2020-07-04,v3
2020-03-01,hospital_incidence,0,0,0,0,0,0,Surged Additional 50% Reduction,Belize,BLZ,2020-07-04,v3
2020-03-01,ICU_demand,0,0,0,0.03,0,0.72,Surged Additional 50% Reduction,Belize,BLZ,2020-07-04,v3
2020-03-01,ICU_incidence,0,0,0,0,0,0,Surged Additional 50% Reduction,Belize,BLZ,2020-07-04,v3
2020-03-01,infections,0,1,2,3.1,4,11.9,Surged Additional 50% Reduction,Belize,BLZ,2020-07-04,v3
2020-03-01,Rt,2.35,2.65,3,3.11,3.41,4.39,Surged Additional 50% Reduction,Belize,BLZ,2020-07-04,v3
2020-03-01,cumulative_infections,0,4,12.5,15.13,21,43.72,Surged Maintain Status Quo,Belize,BLZ,2020-07-04,v3
2020-03-01,deaths,0,0,0,0,0,0,Surged Maintain Status Quo,Belize,BLZ,2020-07-04,v3
2020-03-01,hospital_demand,0,0,0,0.13,0,1,Surged Maintain Status Quo,Belize,BLZ,2020-07-04,v3
2020-03-01,hospital_incidence,0,0,0,0,0,0,Surged Maintain Status Quo,Belize,BLZ,2020-07-04,v3
2020-03-01,ICU_demand,0,0,0,0.03,0,0.72,Surged Maintain Status Quo,Belize,BLZ,2020-07-04,v3
2020-03-01,ICU_incidence,0,0,0,0,0,0,Surged Maintain Status Quo,Belize,BLZ,2020-07-04,v3
2020-03-01,infections,0,1,2,3.1,4,11.9,Surged Maintain Status Quo,Belize,BLZ,2020-07-04,v3
2020-03-01,Rt,2.35,2.65,3,3.11,3.41,4.39,Surged Maintain Status Quo,Belize,BLZ,2020-07-04,v3
2020-03-01,cumulative_infections,0,4,12.5,15.13,21,43.72,Surged Relax Interventions 50%,Belize,BLZ,2020-07-04,v3
2020-03-01,deaths,0,0,0,0,0,0,Surged Relax Interventions 50%,Belize,BLZ,2020-07-04,v3
2020-03-01,hospital_demand,0,0,0,0.13,0,1,Surged Relax Interventions 50%,Belize,BLZ,2020-07-04,v3
2020-03-01,hospital_incidence,0,0,0,0,0,0,Surged Relax Interventions 50%,Belize,BLZ,2020-07-04,v3
2020-03-01,ICU_demand,0,0,0,0.03,0,0.72,Surged Relax Interventions 50%,Belize,BLZ,2020-07-04,v3
2020-03-01,ICU_incidence,0,0,0,0,0,0,Surged Relax Interventions 50%,Belize,BLZ,2020-07-04,v3
2020-03-01,infections,0,1,2,3.1,4,11.9,Surged Relax Interventions 50%,Belize,BLZ,2020-07-04,v3
2020-03-01,Rt,2.35,2.65,3,3.11,3.41,4.39,Surged Relax Interventions 50%,Belize,BLZ,2020-07-04,v3
2020-03-02,cumulative_infections,0,4,11.5,20.67,28.75,75.05,Additional 50% Reduction,Belize,BLZ,2020-07-04,v3
2020-03-02,deaths,0,0,0,0,0,0,Additional 50% Reduction,Belize,BLZ,2020-07-04,v3
2020-03-02,hospital_demand,0,0,0,0.2,0,1,Additional 50% Reduction,Belize,BLZ,2020-07-04,v3
2020-03-02,hospital_incidence,0,0,0,0,0,0,Additional 50% Reduction,Belize,BLZ,2020-07-04,v3
2020-03-02,ICU_demand,0,0,0,0.02,0,0,Additional 50% Reduction,Belize,BLZ,2020-07-04,v3
2020-03-02,ICU_incidence,0,0,0,0,0,0,Additional 50% Reduction,Belize,BLZ,2020-07-04,v3
2020-03-02,infections,0,1,2.5,3.89,5,14.35,Additional 50% Reduction,Belize,BLZ,2020-07-04,v3
2020-03-02,Rt,2.15,2.61,2.91,3.07,3.46,4.55,Additional 50% Reduction,Belize,BLZ,2020-07-04,v3
2020-03-02,cumulative_infections,0,4,11.5,20.67,28.75,75.05,Maintain Status Quo,Belize,BLZ,2020-07-04,v3
2020-03-02,deaths,0,0,0,0,0,0,Maintain Status Quo,Belize,BLZ,2020-07-04,v3
2020-03-02,hospital_demand,0,0,0,0.2,0,1,Maintain Status Quo,Belize,BLZ,2020-07-04,v3
2020-03-02,hospital_incidence,0,0,0,0,0,0,Maintain Status Quo,Belize,BLZ,2020-07-04,v3
2020-03-02,ICU_demand,0,0,0,0.02,0,0,Maintain Status Quo,Belize,BLZ,2020-07-04,v3
2020-03-02,ICU_incidence,0,0,0,0,0,0,Maintain Status Quo,Belize,BLZ,2020-07-04,v3
2020-03-02,infections,0,1,2.5,3.89,5,14.35,Maintain Status Quo,Belize,BLZ,2020-07-04,v3
2020-03-02,Rt,2.15,2.61,2.91,3.07,3.46,4.55,Maintain Status Quo,Belize,BLZ,2020-07-04,v3
2020-03-02,cumulative_infections,0,4,11.5,20.67,28.75,75.05,Relax Interventions 50%,Belize,BLZ,2020-07-04,v3
2020-03-02,deaths,0,0,0,0,0,0,Relax Interventions 50%,Belize,BLZ,2020-07-04,v3
2020-03-02,hospital_demand,0,0,0,0.2,0,1,Relax Interventions 50%,Belize,BLZ,2020-07-04,v3
2020-03-02,hospital_incidence,0,0,0,0,0,0,Relax Interventions 50%,Belize,BLZ,2020-07-04,v3
2020-03-02,ICU_demand,0,0,0,0.02,0,0,Relax Interventions 50%,Belize,BLZ,2020-07-04,v3
2020-03-02,ICU_incidence,0,0,0,0,0,0,Relax Interventions 50%,Belize,BLZ,2020-07-04,v3
2020-03-02,infections,0,1,2.5,3.89,5,14.35,Relax Interventions 50%,Belize,BLZ,2020-07-04,v3
2020-03-02,Rt,2.15,2.61,2.91,3.07,3.46,4.55,Relax Interventions 50%,Belize,BLZ,2020-07-04,v3
2020-03-02,cumulative_infections,0.27,7,15,18.74,26.25,54.35,Surged Additional 50% Reduction,Belize,BLZ,2020-07-04,v3
2020-03-02,deaths,0,0,0,0,0,0,Surged Additional 50% Reduction,Belize,BLZ,2020-07-04,v3
2020-03-02,hospital_demand,0,0,0,0.13,0,1,Surged Additional 50% Reduction,Belize,BLZ,2020-07-04,v3
2020-03-02,hospital_incidence,0,0,0,0,0,0,Surged Additional 50% Reduction,Belize,BLZ,2020-07-04,v3
2020-03-02,ICU_demand,0,0,0,0.04,0,1,Surged Additional 50% Reduction,Belize,BLZ,2020-07-04,v3
2020-03-02,ICU_incidence,0,0,0,0,0,0,Surged Additional 50% Reduction,Belize,BLZ,2020-07-04,v3
2020-03-02,infections,0,1,3,3.61,5,12.72,Surged Additional 50% Reduction,Belize,BLZ,2020-07-04,v3
2020-03-02,Rt,2.32,2.6,2.95,3.06,3.35,4.34,Surged Additional 50% Reduction,Belize,BLZ,2020-07-04,v3
2020-03-02,cumulative_infections,0.27,7,15,18.74,26.25,54.35,Surged Maintain Status Quo,Belize,BLZ,2020-07-04,v3
2020-03-02,deaths,0,0,0,0,0,0,Surged Maintain Status Quo,Belize,BLZ,2020-07-04,v3
2020-03-02,hospital_demand,0,0,0,0.13,0,1,Surged Maintain Status Quo,Belize,BLZ,2020-07-04,v3
2020-03-02,hospital_incidence,0,0,0,0,0,0,Surged Maintain Status Quo,Belize,BLZ,2020-07-04,v3
2020-03-02,ICU_demand,0,0,0,0.04,0,1,Surged Maintain Status Quo,Belize,BLZ,2020-07-04,v3
2020-03-02,ICU_incidence,0,0,0,0,0,0,Surged Maintain Status Quo,Belize,BLZ,2020-07-04,v3
2020-03-02,infections,0,1,3,3.61,5,12.72,Surged Maintain Status Quo,Belize,BLZ,2020-07-04,v3
2020-03-02,Rt,2.32,2.6,2.95,3.06,3.35,4.34,Surged Maintain Status Quo,Belize,BLZ,2020-07-04,v3
2020-03-02,cumulative_infections,0.27,7,15,18.74,26.25,54.35,Surged Relax Interventions 50%,Belize,BLZ,2020-07-04,v3
2020-03-02,deaths,0,0,0,0,0,0,Surged Relax Interventions 50%,Belize,BLZ,2020-07-04,v3
2020-03-02,hospital_demand,0,0,0,0.13,0,1,Surged Relax Interventions 50%,Belize,BLZ,2020-07-04,v3
2020-03-02,hospital_incidence,0,0,0,0,0,0,Surged Relax Interventions 50%,Belize,BLZ,2020-07-04,v3
2020-03-02,ICU_demand,0,0,0,0.04,0,1,Surged Relax Interventions 50%,Belize,BLZ,2020-07-04,v3
2020-03-02,ICU_incidence,0,0,0,0,0,0,Surged Relax Interventions 50%,Belize,BLZ,2020-07-04,v3
2020-03-02,infections,0,1,3,3.61,5,12.72,Surged Relax Interventions 50%,Belize,BLZ,2020-07-04,v3
2020-03-02,Rt,2.32,2.6,2.95,3.06,3.35,4.34,Surged Relax Interventions 50%,Belize,BLZ,2020-07-04,v3
2020-03-03,cumulative_infections,1,6,14,24.86,32,89.5,Additional 50% Reduction,Belize,BLZ,2020-07-04,v3
2020-03-03,deaths,0,0,0,0,0,0,Additional 50% Reduction,Belize,BLZ,2020-07-04,v3
2020-03-03,hospital_demand,0,0,0,0.21,0,1,Additional 50% Reduction,Belize,BLZ,2020-07-04,v3
2020-03-03,hospital_incidence,0,0,0,0,0,0,Additional 50% Reduction,Belize,BLZ,2020-07-04,v3
2020-03-03,ICU_demand,0,0,0,0.02,0,0,Additional 50% Reduction,Belize,BLZ,2020-07-04,v3
2020-03-03,ICU_incidence,0,0,0,0,0,0,Additional 50% Reduction,Belize,BLZ,2020-07-04,v3
2020-03-03,infections,0,2,3,4.62,6.25,17.12,Additional 50% Reduction,Belize,BLZ,2020-07-04,v3
2020-03-03,Rt,2,2.4,2.72,2.83,3.2,4.24,Additional 50% Reduction,Belize,BLZ,2020-07-04,v3
2020-03-03,cumulative_infections,1,6,14,24.86,32,89.5,Maintain Status Quo,Belize,BLZ,2020-07-04,v3
2020-03-03,deaths,0,0,0,0,0,0,Maintain Status Quo,Belize,BLZ,2020-07-04,v3
2020-03-03,hospital_demand,0,0,0,0.21,0,1,Maintain Status Quo,Belize,BLZ,2020-07-04,v3
2020-03-03,hospital_incidence,0,0,0,0,0,0,Maintain Status Quo,Belize,BLZ,2020-07-04,v3
2020-03-03,ICU_demand,0,0,0,0.02,0,0,Maintain Status Quo,Belize,BLZ,2020-07-04,v3
2020-03-03,ICU_incidence,0,0,0,0,0,0,Maintain Status Quo,Belize,BLZ,2020-07-04,v3
2020-03-03,infections,0,2,3,4.62,6.25,17.12,Maintain Status Quo,Belize,BLZ,2020-07-04,v3
2020-03-03,Rt,2,2.4,2.72,2.83,3.2,4.24,Maintain Status Quo,Belize,BLZ,2020-07-04,v3
2020-03-03,cumulative_infections,1,6,14,24.86,32,89.5,Relax Interventions 50%,Belize,BLZ,2020-07-04,v3
2020-03-03,deaths,0,0,0,0,0,0,Relax Interventions 50%,Belize,BLZ,2020-07-04,v3
2020-03-03,hospital_demand,0,0,0,0.21,0,1,Relax Interventions 50%,Belize,BLZ,2020-07-04,v3
2020-03-03,hospital_incidence,0,0,0,0,0,0,Relax Interventions 50%,Belize,BLZ,2020-07-04,v3
2020-03-03,ICU_demand,0,0,0,0.02,0,0,Relax Interventions 50%,Belize,BLZ,2020-07-04,v3
2020-03-03,ICU_incidence,0,0,0,0,0,0,Relax Interventions 50%,Belize,BLZ,2020-07-04,v3
2020-03-03,infections,0,2,3,4.62,6.25,17.12,Relax Interventions 50%,Belize,BLZ,2020-07-04,v3
2020-03-03,Rt,2,2.4,2.72,2.83,3.2,4.24,Relax Interventions 50%,Belize,BLZ,2020-07-04,v3
2020-03-03,cumulative_infections,1,8,18.5,22.68,30.25,63.17,Surged Additional 50% Reduction,Belize,BLZ,2020-07-04,v3
2020-03-03,deaths,0,0,0,0,0,0,Surged Additional 50% Reduction,Belize,BLZ,2020-07-04,v3
2020-03-03,hospital_demand,0,0,0,0.12,0,1,Surged Additional 50% Reduction,Belize,BLZ,2020-07-04,v3
2020-03-03,hospital_incidence,0,0,0,0,0,0,Surged Additional 50% Reduction,Belize,BLZ,2020-07-04,v3
2020-03-03,ICU_demand,0,0,0,0.05,0,1,Surged Additional 50% Reduction,Belize,BLZ,2020-07-04,v3
2020-03-03,ICU_incidence,0,0,0,0,0,0,Surged Additional 50% Reduction,Belize,BLZ,2020-07-04,v3
2020-03-03,infections,0,1,3,3.95,5,12.45,Surged Additional 50% Reduction,Belize,BLZ,2020-07-04,v3
2020-03-03,Rt,2.15,2.41,2.72,2.83,3.04,4.31,Surged Additional 50% Reduction,Belize,BLZ,2020-07-04,v3
2020-03-03,cumulative_infections,1,8,18.5,22.68,30.25,63.17,Surged Maintain Status Quo,Belize,BLZ,2020-07-04,v3
2020-03-03,deaths,0,0,0,0,0,0,Surged Maintain Status Quo,Belize,BLZ,2020-07-04,v3
2020-03-03,hospital_demand,0,0,0,0.12,0,1,Surged Maintain Status Quo,Belize,BLZ,2020-07-04,v3
2020-03-03,hospital_incidence,0,0,0,0,0,0,Surged Maintain Status Quo,Belize,BLZ,2020-07-04,v3
2020-03-03,ICU_demand,0,0,0,0.05,0,1,Surged Maintain Status Quo,Belize,BLZ,2020-07-04,v3
2020-03-03,ICU_incidence,0,0,0,0,0,0,Surged Maintain Status Quo,Belize,BLZ,2020-07-04,v3
2020-03-03,infections,0,1,3,3.95,5,12.45,Surged Maintain Status Quo,Belize,BLZ,2020-07-04,v3
2020-03-03,Rt,2.15,2.41,2.72,2.83,3.04,4.31,Surged Maintain Status Quo,Belize,BLZ,2020-07-04,v3
2020-03-03,cumulative_infections,1,8,18.5,22.68,30.25,63.17,Surged Relax Interventions 50%,Belize,BLZ,2020-07-04,v3
2020-03-03,deaths,0,0,0,0,0,0,Surged Relax Interventions 50%,Belize,BLZ,2020-07-04,v3
2020-03-03,hospital_demand,0,0,0,0.12,0,1,Surged Relax Interventions 50%,Belize,BLZ,2020-07-04,v3
2020-03-03,hospital_incidence,0,0,0,0,0,0,Surged Relax Interventions 50%,Belize,BLZ,2020-07-04,v3
2020-03-03,ICU_demand,0,0,0,0.05,0,1,Surged Relax Interventions 50%,Belize,BLZ,2020-07-04,v3
2020-03-03,ICU_incidence,0,0,0,0,0,0,Surged Relax Interventions 50%,Belize,BLZ,2020-07-04,v3
2020-03-03,infections,0,1,3,3.95,5,12.45,Surged Relax Interventions 50%,Belize,BLZ,2020-07-04,v3
2020-03-03,Rt,2.15,2.41,2.72,2.83,3.04,4.31,Surged Relax Interventions 50%,Belize,BLZ,2020-07-04,v3
2020-03-04,cumulative_infections,2,8,16,29.26,40,108.6,Additional 50% Reduction,Belize,BLZ,2020-07-04,v3
2020-03-04,deaths,0,0,0,0,0,0,Additional 50% Reduction,Belize,BLZ,2020-07-04,v3
2020-03-04,hospital_demand,0,0,0,0.25,0,1,Additional 50% Reduction,Belize,BLZ,2020-07-04,v3
2020-03-04,hospital_incidence,0,0,0,0.01,0,0,Additional 50% Reduction,Belize,BLZ,2020-07-04,v3
2020-03-04,ICU_demand,0,0,0,0.02,0,0,Additional 50% Reduction,Belize,BLZ,2020-07-04,v3
2020-03-04,ICU_incidence,0,0,0,0,0,0,Additional 50% Reduction,Belize,BLZ,2020-07-04,v3
2020-03-04,infections,0,1,3,4.65,7,20.2,Additional 50% Reduction,Belize,BLZ,2020-07-04,v3
2020-03-04,Rt,2.09,2.53,2.84,2.98,3.36,4.45,Additional 50% Reduction,Belize,BLZ,2020-07-04,v3
2020-03-04,cumulative_infections,2,8,16,29.26,40,108.6,Maintain Status Quo,Belize,BLZ,2020-07-04,v3
2020-03-04,deaths,0,0,0,0,0,0,Maintain Status Quo,Belize,BLZ,2020-07-04,v3
2020-03-04,hospital_demand,0,0,0,0.25,0,1,Maintain Status Quo,Belize,BLZ,2020-07-04,v3
2020-03-04,hospital_incidence,0,0,0,0.01,0,0,Maintain Status Quo,Belize,BLZ,2020-07-04,v3
2020-03-04,ICU_demand,0,0,0,0.02,0,0,Maintain Status Quo,Belize,BLZ,2020-07-04,v3
2020-03-04,ICU_incidence,0,0,0,0,0,0,Maintain Status Quo,Belize,BLZ,2020-07-04,v3
2020-03-04,infections,0,1,3,4.65,7,20.2,Maintain Status Quo,Belize,BLZ,2020-07-04,v3
2020-03-04,Rt,2.09,2.53,2.84,2.98,3.36,4.45,Maintain Status Quo,Belize,BLZ,2020-07-04,v3
2020-03-04,cumulative_infections,2,8,16,29.26,40,108.6,Relax Interventions 50%,Belize,BLZ,2020-07-04,v3
2020-03-04,deaths,0,0,0,0,0,0,Relax Interventions 50%,Belize,BLZ,2020-07-04,v3
2020-03-04,hospital_demand,0,0,0,0.25,0,1,Relax Interventions 50%,Belize,BLZ,2020-07-04,v3
2020-03-04,hospital_incidence,0,0,0,0.01,0,0,Relax Interventions 50%,Belize,BLZ,2020-07-04,v3
2020-03-04,ICU_demand,0,0,0,0.02,0,0,Relax Interventions 50%,Belize,BLZ,2020-07-04,v3
2020-03-04,ICU_incidence,0,0,0,0,0,0,Relax Interventions 50%,Belize,BLZ,2020-07-04,v3
2020-03-04,infections,0,1,3,4.65,7,20.2,Relax Interventions 50%,Belize,BLZ,2020-07-04,v3
2020-03-04,Rt,2.09,2.53,2.84,2.98,3.36,4.45,Relax Interventions 50%,Belize,BLZ,2020-07-04,v3
2020-03-04,cumulative_infections,1.35,10,22,26.54,36.5,78.5,Surged Additional 50% Reduction,Belize,BLZ,2020-07-04,v3
2020-03-04,deaths,0,0,0,0,0,0,Surged Additional 50% Reduction,Belize,BLZ,2020-07-04,v3
2020-03-04,hospital_demand,0,0,0,0.14,0,1,Surged Additional 50% Reduction,Belize,BLZ,2020-07-04,v3
2020-03-04,hospital_incidence,0,0,0,0.01,0,0,Surged Additional 50% Reduction,Belize,BLZ,2020-07-04,v3
2020-03-04,ICU_demand,0,0,0,0.05,0,1,Surged Additional 50% Reduction,Belize,BLZ,2020-07-04,v3
2020-03-04,ICU_incidence,0,0,0,0,0,0,Surged Additional 50% Reduction,Belize,BLZ,2020-07-04,v3
2020-03-04,infections,0,2,3,4.57,6,15.6,Surged Additional 50% Reduction,Belize,BLZ,2020-07-04,v3
2020-03-04,Rt,2.25,2.53,2.86,2.98,3.26,4.35,Surged Additional 50% Reduction,Belize,BLZ,2020-07-04,v3
2020-03-04,cumulative_infections,1.35,10,22,26.54,36.5,78.5,Surged Maintain Status Quo,Belize,BLZ,2020-07-04,v3
2020-03-04,deaths,0,0,0,0,0,0,Surged Maintain Status Quo,Belize,BLZ,2020-07-04,v3
2020-03-04,hospital_demand,0,0,0,0.14,0,1,Surged Maintain Status Quo,Belize,BLZ,2020-07-04,v3
2020-03-04,hospital_incidence,0,0,0,0.01,0,0,Surged Maintain Status Quo,Belize,BLZ,2020-07-04,v3
2020-03-04,ICU_demand,0,0,0,0.05,0,1,Surged Maintain Status Quo,Belize,BLZ,2020-07-04,v3
2020-03-04,ICU_incidence,0,0,0,0,0,0,Surged Maintain Status Quo,Belize,BLZ,2020-07-04,v3
2020-03-04,infections,0,2,3,4.57,6,15.6,Surged Maintain Status Quo,Belize,BLZ,2020-07-04,v3
2020-03-04,Rt,2.25,2.53,2.86,2.98,3.26,4.35,Surged Maintain Status Quo,Belize,BLZ,2020-07-04,v3
2020-03-04,cumulative_infections,1.35,10,22,26.54,36.5,78.5,Surged Relax Interventions 50%,Belize,BLZ,2020-07-04,v3
2020-03-04,deaths,0,0,0,0,0,0,Surged Relax Interventions 50%,Belize,BLZ,2020-07-04,v3
2020-03-04,hospital_demand,0,0,0,0.14,0,1,Surged Relax Interventions 50%,Belize,BLZ,2020-07-04,v3
2020-03-04,hospital_incidence,0,0,0,0.01,0,0,Surged Relax Interventions 50%,Belize,BLZ,2020-07-04,v3
2020-03-04,ICU_demand,0,0,0,0.05,0,1,Surged Relax Interventions 50%,Belize,BLZ,2020-07-04,v3
2020-03-04,ICU_incidence,0,0,0,0,0,0,Surged Relax Interventions 50%,Belize,BLZ,2020-07-04,v3
2020-03-04,infections,0,2,3,4.57,6,15.6,Surged Relax Interventions 50%,Belize,BLZ,2020-07-04,v3
2020-03-04,Rt,2.25,2.53,2.86,2.98,3.26,4.35,Surged Relax Interventions 50%,Belize,BLZ,2020-07-04,v3
2020-03-05,cumulative_infections,1,9.5,21,34.48,46,123,Additional 50% Reduction,Belize,BLZ,2020-07-04,v3
2020-03-05,deaths,0,0,0,0,0,0,Additional 50% Reduction,Belize,BLZ,2020-07-04,v3
2020-03-05,hospital_demand,0,0,0,0.28,0,2,Additional 50% Reduction,Belize,BLZ,2020-07-04,v3
2020-03-05,hospital_incidence,0,0,0,0,0,0,Additional 50% Reduction,Belize,BLZ,2020-07-04,v3
2020-03-05,ICU_demand,0,0,0,0.04,0,1,Additional 50% Reduction,Belize,BLZ,2020-07-04,v3
2020-03-05,ICU_incidence,0,0,0,0,0,0,Additional 50% Reduction,Belize,BLZ,2020-07-04,v3
2020-03-05,infections,0,2,5,5.82,7.5,22,Additional 50% Reduction,Belize,BLZ,2020-07-04,v3
2020-03-05,Rt,2.21,2.67,3,3.17,3.59,4.71,Additional 50% Reduction,Belize,BLZ,2020-07-04,v3
2020-03-05,cumulative_infections,1,9.5,21,34.48,46,123,Maintain Status Quo,Belize,BLZ,2020-07-04,v3
2020-03-05,deaths,0,0,0,0,0,0,Maintain Status Quo,Belize,BLZ,2020-07-04,v3
2020-03-05,hospital_demand,0,0,0,0.28,0,2,Maintain Status Quo,Belize,BLZ,2020-07-04,v3
2020-03-05,hospital_incidence,0,0,0,0,0,0,Maintain Status Quo,Belize,BLZ,2020-07-04,v3
2020-03-05,ICU_demand,0,0,0,0.04,0,1,Maintain Status Quo,Belize,BLZ,2020-07-04,v3
2020-03-05,ICU_incidence,0,0,0,0,0,0,Maintain Status Quo,Belize,BLZ,2020-07-04,v3
2020-03-05,infections,0,2,5,5.82,7.5,22,Maintain Status Quo,Belize,BLZ,2020-07-04,v3
2020-03-05,Rt,2.21,2.67,3,3.17,3.59,4.71,Maintain Status Quo,Belize,BLZ,2020-07-04,v3
2020-03-05,cumulative_infections,1,9.5,21,34.48,46,123,Relax Interventions 50%,Belize,BLZ,2020-07-04,v3
2020-03-05,deaths,0,0,0,0,0,0,Relax Interventions 50%,Belize,BLZ,2020-07-04,v3
2020-03-05,hospital_demand,0,0,0,0.28,0,2,Relax Interventions 50%,Belize,BLZ,2020-07-04,v3
2020-03-05,hospital_incidence,0,0,0,0,0,0,Relax Interventions 50%,Belize,BLZ,2020-07-04,v3
2020-03-05,ICU_demand,0,0,0,0.04,0,1,Relax Interventions 50%,Belize,BLZ,2020-07-04,v3
2020-03-05,ICU_incidence,0,0,0,0,0,0,Relax Interventions 50%,Belize,BLZ,2020-07-04,v3
2020-03-05,infections,0,2,5,5.82,7.5,22,Relax Interventions 50%,Belize,BLZ,2020-07-04,v3
2020-03-05,Rt,2.21,2.67,3,3.17,3.59,4.71,Relax Interventions 50%,Belize,BLZ,2020-07-04,v3
2020-03-05,cumulative_infections,1.4,11,25,31.75,43,99,Surged Additional 50% Reduction,Belize,BLZ,2020-07-04,v3
2020-03-05,deaths,0,0,0,0,0,0,Surged Additional 50% Reduction,Belize,BLZ,2020-07-04,v3
2020-03-05,hospital_demand,0,0,0,0.18,0,1,Surged Additional 50% Reduction,Belize,BLZ,2020-07-04,v3
2020-03-05,hospital_incidence,0,0,0,0.01,0,0,Surged Additional 50% Reduction,Belize,BLZ,2020-07-04,v3
2020-03-05,ICU_demand,0,0,0,0.05,0,1,Surged Additional 50% Reduction,Belize,BLZ,2020-07-04,v3
2020-03-05,ICU_incidence,0,0,0,0,0,0,Surged Additional 50% Reduction,Belize,BLZ,2020-07-04,v3
2020-03-05,infections,0,2,4,5.76,8,21.2,Surged Additional 50% Reduction,Belize,BLZ,2020-07-04,v3
2020-03-05,Rt,2.37,2.67,3.04,3.17,3.46,4.61,Surged Additional 50% Reduction,Belize,BLZ,2020-07-04,v3
2020-03-05,cumulative_infections,1.4,11,25,31.75,43,99,Surged Maintain Status Quo,Belize,BLZ,2020-07-04,v3
2020-03-05,deaths,0,0,0,0,0,0,Surged Maintain Status Quo,Belize,BLZ,2020-07-04,v3
2020-03-05,hospital_demand,0,0,0,0.18,0,1,Surged Maintain Status Quo,Belize,BLZ,2020-07-04,v3
2020-03-05,hospital_incidence,0,0,0,0.01,0,0,Surged Maintain Status Quo,Belize,BLZ,2020-07-04,v3
2020-03-05,ICU_demand,0,0,0,0.05,0,1,Surged Maintain Status Quo,Belize,BLZ,2020-07-04,v3
2020-03-05,ICU_incidence,0,0,0,0,0,0,Surged Maintain Status Quo,Belize,BLZ,2020-07-04,v3
2020-03-05,infections,0,2,4,5.76,8,21.2,Surged Maintain Status Quo,Belize,BLZ,2020-07-04,v3
2020-03-05,Rt,2.37,2.67,3.04,3.17,3.46,4.61,Surged Maintain Status Quo,Belize,BLZ,2020-07-04,v3
2020-03-05,cumulative_infections,1.4,11,25,31.75,43,99,Surged Relax Interventions 50%,Belize,BLZ,2020-07-04,v3
2020-03-05,deaths,0,0,0,0,0,0,Surged Relax Interventions 50%,Belize,BLZ,2020-07-04,v3
2020-03-05,hospital_demand,0,0,0,0.18,0,1,Surged Relax Interventions 50%,Belize,BLZ,2020-07-04,v3
2020-03-05,hospital_incidence,0,0,0,0.01,0,0,Surged Relax Interventions 50%,Belize,BLZ,2020-07-04,v3
2020-03-05,ICU_demand,0,0,0,0.05,0,1,Surged Relax Interventions 50%,Belize,BLZ,2020-07-04,v3
2020-03-05,ICU_incidence,0,0,0,0,0,0,Surged Relax Interventions 50%,Belize,BLZ,2020-07-04,v3
2020-03-05,infections,0,2,4,5.76,8,21.2,Surged Relax Interventions 50%,Belize,BLZ,2020-07-04,v3
2020-03-05,Rt,2.37,2.67,3.04,3.17,3.46,4.61,Surged Relax Interventions 50%,Belize,BLZ,2020-07-04,v3
2020-03-06,cumulative_infections,1,12,25,40.94,56,143.85,Additional 50% Reduction,Belize,BLZ,2020-07-04,v3
2020-03-06,deaths,0,0,0,0,0,0,Additional 50% Reduction,Belize,BLZ,2020-07-04,v3
2020-03-06,hospital_demand,0,0,0,0.35,1,2,Additional 50% Reduction,Belize,BLZ,2020-07-04,v3
2020-03-06,hospital_incidence,0,0,0,0,0,0,Additional 50% Reduction,Belize,BLZ,2020-07-04,v3
2020-03-06,ICU_demand,0,0,0,0.04,0,1,Additional 50% Reduction,Belize,BLZ,2020-07-04,v3
2020-03-06,ICU_incidence,0,0,0,0,0,0,Additional 50% Reduction,Belize,BLZ,2020-07-04,v3
2020-03-06,infections,0,3,4,6.45,8.5,22.2,Additional 50% Reduction,Belize,BLZ,2020-07-04,v3
2020-03-06,Rt,1.99,2.37,2.7,2.79,3.15,4.17,Additional 50% Reduction,Belize,BLZ,2020-07-04,v3
2020-03-06,cumulative_infections,1,12,25,40.94,56,143.85,Maintain Status Quo,Belize,BLZ,2020-07-04,v3
2020-03-06,deaths,0,0,0,0,0,0,Maintain Status Quo,Belize,BLZ,2020-07-04,v3
2020-03-06,hospital_demand,0,0,0,0.35,1,2,Maintain Status Quo,Belize,BLZ,2020-07-04,v3
2020-03-06,hospital_incidence,0,0,0,0,0,0,Maintain Status Quo,Belize,BLZ,2020-07-04,v3
2020-03-06,ICU_demand,0,0,0,0.04,0,1,Maintain Status Quo,Belize,BLZ,2020-07-04,v3
2020-03-06,ICU_incidence,0,0,0,0,0,0,Maintain Status Quo,Belize,BLZ,2020-07-04,v3
2020-03-06,infections,0,3,4,6.45,8.5,22.2,Maintain Status Quo,Belize,BLZ,2020-07-04,v3
2020-03-06,Rt,1.99,2.37,2.7,2.79,3.15,4.17,Maintain Status Quo,Belize,BLZ,2020-07-04,v3
2020-03-06,cumulative_infections,1,12,25,40.94,56,143.85,Relax Interventions 50%,Belize,BLZ,2020-07-04,v3
2020-03-06,deaths,0,0,0,0,0,0,Relax Interventions 50%,Belize,BLZ,2020-07-04,v3
2020-03-06,hospital_demand,0,0,0,0.35,1,2,Relax Interventions 50%,Belize,BLZ,2020-07-04,v3
2020-03-06,hospital_incidence,0,0,0,0,0,0,Relax Interventions 50%,Belize,BLZ,2020-07-04,v3
2020-03-06,ICU_demand,0,0,0,0.04,0,1,Relax Interventions 50%,Belize,BLZ,2020-07-04,v3
2020-03-06,ICU_incidence,0,0,0,0,0,0,Relax Interventions 50%,Belize,BLZ,2020-07-04,v3
2020-03-06,infections,0,3,4,6.45,8.5,22.2,Relax Interventions 50%,Belize,BLZ,2020-07-04,v3
2020-03-06,Rt,1.99,2.37,2.7,2.79,3.15,4.17,Relax Interventions 50%,Belize,BLZ,2020-07-04,v3
2020-03-06,cumulative_infections,0.45,13.5,29,37.59,52.5,122.3,Surged Additional 50% Reduction,Belize,BLZ,2020-07-04,v3
2020-03-06,deaths,0,0,0,0.02,0,0,Surged Additional 50% Reduction,Belize,BLZ,2020-07-04,v3
2020-03-06,hospital_demand,0,0,0,0.22,0,1.55,Surged Additional 50% Reduction,Belize,BLZ,2020-07-04,v3
2020-03-06,hospital_incidence,0,0,0,0,0,0,Surged Additional 50% Reduction,Belize,BLZ,2020-07-04,v3
2020-03-06,ICU_demand,0,0,0,0.04,0,1,Surged Additional 50% Reduction,Belize,BLZ,2020-07-04,v3
2020-03-06,ICU_incidence,0,0,0,0,0,0,Surged Additional 50% Reduction,Belize,BLZ,2020-07-04,v3
2020-03-06,infections,0,2.5,5,6.47,9,23.75,Surged Additional 50% Reduction,Belize,BLZ,2020-07-04,v3
2020-03-06,Rt,2.13,2.38,2.69,2.78,2.99,4.04,Surged Additional 50% Reduction,Belize,BLZ,2020-07-04,v3
2020-03-06,cumulative_infections,0.45,13.5,29,37.59,52.5,122.3,Surged Maintain Status Quo,Belize,BLZ,2020-07-04,v3
2020-03-06,deaths,0,0,0,0.02,0,0,Surged Maintain Status Quo,Belize,BLZ,2020-07-04,v3
2020-03-06,hospital_demand,0,0,0,0.22,0,1.55,Surged Maintain Status Quo,Belize,BLZ,2020-07-04,v3
2020-03-06,hospital_incidence,0,0,0,0,0,0,Surged Maintain Status Quo,Belize,BLZ,2020-07-04,v3
2020-03-06,ICU_demand,0,0,0,0.04,0,1,Surged Maintain Status Quo,Belize,BLZ,2020-07-04,v3
2020-03-06,ICU_incidence,0,0,0,0,0,0,Surged Maintain Status Quo,Belize,BLZ,2020-07-04,v3
2020-03-06,infections,0,2.5,5,6.47,9,23.75,Surged Maintain Status Quo,Belize,BLZ,2020-07-04,v3
2020-03-06,Rt,2.13,2.38,2.69,2.78,2.99,4.04,Surged Maintain Status Quo,Belize,BLZ,2020-07-04,v3
2020-03-06,cumulative_infections,0.45,13.5,29,37.59,52.5,122.3,Surged Relax Interventions 50%,Belize,BLZ,2020-07-04,v3
2020-03-06,deaths,0,0,0,0.02,0,0,Surged Relax Interventions 50%,Belize,BLZ,2020-07-04,v3
2020-03-06,hospital_demand,0,0,0,0.22,0,1.55,Surged Relax Interventions 50%,Belize,BLZ,2020-07-04,v3
2020-03-06,hospital_incidence,0,0,0,0,0,0,Surged Relax Interventions 50%,Belize,BLZ,2020-07-04,v3
2020-03-06,ICU_demand,0,0,0,0.04,0,1,Surged Relax Interventions 50%,Belize,BLZ,2020-07-04,v3
2020-03-06,ICU_incidence,0,0,0,0,0,0,Surged Relax Interventions 50%,Belize,BLZ,2020-07-04,v3
2020-03-06,infections,0,2.5,5,6.47,9,23.75,Surged Relax Interventions 50%,Belize,BLZ,2020-07-04,v3
2020-03-06,Rt,2.13,2.38,2.69,2.78,2.99,4.04,Surged Relax Interventions 50%,Belize,BLZ,2020-07-04,v3
2020-03-07,cumulative_infections,3,15,30,48.64,68,172.25,Additional 50% Reduction,Belize,BLZ,2020-07-04,v3
2020-03-07,deaths,0,0,0,0.02,0,0,Additional 50% Reduction,Belize,BLZ,2020-07-04,v3
2020-03-07,hospital_demand,0,0,0,0.37,1,2,Additional 50% Reduction,Belize,BLZ,2020-07-04,v3
2020-03-07,hospital_incidence,0,0,0,0,0,0,Additional 50% Reduction,Belize,BLZ,2020-07-04,v3
2020-03-07,ICU_demand,0,0,0,0.04,0,1,Additional 50% Reduction,Belize,BLZ,2020-07-04,v3
2020-03-07,ICU_incidence,0,0,0,0.01,0,0,Additional 50% Reduction,Belize,BLZ,2020-07-04,v3
2020-03-07,infections,0,3,5,7.7,10.5,26.55,Additional 50% Reduction,Belize,BLZ,2020-07-04,v3
2020-03-07,Rt,2.04,2.47,2.77,2.91,3.28,4.38,Additional 50% Reduction,Belize,BLZ,2020-07-04,v3
2020-03-07,cumulative_infections,3,15,30,48.64,68,172.25,Maintain Status Quo,Belize,BLZ,2020-07-04,v3
2020-03-07,deaths,0,0,0,0.02,0,0,Maintain Status Quo,Belize,BLZ,2020-07-04,v3
2020-03-07,hospital_demand,0,0,0,0.37,1,2,Maintain Status Quo,Belize,BLZ,2020-07-04,v3
2020-03-07,hospital_incidence,0,0,0,0,0,0,Maintain Status Quo,Belize,BLZ,2020-07-04,v3
2020-03-07,ICU_demand,0,0,0,0.04,0,1,Maintain Status Quo,Belize,BLZ,2020-07-04,v3
2020-03-07,ICU_incidence,0,0,0,0.01,0,0,Maintain Status Quo,Belize,BLZ,2020-07-04,v3
2020-03-07,infections,0,3,5,7.7,10.5,26.55,Maintain Status Quo,Belize,BLZ,2020-07-04,v3
2020-03-07,Rt,2.04,2.47,2.77,2.91,3.28,4.38,Maintain Status Quo,Belize,BLZ,2020-07-04,v3
2020-03-07,cumulative_infections,3,15,30,48.64,68,172.25,Relax Interventions 50%,Belize,BLZ,2020-07-04,v3
2020-03-07,deaths,0,0,0,0.02,0,0,Relax Interventions 50%,Belize,BLZ,2020-07-04,v3
2020-03-07,hospital_demand,0,0,0,0.37,1,2,Relax Interventions 50%,Belize,BLZ,2020-07-04,v3
2020-03-07,hospital_incidence,0,0,0,0,0,0,Relax Interventions 50%,Belize,BLZ,2020-07-04,v3
2020-03-07,ICU_demand,0,0,0,0.04,0,1,Relax Interventions 50%,Belize,BLZ,2020-07-04,v3
2020-03-07,ICU_incidence,0,0,0,0.01,0,0,Relax Interventions 50%,Belize,BLZ,2020-07-04,v3
2020-03-07,infections,0,3,5,7.7,10.5,26.55,Relax Interventions 50%,Belize,BLZ,2020-07-04,v3
2020-03-07,Rt,2.04,2.47,2.77,2.91,3.28,4.38,Relax Interventions 50%,Belize,BLZ,2020-07-04,v3
2020-03-07,cumulative_infections,2.45,18,35,45.66,62.5,147.95,Surged Additional 50% Reduction,Belize,BLZ,2020-07-04,v3
2020-03-07,deaths,0,0,0,0,0,0,Surged Additional 50% Reduction,Belize,BLZ,2020-07-04,v3
2020-03-07,hospital_demand,0,0,0,0.32,1,2,Surged Additional 50% Reduction,Belize,BLZ,2020-07-04,v3
2020-03-07,hospital_incidence,0,0,0,0,0,0,Surged Additional 50% Reduction,Belize,BLZ,2020-07-04,v3
2020-03-07,ICU_demand,0,0,0,0.05,0,1,Surged Additional 50% Reduction,Belize,BLZ,2020-07-04,v3
2020-03-07,ICU_incidence,0,0,0,0.01,0,0,Surged Additional 50% Reduction,Belize,BLZ,2020-07-04,v3
2020-03-07,infections,0,3.5,7,8.07,10,25.65,Surged Additional 50% Reduction,Belize,BLZ,2020-07-04,v3
2020-03-07,Rt,2.2,2.47,2.79,2.9,3.15,4.22,Surged Additional 50% Reduction,Belize,BLZ,2020-07-04,v3
2020-03-07,cumulative_infections,2.45,18,35,45.66,62.5,147.95,Surged Maintain Status Quo,Belize,BLZ,2020-07-04,v3
2020-03-07,deaths,0,0,0,0,0,0,Surged Maintain Status Quo,Belize,BLZ,2020-07-04,v3
2020-03-07,hospital_demand,0,0,0,0.32,1,2,Surged Maintain Status Quo,Belize,BLZ,2020-07-04,v3
2020-03-07,hospital_incidence,0,0,0,0,0,0,Surged Maintain Status Quo,Belize,BLZ,2020-07-04,v3
2020-03-07,ICU_demand,0,0,0,0.05,0,1,Surged Maintain Status Quo,Belize,BLZ,2020-07-04,v3
2020-03-07,ICU_incidence,0,0,0,0.01,0,0,Surged Maintain Status Quo,Belize,BLZ,2020-07-04,v3
2020-03-07,infections,0,3.5,7,8.07,10,25.65,Surged Maintain Status Quo,Belize,BLZ,2020-07-04,v3
2020-03-07,Rt,2.2,2.47,2.79,2.9,3.15,4.22,Surged Maintain Status Quo,Belize,BLZ,2020-07-04,v3
2020-03-07,cumulative_infections,2.45,18,35,45.66,62.5,147.95,Surged Relax Interventions 50%,Belize,BLZ,2020-07-04,v3
2020-03-07,deaths,0,0,0,0,0,0,Surged Relax Interventions 50%,Belize,BLZ,2020-07-04,v3
2020-03-07,hospital_demand,0,0,0,0.32,1,2,Surged Relax Interventions 50%,Belize,BLZ,2020-07-04,v3
2020-03-07,hospital_incidence,0,0,0,0,0,0,Surged Relax Interventions 50%,Belize,BLZ,2020-07-04,v3
2020-03-07,ICU_demand,0,0,0,0.05,0,1,Surged Relax Interventions 50%,Belize,BLZ,2020-07-04,v3
2020-03-07,ICU_incidence,0,0,0,0.01,0,0,Surged Relax Interventions 50%,Belize,BLZ,2020-07-04,v3
2020-03-07,infections,0,3.5,7,8.07,10,25.65,Surged Relax Interventions 50%,Belize,BLZ,2020-07-04,v3
2020-03-07,Rt,2.2,2.47,2.79,2.9,3.15,4.22,Surged Relax Interventions 50%,Belize,BLZ,2020-07-04,v3
2020-03-08,cumulative_infections,4,19,38,57.63,86,196.75,Additional 50% Reduction,Belize,BLZ,2020-07-04,v3
2020-03-08,deaths,0,0,0,0,0,0,Additional 50% Reduction,Belize,BLZ,2020-07-04,v3
2020-03-08,hospital_demand,0,0,0,0.41,1,2,Additional 50% Reduction,Belize,BLZ,2020-07-04,v3
2020-03-08,hospital_incidence,0,0,0,0.01,0,0,Additional 50% Reduction,Belize,BLZ,2020-07-04,v3
2020-03-08,ICU_demand,0,0,0,0.05,0,1,Additional 50% Reduction,Belize,BLZ,2020-07-04,v3
2020-03-08,ICU_incidence,0,0,0,0,0,0,Additional 50% Reduction,Belize,BLZ,2020-07-04,v3
2020-03-08,infections,1,3,7,8.99,13,26.55,Additional 50% Reduction,Belize,BLZ,2020-07-04,v3
2020-03-08,Rt,1.98,2.36,2.68,2.77,3.13,4.13,Additional 50% Reduction,Belize,BLZ,2020-07-04,v3
2020-03-08,cumulative_infections,4,19,38,57.63,86,196.75,Maintain Status Quo,Belize,BLZ,2020-07-04,v3
2020-03-08,deaths,0,0,0,0,0,0,Maintain Status Quo,Belize,BLZ,2020-07-04,v3
2020-03-08,hospital_demand,0,0,0,0.41,1,2,Maintain Status Quo,Belize,BLZ,2020-07-04,v3
2020-03-08,hospital_incidence,0,0,0,0.01,0,0,Maintain Status Quo,Belize,BLZ,2020-07-04,v3
2020-03-08,ICU_demand,0,0,0,0.05,0,1,Maintain Status Quo,Belize,BLZ,2020-07-04,v3
2020-03-08,ICU_incidence,0,0,0,0,0,0,Maintain Status Quo,Belize,BLZ,2020-07-04,v3
2020-03-08,infections,1,3,7,8.99,13,26.55,Maintain Status Quo,Belize,BLZ,2020-07-04,v3
2020-03-08,Rt,1.98,2.36,2.68,2.77,3.13,4.13,Maintain Status Quo,Belize,BLZ,2020-07-04,v3
2020-03-08,cumulative_infections,4,19,38,57.63,86,196.75,Relax Interventions 50%,Belize,BLZ,2020-07-04,v3
2020-03-08,deaths,0,0,0,0,0,0,Relax Interventions 50%,Belize,BLZ,2020-07-04,v3
2020-03-08,hospital_demand,0,0,0,0.41,1,2,Relax Interventions 50%,Belize,BLZ,2020-07-04,v3
2020-03-08,hospital_incidence,0,0,0,0.01,0,0,Relax Interventions 50%,Belize,BLZ,2020-07-04,v3
2020-03-08,ICU_demand,0,0,0,0.05,0,1,Relax Interventions 50%,Belize,BLZ,2020-07-04,v3
2020-03-08,ICU_incidence,0,0,0,0,0,0,Relax Interventions 50%,Belize,BLZ,2020-07-04,v3
2020-03-08,infections,1,3,7,8.99,13,26.55,Relax Interventions 50%,Belize,BLZ,2020-07-04,v3
2020-03-08,Rt,1.98,2.36,2.68,2.77,3.13,4.13,Relax Interventions 50%,Belize,BLZ,2020-07-04,v3
2020-03-08,cumulative_infections,4,21.5,42,54.19,74,177.7,Surged Additional 50% Reduction,Belize,BLZ,2020-07-04,v3
2020-03-08,deaths,0,0,0,0,0,0,Surged Additional 50% Reduction,Belize,BLZ,2020-07-04,v3
2020-03-08,hospital_demand,0,0,0,0.41,1,2,Surged Additional 50% Reduction,Belize,BLZ,2020-07-04,v3
2020-03-08,hospital_incidence,0,0,0,0,0,0,Surged Additional 50% Reduction,Belize,BLZ,2020-07-04,v3
2020-03-08,ICU_demand,0,0,0,0.06,0,1,Surged Additional 50% Reduction,Belize,BLZ,2020-07-04,v3
2020-03-08,ICU_incidence,0,0,0,0,0,0,Surged Additional 50% Reduction,Belize,BLZ,2020-07-04,v3
2020-03-08,infections,0.45,3,6,8.54,11,31.55,Surged Additional 50% Reduction,Belize,BLZ,2020-07-04,v3
2020-03-08,Rt,2.11,2.36,2.67,2.76,2.97,4.01,Surged Additional 50% Reduction,Belize,BLZ,2020-07-04,v3
2020-03-08,cumulative_infections,4,21.5,42,54.19,74,177.7,Surged Maintain Status Quo,Belize,BLZ,2020-07-04,v3
2020-03-08,deaths,0,0,0,0,0,0,Surged Maintain Status Quo,Belize,BLZ,2020-07-04,v3
2020-03-08,hospital_demand,0,0,0,0.41,1,2,Surged Maintain Status Quo,Belize,BLZ,2020-07-04,v3
2020-03-08,hospital_incidence,0,0,0,0,0,0,Surged Maintain Status Quo,Belize,BLZ,2020-07-04,v3
2020-03-08,ICU_demand,0,0,0,0.06,0,1,Surged Maintain Status Quo,Belize,BLZ,2020-07-04,v3
2020-03-08,ICU_incidence,0,0,0,0,0,0,Surged Maintain Status Quo,Belize,BLZ,2020-07-04,v3
2020-03-08,infections,0.45,3,6,8.54,11,31.55,Surged Maintain Status Quo,Belize,BLZ,2020-07-04,v3
2020-03-08,Rt,2.11,2.36,2.67,2.76,2.97,4.01,Surged Maintain Status Quo,Belize,BLZ,2020-07-04,v3
2020-03-08,cumulative_infections,4,21.5,42,54.19,74,177.7,Surged Relax Interventions 50%,Belize,BLZ,2020-07-04,v3
2020-03-08,deaths,0,0,0,0,0,0,Surged Relax Interventions 50%,Belize,BLZ,2020-07-04,v3
2020-03-08,hospital_demand,0,0,0,0.41,1,2,Surged Relax Interventions 50%,Belize,BLZ,2020-07-04,v3
2020-03-08,hospital_incidence,0,0,0,0,0,0,Surged Relax Interventions 50%,Belize,BLZ,2020-07-04,v3
2020-03-08,ICU_demand,0,0,0,0.06,0,1,Surged Relax Interventions 50%,Belize,BLZ,2020-07-04,v3
2020-03-08,ICU_incidence,0,0,0,0,0,0,Surged Relax Interventions 50%,Belize,BLZ,2020-07-04,v3
2020-03-08,infections,0.45,3,6,8.54,11,31.55,Surged Relax Interventions 50%,Belize,BLZ,2020-07-04,v3
2020-03-08,Rt,2.11,2.36,2.67,2.76,2.97,4.01,Surged Relax Interventions 50%,Belize,BLZ,2020-07-04,v3
2020-03-09,cumulative_infections,5,23.5,45.5,68.14,100.25,236.27,Additional 50% Reduction,Belize,BLZ,2020-07-04,v3
2020-03-09,deaths,0,0,0,0,0,0,Additional 50% Reduction,Belize,BLZ,2020-07-04,v3
2020-03-09,hospital_demand,0,0,0,0.45,1,2,Additional 50% Reduction,Belize,BLZ,2020-07-04,v3
2020-03-09,hospital_incidence,0,0,0,0.02,0,0,Additional 50% Reduction,Belize,BLZ,2020-07-04,v3
2020-03-09,ICU_demand,0,0,0,0.07,0,1,Additional 50% Reduction,Belize,BLZ,2020-07-04,v3
2020-03-09,ICU_incidence,0,0,0,0,0,0,Additional 50% Reduction,Belize,BLZ,2020-07-04,v3
2020-03-09,infections,1,5,8,11.09,13,37.2,Additional 50% Reduction,Belize,BLZ,2020-07-04,v3
2020-03-09,Rt,0.33,0.5,0.65,0.71,0.89,1.3,Additional 50% Reduction,Belize,BLZ,2020-07-04,v3
2020-03-09,cumulative_infections,5,23.5,45.5,68.14,100.25,236.27,Maintain Status Quo,Belize,BLZ,2020-07-04,v3
2020-03-09,deaths,0,0,0,0,0,0,Maintain Status Quo,Belize,BLZ,2020-07-04,v3
2020-03-09,hospital_demand,0,0,0,0.45,1,2,Maintain Status Quo,Belize,BLZ,2020-07-04,v3
2020-03-09,hospital_incidence,0,0,0,0.02,0,0,Maintain Status Quo,Belize,BLZ,2020-07-04,v3
2020-03-09,ICU_demand,0,0,0,0.07,0,1,Maintain Status Quo,Belize,BLZ,2020-07-04,v3
2020-03-09,ICU_incidence,0,0,0,0,0,0,Maintain Status Quo,Belize,BLZ,2020-07-04,v3
2020-03-09,infections,1,5,8,11.09,13,37.2,Maintain Status Quo,Belize,BLZ,2020-07-04,v3
2020-03-09,Rt,0.33,0.5,0.65,0.71,0.89,1.3,Maintain Status Quo,Belize,BLZ,2020-07-04,v3
2020-03-09,cumulative_infections,5,23.5,45.5,68.14,100.25,236.27,Relax Interventions 50%,Belize,BLZ,2020-07-04,v3
2020-03-09,deaths,0,0,0,0,0,0,Relax Interventions 50%,Belize,BLZ,2020-07-04,v3
2020-03-09,hospital_demand,0,0,0,0.45,1,2,Relax Interventions 50%,Belize,BLZ,2020-07-04,v3
2020-03-09,hospital_incidence,0,0,0,0.02,0,0,Relax Interventions 50%,Belize,BLZ,2020-07-04,v3
2020-03-09,ICU_demand,0,0,0,0.07,0,1,Relax Interventions 50%,Belize,BLZ,2020-07-04,v3
2020-03-09,ICU_incidence,0,0,0,0,0,0,Relax Interventions 50%,Belize,BLZ,2020-07-04,v3
2020-03-09,infections,1,5,8,11.09,13,37.2,Relax Interventions 50%,Belize,BLZ,2020-07-04,v3
2020-03-09,Rt,0.33,0.5,0.65,0.71,0.89,1.3,Relax Interventions 50%,Belize,BLZ,2020-07-04,v3
2020-03-09,cumulative_infections,4,28,49,65.52,89,221.25,Surged Additional 50% Reduction,Belize,BLZ,2020-07-04,v3
2020-03-09,deaths,0,0,0,0.01,0,0,Surged Additional 50% Reduction,Belize,BLZ,2020-07-04,v3
2020-03-09,hospital_demand,0,0,0,0.53,1,2.55,Surged Additional 50% Reduction,Belize,BLZ,2020-07-04,v3
2020-03-09,hospital_incidence,0,0,0,0.01,0,0,Surged Additional 50% Reduction,Belize,BLZ,2020-07-04,v3
2020-03-09,ICU_demand,0,0,0,0.07,0,1,Surged Additional 50% Reduction,Belize,BLZ,2020-07-04,v3
2020-03-09,ICU_incidence,0,0,0,0,0,0,Surged Additional 50% Reduction,Belize,BLZ,2020-07-04,v3
2020-03-09,infections,0.45,4,10,11.32,15,36.1,Surged Additional 50% Reduction,Belize,BLZ,2020-07-04,v3
2020-03-09,Rt,0.29,0.51,0.66,0.72,0.87,1.25,Surged Additional 50% Reduction,Belize,BLZ,2020-07-04,v3
2020-03-09,cumulative_infections,4,28,49,65.52,89,221.25,Surged Maintain Status Quo,Belize,BLZ,2020-07-04,v3
2020-03-09,deaths,0,0,0,0.01,0,0,Surged Maintain Status Quo,Belize,BLZ,2020-07-04,v3
2020-03-09,hospital_demand,0,0,0,0.53,1,2.55,Surged Maintain Status Quo,Belize,BLZ,2020-07-04,v3
2020-03-09,hospital_incidence,0,0,0,0.01,0,0,Surged Maintain Status Quo,Belize,BLZ,2020-07-04,v3
2020-03-09,ICU_demand,0,0,0,0.07,0,1,Surged Maintain Status Quo,Belize,BLZ,2020-07-04,v3
2020-03-09,ICU_incidence,0,0,0,0,0,0,Surged Maintain Status Quo,Belize,BLZ,2020-07-04,v3
2020-03-09,infections,0.45,4,10,11.32,15,36.1,Surged Maintain Status Quo,Belize,BLZ,2020-07-04,v3
2020-03-09,Rt,0.29,0.51,0.66,0.72,0.87,1.25,Surged Maintain Status Quo,Belize,BLZ,2020-07-04,v3
2020-03-09,cumulative_infections,4,28,49,65.52,89,221.25,Surged Relax Interventions 50%,Belize,BLZ,2020-07-04,v3
2020-03-09,deaths,0,0,0,0.01,0,0,Surged Relax Interventions 50%,Belize,BLZ,2020-07-04,v3
2020-03-09,hospital_demand,0,0,0,0.53,1,2.55,Surged Relax Interventions 50%,Belize,BLZ,2020-07-04,v3
2020-03-09,hospital_incidence,0,0,0,0.01,0,0,Surged Relax Interventions 50%,Belize,BLZ,2020-07-04,v3
2020-03-09,ICU_demand,0,0,0,0.07,0,1,Surged Relax Interventions 50%,Belize,BLZ,2020-07-04,v3
2020-03-09,ICU_incidence,0,0,0,0,0,0,Surged Relax Interventions 50%,Belize,BLZ,2020-07-04,v3
2020-03-09,infections,0.45,4,10,11.32,15,36.1,Surged Relax Interventions 50%,Belize,BLZ,2020-07-04,v3
2020-03-09,Rt,0.29,0.51,0.66,0.72,0.87,1.25,Surged Relax Interventions 50%,Belize,BLZ,2020-07-04,v3
2020-03-10,cumulative_infections,5.47,28.5,56,80.72,117,276,Additional 50% Reduction,Belize,BLZ,2020-07-04,v3
2020-03-10,deaths,0,0,0,0,0,0,Additional 50% Reduction,Belize,BLZ,2020-07-04,v3
2020-03-10,hospital_demand,0,0,0,0.55,1,2.52,Additional 50% Reduction,Belize,BLZ,2020-07-04,v3
2020-03-10,hospital_incidence,0,0,0,0,0,0,Additional 50% Reduction,Belize,BLZ,2020-07-04,v3
2020-03-10,ICU_demand,0,0,0,0.1,0,1,Additional 50% Reduction,Belize,BLZ,2020-07-04,v3
2020-03-10,ICU_incidence,0,0,0,0,0,0,Additional 50% Reduction,Belize,BLZ,2020-07-04,v3
2020-03-10,infections,0.48,4,9.5,12.58,19,40.67,Additional 50% Reduction,Belize,BLZ,2020-07-04,v3
2020-03-10,Rt,2.15,2.61,2.93,3.08,3.46,4.72,Additional 50% Reduction,Belize,BLZ,2020-07-04,v3
2020-03-10,cumulative_infections,5.47,28.5,56,80.72,117,276,Maintain Status Quo,Belize,BLZ,2020-07-04,v3
2020-03-10,deaths,0,0,0,0,0,0,Maintain Status Quo,Belize,BLZ,2020-07-04,v3
2020-03-10,hospital_demand,0,0,0,0.55,1,2.52,Maintain Status Quo,Belize,BLZ,2020-07-04,v3
2020-03-10,hospital_incidence,0,0,0,0,0,0,Maintain Status Quo,Belize,BLZ,2020-07-04,v3
2020-03-10,ICU_demand,0,0,0,0.1,0,1,Maintain Status Quo,Belize,BLZ,2020-07-04,v3
2020-03-10,ICU_incidence,0,0,0,0,0,0,Maintain Status Quo,Belize,BLZ,2020-07-04,v3
2020-03-10,infections,0.48,4,9.5,12.58,19,40.67,Maintain Status Quo,Belize,BLZ,2020-07-04,v3
2020-03-10,Rt,2.15,2.61,2.93,3.08,3.46,4.72,Maintain Status Quo,Belize,BLZ,2020-07-04,v3
2020-03-10,cumulative_infections,5.47,28.5,56,80.72,117,276,Relax Interventions 50%,Belize,BLZ,2020-07-04,v3
2020-03-10,deaths,0,0,0,0,0,0,Relax Interventions 50%,Belize,BLZ,2020-07-04,v3
2020-03-10,hospital_demand,0,0,0,0.55,1,2.52,Relax Interventions 50%,Belize,BLZ,2020-07-04,v3
2020-03-10,hospital_incidence,0,0,0,0,0,0,Relax Interventions 50%,Belize,BLZ,2020-07-04,v3
2020-03-10,ICU_demand,0,0,0,0.1,0,1,Relax Interventions 50%,Belize,BLZ,2020-07-04,v3
2020-03-10,ICU_incidence,0,0,0,0,0,0,Relax Interventions 50%,Belize,BLZ,2020-07-04,v3
2020-03-10,infections,0.48,4,9.5,12.58,19,40.67,Relax Interventions 50%,Belize,BLZ,2020-07-04,v3
2020-03-10,Rt,2.15,2.61,2.93,3.08,3.46,4.72,Relax Interventions 50%,Belize,BLZ,2020-07-04,v3
2020-03-10,cumulative_infections,5.9,36,61,77.6,101.5,270.05,Surged Additional 50% Reduction,Belize,BLZ,2020-07-04,v3
2020-03-10,deaths,0,0,0,0.01,0,0,Surged Additional 50% Reduction,Belize,BLZ,2020-07-04,v3
2020-03-10,hospital_demand,0,0,0,0.59,1,3,Surged Additional 50% Reduction,Belize,BLZ,2020-07-04,v3
2020-03-10,hospital_incidence,0,0,0,0,0,0,Surged Additional 50% Reduction,Belize,BLZ,2020-07-04,v3
2020-03-10,ICU_demand,0,0,0,0.09,0,1,Surged Additional 50% Reduction,Belize,BLZ,2020-07-04,v3
2020-03-10,ICU_incidence,0,0,0,0,0,0,Surged Additional 50% Reduction,Belize,BLZ,2020-07-04,v3
2020-03-10,infections,0.45,5,10,12.08,17,44.55,Surged Additional 50% Reduction,Belize,BLZ,2020-07-04,v3
2020-03-10,Rt,2.32,2.6,2.95,3.07,3.35,4.45,Surged Additional 50% Reduction,Belize,BLZ,2020-07-04,v3
2020-03-10,cumulative_infections,5.9,36,61,77.6,101.5,270.05,Surged Maintain Status Quo,Belize,BLZ,2020-07-04,v3
2020-03-10,deaths,0,0,0,0.01,0,0,Surged Maintain Status Quo,Belize,BLZ,2020-07-04,v3
2020-03-10,hospital_demand,0,0,0,0.59,1,3,Surged Maintain Status Quo,Belize,BLZ,2020-07-04,v3
2020-03-10,hospital_incidence,0,0,0,0,0,0,Surged Maintain Status Quo,Belize,BLZ,2020-07-04,v3
2020-03-10,ICU_demand,0,0,0,0.09,0,1,Surged Maintain Status Quo,Belize,BLZ,2020-07-04,v3
2020-03-10,ICU_incidence,0,0,0,0,0,0,Surged Maintain Status Quo,Belize,BLZ,2020-07-04,v3
2020-03-10,infections,0.45,5,10,12.08,17,44.55,Surged Maintain Status Quo,Belize,BLZ,2020-07-04,v3
2020-03-10,Rt,2.32,2.6,2.95,3.07,3.35,4.45,Surged Maintain Status Quo,Belize,BLZ,2020-07-04,v3
2020-03-10,cumulative_infections,5.9,36,61,77.6,101.5,270.05,Surged Relax Interventions 50%,Belize,BLZ,2020-07-04,v3
2020-03-10,deaths,0,0,0,0.01,0,0,Surged Relax Interventions 50%,Belize,BLZ,2020-07-04,v3
2020-03-10,hospital_demand,0,0,0,0.59,1,3,Surged Relax Interventions 50%,Belize,BLZ,2020-07-04,v3
2020-03-10,hospital_incidence,0,0,0,0,0,0,Surged Relax Interventions 50%,Belize,BLZ,2020-07-04,v3
2020-03-10,ICU_demand,0,0,0,0.09,0,1,Surged Relax Interventions 50%,Belize,BLZ,2020-07-04,v3
2020-03-10,ICU_incidence,0,0,0,0,0,0,Surged Relax Interventions 50%,Belize,BLZ,2020-07-04,v3
2020-03-10,infections,0.45,5,10,12.08,17,44.55,Surged Relax Interventions 50%,Belize,BLZ,2020-07-04,v3
2020-03-10,Rt,2.32,2.6,2.95,3.07,3.35,4.45,Surged Relax Interventions 50%,Belize,BLZ,2020-07-04,v3
2020-03-11,cumulative_infections,7.95,35.75,65.5,93.54,135.5,311.25,Additional 50% Reduction,Belize,BLZ,2020-07-04,v3
2020-03-11,deaths,0,0,0,0.01,0,0,Additional 50% Reduction,Belize,BLZ,2020-07-04,v3
2020-03-11,hospital_demand,0,0,0,0.57,1,2,Additional 50% Reduction,Belize,BLZ,2020-07-04,v3
2020-03-11,hospital_incidence,0,0,0,0.01,0,0,Additional 50% Reduction,Belize,BLZ,2020-07-04,v3
2020-03-11,ICU_demand,0,0,0,0.1,0,1,Additional 50% Reduction,Belize,BLZ,2020-07-04,v3
2020-03-11,ICU_incidence,0,0,0,0,0,0,Additional 50% Reduction,Belize,BLZ,2020-07-04,v3
2020-03-11,infections,1,5,9,12.82,18,37.62,Additional 50% Reduction,Belize,BLZ,2020-07-04,v3
2020-03-11,Rt,2.09,2.53,2.84,2.99,3.36,4.54,Additional 50% Reduction,Belize,BLZ,2020-07-04,v3
2020-03-11,cumulative_infections,7.95,35.75,65.5,93.54,135.5,311.25,Maintain Status Quo,Belize,BLZ,2020-07-04,v3
2020-03-11,deaths,0,0,0,0.01,0,0,Maintain Status Quo,Belize,BLZ,2020-07-04,v3
2020-03-11,hospital_demand,0,0,0,0.57,1,2,Maintain Status Quo,Belize,BLZ,2020-07-04,v3
2020-03-11,hospital_incidence,0,0,0,0.01,0,0,Maintain Status Quo,Belize,BLZ,2020-07-04,v3
2020-03-11,ICU_demand,0,0,0,0.1,0,1,Maintain Status Quo,Belize,BLZ,2020-07-04,v3
2020-03-11,ICU_incidence,0,0,0,0,0,0,Maintain Status Quo,Belize,BLZ,2020-07-04,v3
2020-03-11,infections,1,5,9,12.82,18,37.62,Maintain Status Quo,Belize,BLZ,2020-07-04,v3
2020-03-11,Rt,2.09,2.53,2.84,2.99,3.36,4.54,Maintain Status Quo,Belize,BLZ,2020-07-04,v3
2020-03-11,cumulative_infections,7.95,35.75,65.5,93.54,135.5,311.25,Relax Interventions 50%,Belize,BLZ,2020-07-04,v3
2020-03-11,deaths,0,0,0,0.01,0,0,Relax Interventions 50%,Belize,BLZ,2020-07-04,v3
2020-03-11,hospital_demand,0,0,0,0.57,1,2,Relax Interventions 50%,Belize,BLZ,2020-07-04,v3
2020-03-11,hospital_incidence,0,0,0,0.01,0,0,Relax Interventions 50%,Belize,BLZ,2020-07-04,v3
2020-03-11,ICU_demand,0,0,0,0.1,0,1,Relax Interventions 50%,Belize,BLZ,2020-07-04,v3
2020-03-11,ICU_incidence,0,0,0,0,0,0,Relax Interventions 50%,Belize,BLZ,2020-07-04,v3
2020-03-11,infections,1,5,9,12.82,18,37.62,Relax Interventions 50%,Belize,BLZ,2020-07-04,v3
2020-03-11,Rt,2.09,2.53,2.84,2.99,3.36,4.54,Relax Interventions 50%,Belize,BLZ,2020-07-04,v3
2020-03-11,cumulative_infections,8.45,41.5,70,90.32,118.5,318.85,Surged Additional 50% Reduction,Belize,BLZ,2020-07-04,v3
2020-03-11,deaths,0,0,0,0,0,0,Surged Additional 50% Reduction,Belize,BLZ,2020-07-04,v3
2020-03-11,hospital_demand,0,0,1,0.71,1,3,Surged Additional 50% Reduction,Belize,BLZ,2020-07-04,v3
2020-03-11,hospital_incidence,0,0,0,0.02,0,0,Surged Additional 50% Reduction,Belize,BLZ,2020-07-04,v3
2020-03-11,ICU_demand,0,0,0,0.12,0,1,Surged Additional 50% Reduction,Belize,BLZ,2020-07-04,v3
2020-03-11,ICU_incidence,0,0,0,0,0,0,Surged Additional 50% Reduction,Belize,BLZ,2020-07-04,v3
2020-03-11,infections,1,6,11,12.73,15,44.75,Surged Additional 50% Reduction,Belize,BLZ,2020-07-04,v3
2020-03-11,Rt,2.25,2.53,2.86,2.98,3.26,4.31,Surged Additional 50% Reduction,Belize,BLZ,2020-07-04,v3
2020-03-11,cumulative_infections,8.45,41.5,70,90.32,118.5,318.85,Surged Maintain Status Quo,Belize,BLZ,2020-07-04,v3
2020-03-11,deaths,0,0,0,0,0,0,Surged Maintain Status Quo,Belize,BLZ,2020-07-04,v3
2020-03-11,hospital_demand,0,0,1,0.71,1,3,Surged Maintain Status Quo,Belize,BLZ,2020-07-04,v3
2020-03-11,hospital_incidence,0,0,0,0.02,0,0,Surged Maintain Status Quo,Belize,BLZ,2020-07-04,v3
2020-03-11,ICU_demand,0,0,0,0.12,0,1,Surged Maintain Status Quo,Belize,BLZ,2020-07-04,v3
2020-03-11,ICU_incidence,0,0,0,0,0,0,Surged Maintain Status Quo,Belize,BLZ,2020-07-04,v3
2020-03-11,infections,1,6,11,12.73,15,44.75,Surged Maintain Status Quo,Belize,BLZ,2020-07-04,v3
2020-03-11,Rt,2.25,2.53,2.86,2.98,3.26,4.31,Surged Maintain Status Quo,Belize,BLZ,2020-07-04,v3
2020-03-11,cumulative_infections,8.45,41.5,70,90.32,118.5,318.85,Surged Relax Interventions 50%,Belize,BLZ,2020-07-04,v3
2020-03-11,deaths,0,0,0,0,0,0,Surged Relax Interventions 50%,Belize,BLZ,2020-07-04,v3
2020-03-11,hospital_demand,0,0,1,0.71,1,3,Surged Relax Interventions 50%,Belize,BLZ,2020-07-04,v3
2020-03-11,hospital_incidence,0,0,0,0.02,0,0,Surged Relax Interventions 50%,Belize,BLZ,2020-07-04,v3
2020-03-11,ICU_demand,0,0,0,0.12,0,1,Surged Relax Interventions 50%,Belize,BLZ,2020-07-04,v3
2020-03-11,ICU_incidence,0,0,0,0,0,0,Surged Relax Interventions 50%,Belize,BLZ,2020-07-04,v3
2020-03-11,infections,1,6,11,12.73,15,44.75,Surged Relax Interventions 50%,Belize,BLZ,2020-07-04,v3
2020-03-11,Rt,2.25,2.53,2.86,2.98,3.26,4.31,Surged Relax Interventions 50%,Belize,BLZ,2020-07-04,v3
2020-03-12,cumulative_infections,11.38,41.75,80.5,109.12,161.25,357.6,Additional 50% Reduction,Belize,BLZ,2020-07-04,v3
2020-03-12,deaths,0,0,0,0.01,0,0,Additional 50% Reduction,Belize,BLZ,2020-07-04,v3
2020-03-12,hospital_demand,0,0,0,0.64,1,3.05,Additional 50% Reduction,Belize,BLZ,2020-07-04,v3
2020-03-12,hospital_incidence,0,0,0,0,0,0,Additional 50% Reduction,Belize,BLZ,2020-07-04,v3
2020-03-12,ICU_demand,0,0,0,0.13,0,1,Additional 50% Reduction,Belize,BLZ,2020-07-04,v3
2020-03-12,ICU_incidence,0,0,0,0,0,0,Additional 50% Reduction,Belize,BLZ,2020-07-04,v3
2020-03-12,infections,2,5.75,11,15.58,23,49.2,Additional 50% Reduction,Belize,BLZ,2020-07-04,v3
2020-03-12,Rt,2.34,2.82,3.2,3.38,3.86,5.28,Additional 50% Reduction,Belize,BLZ,2020-07-04,v3
2020-03-12,cumulative_infections,11.38,41.75,80.5,109.12,161.25,357.6,Maintain Status Quo,Belize,BLZ,2020-07-04,v3
2020-03-12,deaths,0,0,0,0.01,0,0,Maintain Status Quo,Belize,BLZ,2020-07-04,v3
2020-03-12,hospital_demand,0,0,0,0.64,1,3.05,Maintain Status Quo,Belize,BLZ,2020-07-04,v3
2020-03-12,hospital_incidence,0,0,0,0,0,0,Maintain Status Quo,Belize,BLZ,2020-07-04,v3
2020-03-12,ICU_demand,0,0,0,0.13,0,1,Maintain Status Quo,Belize,BLZ,2020-07-04,v3
2020-03-12,ICU_incidence,0,0,0,0,0,0,Maintain Status Quo,Belize,BLZ,2020-07-04,v3
2020-03-12,infections,2,5.75,11,15.58,23,49.2,Maintain Status Quo,Belize,BLZ,2020-07-04,v3
2020-03-12,Rt,2.34,2.82,3.2,3.38,3.86,5.28,Maintain Status Quo,Belize,BLZ,2020-07-04,v3
2020-03-12,cumulative_infections,11.38,41.75,80.5,109.12,161.25,357.6,Relax Interventions 50%,Belize,BLZ,2020-07-04,v3
2020-03-12,deaths,0,0,0,0.01,0,0,Relax Interventions 50%,Belize,BLZ,2020-07-04,v3
2020-03-12,hospital_demand,0,0,0,0.64,1,3.05,Relax Interventions 50%,Belize,BLZ,2020-07-04,v3
2020-03-12,hospital_incidence,0,0,0,0,0,0,Relax Interventions 50%,Belize,BLZ,2020-07-04,v3
2020-03-12,ICU_demand,0,0,0,0.13,0,1,Relax Interventions 50%,Belize,BLZ,2020-07-04,v3
2020-03-12,ICU_incidence,0,0,0,0,0,0,Relax Interventions 50%,Belize,BLZ,2020-07-04,v3
2020-03-12,infections,2,5.75,11,15.58,23,49.2,Relax Interventions 50%,Belize,BLZ,2020-07-04,v3
2020-03-12,Rt,2.34,2.82,3.2,3.38,3.86,5.28,Relax Interventions 50%,Belize,BLZ,2020-07-04,v3
2020-03-12,cumulative_infections,11.45,47,81,105.22,136,372.55,Surged Additional 50% Reduction,Belize,BLZ,2020-07-04,v3
2020-03-12,deaths,0,0,0,0.02,0,0,Surged Additional 50% Reduction,Belize,BLZ,2020-07-04,v3
2020-03-12,hospital_demand,0,0,0.5,0.73,1,3,Surged Additional 50% Reduction,Belize,BLZ,2020-07-04,v3
2020-03-12,hospital_incidence,0,0,0,0,0,0,Surged Additional 50% Reduction,Belize,BLZ,2020-07-04,v3
2020-03-12,ICU_demand,0,0,0,0.13,0,1,Surged Additional 50% Reduction,Belize,BLZ,2020-07-04,v3
2020-03-12,ICU_incidence,0,0,0,0,0,0,Surged Additional 50% Reduction,Belize,BLZ,2020-07-04,v3
2020-03-12,infections,1,6,13,14.9,18.5,50.55,Surged Additional 50% Reduction,Belize,BLZ,2020-07-04,v3
2020-03-12,Rt,2.5,2.82,3.22,3.37,3.7,4.95,Surged Additional 50% Reduction,Belize,BLZ,2020-07-04,v3
2020-03-12,cumulative_infections,11.45,47,81,105.22,136,372.55,Surged Maintain Status Quo,Belize,BLZ,2020-07-04,v3
2020-03-12,deaths,0,0,0,0.02,0,0,Surged Maintain Status Quo,Belize,BLZ,2020-07-04,v3
2020-03-12,hospital_demand,0,0,0.5,0.73,1,3,Surged Maintain Status Quo,Belize,BLZ,2020-07-04,v3
2020-03-12,hospital_incidence,0,0,0,0,0,0,Surged Maintain Status Quo,Belize,BLZ,2020-07-04,v3
2020-03-12,ICU_demand,0,0,0,0.13,0,1,Surged Maintain Status Quo,Belize,BLZ,2020-07-04,v3
2020-03-12,ICU_incidence,0,0,0,0,0,0,Surged Maintain Status Quo,Belize,BLZ,2020-07-04,v3
2020-03-12,infections,1,6,13,14.9,18.5,50.55,Surged Maintain Status Quo,Belize,BLZ,2020-07-04,v3
2020-03-12,Rt,2.5,2.82,3.22,3.37,3.7,4.95,Surged Maintain Status Quo,Belize,BLZ,2020-07-04,v3
2020-03-12,cumulative_infections,11.45,47,81,105.22,136,372.55,Surged Relax Interventions 50%,Belize,BLZ,2020-07-04,v3
2020-03-12,deaths,0,0,0,0.02,0,0,Surged Relax Interventions 50%,Belize,BLZ,2020-07-04,v3
2020-03-12,hospital_demand,0,0,0.5,0.73,1,3,Surged Relax Interventions 50%,Belize,BLZ,2020-07-04,v3
2020-03-12,hospital_incidence,0,0,0,0,0,0,Surged Relax Interventions 50%,Belize,BLZ,2020-07-04,v3
2020-03-12,ICU_demand,0,0,0,0.13,0,1,Surged Relax Interventions 50%,Belize,BLZ,2020-07-04,v3
2020-03-12,ICU_incidence,0,0,0,0,0,0,Surged Relax Interventions 50%,Belize,BLZ,2020-07-04,v3
2020-03-12,infections,1,6,13,14.9,18.5,50.55,Surged Relax Interventions 50%,Belize,BLZ,2020-07-04,v3
2020-03-12,Rt,2.5,2.82,3.22,3.37,3.7,4.95,Surged Relax Interventions 50%,Belize,BLZ,2020-07-04,v3
2020-03-13,cumulative_infections,14.9,53.25,93,126.98,186.25,399.75,Additional 50% Reduction,Belize,BLZ,2020-07-04,v3
2020-03-13,deaths,0,0,0,0.03,0,0.52,Additional 50% Reduction,Belize,BLZ,2020-07-04,v3
2020-03-13,hospital_demand,0,0,0,0.61,1,3,Additional 50% Reduction,Belize,BLZ,2020-07-04,v3
2020-03-13,hospital_incidence,0,0,0,0.01,0,0,Additional 50% Reduction,Belize,BLZ,2020-07-04,v3
2020-03-13,ICU_demand,0,0,0,0.2,0,1.52,Additional 50% Reduction,Belize,BLZ,2020-07-04,v3
2020-03-13,ICU_incidence,0,0,0,0,0,0,Additional 50% Reduction,Belize,BLZ,2020-07-04,v3
2020-03-13,infections,1.48,8,13,17.86,24.5,49.52,Additional 50% Reduction,Belize,BLZ,2020-07-04,v3
2020-03-13,Rt,2.36,2.85,3.24,3.42,3.9,5.34,Additional 50% Reduction,Belize,BLZ,2020-07-04,v3
2020-03-13,cumulative_infections,14.9,53.25,93,126.98,186.25,399.75,Maintain Status Quo,Belize,BLZ,2020-07-04,v3
2020-03-13,deaths,0,0,0,0.03,0,0.52,Maintain Status Quo,Belize,BLZ,2020-07-04,v3
2020-03-13,hospital_demand,0,0,0,0.61,1,3,Maintain Status Quo,Belize,BLZ,2020-07-04,v3
2020-03-13,hospital_incidence,0,0,0,0.01,0,0,Maintain Status Quo,Belize,BLZ,2020-07-04,v3
2020-03-13,ICU_demand,0,0,0,0.2,0,1.52,Maintain Status Quo,Belize,BLZ,2020-07-04,v3
2020-03-13,ICU_incidence,0,0,0,0,0,0,Maintain Status Quo,Belize,BLZ,2020-07-04,v3
2020-03-13,infections,1.48,8,13,17.86,24.5,49.52,Maintain Status Quo,Belize,BLZ,2020-07-04,v3
2020-03-13,Rt,2.36,2.85,3.24,3.42,3.9,5.34,Maintain Status Quo,Belize,BLZ,2020-07-04,v3
2020-03-13,cumulative_infections,14.9,53.25,93,126.98,186.25,399.75,Relax Interventions 50%,Belize,BLZ,2020-07-04,v3
2020-03-13,deaths,0,0,0,0.03,0,0.52,Relax Interventions 50%,Belize,BLZ,2020-07-04,v3
2020-03-13,hospital_demand,0,0,0,0.61,1,3,Relax Interventions 50%,Belize,BLZ,2020-07-04,v3
2020-03-13,hospital_incidence,0,0,0,0.01,0,0,Relax Interventions 50%,Belize,BLZ,2020-07-04,v3
2020-03-13,ICU_demand,0,0,0,0.2,0,1.52,Relax Interventions 50%,Belize,BLZ,2020-07-04,v3
2020-03-13,ICU_incidence,0,0,0,0,0,0,Relax Interventions 50%,Belize,BLZ,2020-07-04,v3
2020-03-13,infections,1.48,8,13,17.86,24.5,49.52,Relax Interventions 50%,Belize,BLZ,2020-07-04,v3
2020-03-13,Rt,2.36,2.85,3.24,3.42,3.9,5.34,Relax Interventions 50%,Belize,BLZ,2020-07-04,v3
2020-03-13,cumulative_infections,11.9,51.75,100,121.91,160,446.05,Surged Additional 50% Reduction,Belize,BLZ,2020-07-04,v3
2020-03-13,deaths,0,0,0,0,0,0,Surged Additional 50% Reduction,Belize,BLZ,2020-07-04,v3
2020-03-13,hospital_demand,0,0,1,0.81,1,3,Surged Additional 50% Reduction,Belize,BLZ,2020-07-04,v3
2020-03-13,hospital_incidence,0,0,0,0.01,0,0,Surged Additional 50% Reduction,Belize,BLZ,2020-07-04,v3
2020-03-13,ICU_demand,0,0,0,0.18,0,1,Surged Additional 50% Reduction,Belize,BLZ,2020-07-04,v3
2020-03-13,ICU_incidence,0,0,0,0,0,0,Surged Additional 50% Reduction,Belize,BLZ,2020-07-04,v3
2020-03-13,infections,1,7,15.5,17.74,22.25,67.25,Surged Additional 50% Reduction,Belize,BLZ,2020-07-04,v3
2020-03-13,Rt,2.52,2.85,3.25,3.41,3.74,5,Surged Additional 50% Reduction,Belize,BLZ,2020-07-04,v3
2020-03-13,cumulative_infections,11.9,51.75,100,121.91,160,446.05,Surged Maintain Status Quo,Belize,BLZ,2020-07-04,v3
2020-03-13,deaths,0,0,0,0,0,0,Surged Maintain Status Quo,Belize,BLZ,2020-07-04,v3
2020-03-13,hospital_demand,0,0,1,0.81,1,3,Surged Maintain Status Quo,Belize,BLZ,2020-07-04,v3
2020-03-13,hospital_incidence,0,0,0,0.01,0,0,Surged Maintain Status Quo,Belize,BLZ,2020-07-04,v3
2020-03-13,ICU_demand,0,0,0,0.18,0,1,Surged Maintain Status Quo,Belize,BLZ,2020-07-04,v3
2020-03-13,ICU_incidence,0,0,0,0,0,0,Surged Maintain Status Quo,Belize,BLZ,2020-07-04,v3
2020-03-13,infections,1,7,15.5,17.74,22.25,67.25,Surged Maintain Status Quo,Belize,BLZ,2020-07-04,v3
2020-03-13,Rt,2.52,2.85,3.25,3.41,3.74,5,Surged Maintain Status Quo,Belize,BLZ,2020-07-04,v3
2020-03-13,cumulative_infections,11.9,51.75,100,121.91,160,446.05,Surged Relax Interventions 50%,Belize,BLZ,2020-07-04,v3
2020-03-13,deaths,0,0,0,0,0,0,Surged Relax Interventions 50%,Belize,BLZ,2020-07-04,v3
2020-03-13,hospital_demand,0,0,1,0.81,1,3,Surged Relax Interventions 50%,Belize,BLZ,2020-07-04,v3
2020-03-13,hospital_incidence,0,0,0,0.01,0,0,Surged Relax Interventions 50%,Belize,BLZ,2020-07-04,v3
2020-03-13,ICU_demand,0,0,0,0.18,0,1,Surged Relax Interventions 50%,Belize,BLZ,2020-07-04,v3
2020-03-13,ICU_incidence,0,0,0,0,0,0,Surged Relax Interventions 50%,Belize,BLZ,2020-07-04,v3
2020-03-13,infections,1,7,15.5,17.74,22.25,67.25,Surged Relax Interventions 50%,Belize,BLZ,2020-07-04,v3
2020-03-13,Rt,2.52,2.85,3.25,3.41,3.74,5,Surged Relax Interventions 50%,Belize,BLZ,2020-07-04,v3
2020-03-14,cumulative_infections,17.42,62.5,111,148.88,217.75,458.2,Additional 50% Reduction,Belize,BLZ,2020-07-04,v3
2020-03-14,deaths,0,0,0,0.01,0,0,Additional 50% Reduction,Belize,BLZ,2020-07-04,v3
2020-03-14,hospital_demand,0,0,0,0.71,1,3,Additional 50% Reduction,Belize,BLZ,2020-07-04,v3
2020-03-14,hospital_incidence,0,0,0,0.01,0,0,Additional 50% Reduction,Belize,BLZ,2020-07-04,v3
2020-03-14,ICU_demand,0,0,0,0.23,0,2,Additional 50% Reduction,Belize,BLZ,2020-07-04,v3
2020-03-14,ICU_incidence,0,0,0,0,0,0,Additional 50% Reduction,Belize,BLZ,2020-07-04,v3
2020-03-14,infections,1.48,8,17,21.9,32.25,69.62,Additional 50% Reduction,Belize,BLZ,2020-07-04,v3
2020-03-14,Rt,2.35,2.84,3.22,3.4,3.88,5.31,Additional 50% Reduction,Belize,BLZ,2020-07-04,v3
2020-03-14,cumulative_infections,17.42,62.5,111,148.88,217.75,458.2,Maintain Status Quo,Belize,BLZ,2020-07-04,v3
2020-03-14,deaths,0,0,0,0.01,0,0,Maintain Status Quo,Belize,BLZ,2020-07-04,v3
2020-03-14,hospital_demand,0,0,0,0.71,1,3,Maintain Status Quo,Belize,BLZ,2020-07-04,v3
2020-03-14,hospital_incidence,0,0,0,0.01,0,0,Maintain Status Quo,Belize,BLZ,2020-07-04,v3
2020-03-14,ICU_demand,0,0,0,0.23,0,2,Maintain Status Quo,Belize,BLZ,2020-07-04,v3
2020-03-14,ICU_incidence,0,0,0,0,0,0,Maintain Status Quo,Belize,BLZ,2020-07-04,v3
2020-03-14,infections,1.48,8,17,21.9,32.25,69.62,Maintain Status Quo,Belize,BLZ,2020-07-04,v3
2020-03-14,Rt,2.35,2.84,3.22,3.4,3.88,5.31,Maintain Status Quo,Belize,BLZ,2020-07-04,v3
2020-03-14,cumulative_infections,17.42,62.5,111,148.88,217.75,458.2,Relax Interventions 50%,Belize,BLZ,2020-07-04,v3
2020-03-14,deaths,0,0,0,0.01,0,0,Relax Interventions 50%,Belize,BLZ,2020-07-04,v3
2020-03-14,hospital_demand,0,0,0,0.71,1,3,Relax Interventions 50%,Belize,BLZ,2020-07-04,v3
2020-03-14,hospital_incidence,0,0,0,0.01,0,0,Relax Interventions 50%,Belize,BLZ,2020-07-04,v3
2020-03-14,ICU_demand,0,0,0,0.23,0,2,Relax Interventions 50%,Belize,BLZ,2020-07-04,v3
2020-03-14,ICU_incidence,0,0,0,0,0,0,Relax Interventions 50%,Belize,BLZ,2020-07-04,v3
2020-03-14,infections,1.48,8,17,21.9,32.25,69.62,Relax Interventions 50%,Belize,BLZ,2020-07-04,v3
2020-03-14,Rt,2.35,2.84,3.22,3.4,3.88,5.31,Relax Interventions 50%,Belize,BLZ,2020-07-04,v3
2020-03-14,cumulative_infections,13.95,61,119,143.64,189.75,527.62,Surged Additional 50% Reduction,Belize,BLZ,2020-07-04,v3
2020-03-14,deaths,0,0,0,0.01,0,0,Surged Additional 50% Reduction,Belize,BLZ,2020-07-04,v3
2020-03-14,hospital_demand,0,0,1,0.86,1,3,Surged Additional 50% Reduction,Belize,BLZ,2020-07-04,v3
2020-03-14,hospital_incidence,0,0,0,0.01,0,0,Surged Additional 50% Reduction,Belize,BLZ,2020-07-04,v3
2020-03-14,ICU_demand,0,0,0,0.21,0,1,Surged Additional 50% Reduction,Belize,BLZ,2020-07-04,v3
2020-03-14,ICU_incidence,0,0,0,0,0,0,Surged Additional 50% Reduction,Belize,BLZ,2020-07-04,v3
2020-03-14,infections,2.48,9,17,21.73,29,81.57,Surged Additional 50% Reduction,Belize,BLZ,2020-07-04,v3
2020-03-14,Rt,2.51,2.84,3.24,3.39,3.72,4.97,Surged Additional 50% Reduction,Belize,BLZ,2020-07-04,v3
2020-03-14,cumulative_infections,13.95,61,119,143.64,189.75,527.62,Surged Maintain Status Quo,Belize,BLZ,2020-07-04,v3
2020-03-14,deaths,0,0,0,0.01,0,0,Surged Maintain Status Quo,Belize,BLZ,2020-07-04,v3
2020-03-14,hospital_demand,0,0,1,0.86,1,3,Surged Maintain Status Quo,Belize,BLZ,2020-07-04,v3
2020-03-14,hospital_incidence,0,0,0,0.01,0,0,Surged Maintain Status Quo,Belize,BLZ,2020-07-04,v3
2020-03-14,ICU_demand,0,0,0,0.21,0,1,Surged Maintain Status Quo,Belize,BLZ,2020-07-04,v3
2020-03-14,ICU_incidence,0,0,0,0,0,0,Surged Maintain Status Quo,Belize,BLZ,2020-07-04,v3
2020-03-14,infections,2.48,9,17,21.73,29,81.57,Surged Maintain Status Quo,Belize,BLZ,2020-07-04,v3
2020-03-14,Rt,2.51,2.84,3.24,3.39,3.72,4.97,Surged Maintain Status Quo,Belize,BLZ,2020-07-04,v3
2020-03-14,cumulative_infections,13.95,61,119,143.64,189.75,527.62,Surged Relax Interventions 50%,Belize,BLZ,2020-07-04,v3
2020-03-14,deaths,0,0,0,0.01,0,0,Surged Relax Interventions 50%,Belize,BLZ,2020-07-04,v3
2020-03-14,hospital_demand,0,0,1,0.86,1,3,Surged Relax Interventions 50%,Belize,BLZ,2020-07-04,v3
2020-03-14,hospital_incidence,0,0,0,0.01,0,0,Surged Relax Interventions 50%,Belize,BLZ,2020-07-04,v3
2020-03-14,ICU_demand,0,0,0,0.21,0,1,Surged Relax Interventions 50%,Belize,BLZ,2020-07-04,v3
2020-03-14,ICU_incidence,0,0,0,0,0,0,Surged Relax Interventions 50%,Belize,BLZ,2020-07-04,v3
2020-03-14,infections,2.48,9,17,21.73,29,81.57,Surged Relax Interventions 50%,Belize,BLZ,2020-07-04,v3
2020-03-14,Rt,2.51,2.84,3.24,3.39,3.72,4.97,Surged Relax Interventions 50%,Belize,BLZ,2020-07-04,v3
2020-03-15,cumulative_infections,21.95,70,134,176,248.75,542.05,Additional 50% Reduction,Belize,BLZ,2020-07-04,v3
2020-03-15,deaths,0,0,0,0.04,0,1,Additional 50% Reduction,Belize,BLZ,2020-07-04,v3
2020-03-15,hospital_demand,0,0,1,0.82,1,3,Additional 50% Reduction,Belize,BLZ,2020-07-04,v3
2020-03-15,hospital_incidence,0,0,0,0,0,0,Additional 50% Reduction,Belize,BLZ,2020-07-04,v3
2020-03-15,ICU_demand,0,0,0,0.25,0,2,Additional 50% Reduction,Belize,BLZ,2020-07-04,v3
2020-03-15,ICU_incidence,0,0,0,0,0,0,Additional 50% Reduction,Belize,BLZ,2020-07-04,v3
2020-03-15,infections,4,10,22,27.12,36,85.2,Additional 50% Reduction,Belize,BLZ,2020-07-04,v3
2020-03-15,Rt,1.91,2.23,2.54,2.63,2.93,3.9,Additional 50% Reduction,Belize,BLZ,2020-07-04,v3
2020-03-15,cumulative_infections,21.95,70,134,176,248.75,542.05,Maintain Status Quo,Belize,BLZ,2020-07-04,v3
2020-03-15,deaths,0,0,0,0.04,0,1,Maintain Status Quo,Belize,BLZ,2020-07-04,v3
2020-03-15,hospital_demand,0,0,1,0.82,1,3,Maintain Status Quo,Belize,BLZ,2020-07-04,v3
2020-03-15,hospital_incidence,0,0,0,0,0,0,Maintain Status Quo,Belize,BLZ,2020-07-04,v3
2020-03-15,ICU_demand,0,0,0,0.25,0,2,Maintain Status Quo,Belize,BLZ,2020-07-04,v3
2020-03-15,ICU_incidence,0,0,0,0,0,0,Maintain Status Quo,Belize,BLZ,2020-07-04,v3
2020-03-15,infections,4,10,22,27.12,36,85.2,Maintain Status Quo,Belize,BLZ,2020-07-04,v3
2020-03-15,Rt,1.91,2.23,2.54,2.63,2.93,3.9,Maintain Status Quo,Belize,BLZ,2020-07-04,v3
2020-03-15,cumulative_infections,21.95,70,134,176,248.75,542.05,Relax Interventions 50%,Belize,BLZ,2020-07-04,v3
2020-03-15,deaths,0,0,0,0.04,0,1,Relax Interventions 50%,Belize,BLZ,2020-07-04,v3
2020-03-15,hospital_demand,0,0,1,0.82,1,3,Relax Interventions 50%,Belize,BLZ,2020-07-04,v3
2020-03-15,hospital_incidence,0,0,0,0,0,0,Relax Interventions 50%,Belize,BLZ,2020-07-04,v3
2020-03-15,ICU_demand,0,0,0,0.25,0,2,Relax Interventions 50%,Belize,BLZ,2020-07-04,v3
2020-03-15,ICU_incidence,0,0,0,0,0,0,Relax Interventions 50%,Belize,BLZ,2020-07-04,v3
2020-03-15,infections,4,10,22,27.12,36,85.2,Relax Interventions 50%,Belize,BLZ,2020-07-04,v3
2020-03-15,Rt,1.91,2.23,2.54,2.63,2.93,3.9,Relax Interventions 50%,Belize,BLZ,2020-07-04,v3
2020-03-15,cumulative_infections,17.48,75.75,139.5,171.44,224.25,638.35,Surged Additional 50% Reduction,Belize,BLZ,2020-07-04,v3
2020-03-15,deaths,0,0,0,0.01,0,0,Surged Additional 50% Reduction,Belize,BLZ,2020-07-04,v3
2020-03-15,hospital_demand,0,0,1,0.95,1,4,Surged Additional 50% Reduction,Belize,BLZ,2020-07-04,v3
2020-03-15,hospital_incidence,0,0,0,0,0,0,Surged Additional 50% Reduction,Belize,BLZ,2020-07-04,v3
2020-03-15,ICU_demand,0,0,0,0.28,0.25,1.52,Surged Additional 50% Reduction,Belize,BLZ,2020-07-04,v3
2020-03-15,ICU_incidence,0,0,0,0,0,0,Surged Additional 50% Reduction,Belize,BLZ,2020-07-04,v3
2020-03-15,infections,2,12,23,27.8,34.25,110.72,Surged Additional 50% Reduction,Belize,BLZ,2020-07-04,v3
2020-03-15,Rt,2.02,2.26,2.54,2.62,2.82,3.76,Surged Additional 50% Reduction,Belize,BLZ,2020-07-04,v3
2020-03-15,cumulative_infections,17.48,75.75,139.5,171.44,224.25,638.35,Surged Maintain Status Quo,Belize,BLZ,2020-07-04,v3
2020-03-15,deaths,0,0,0,0.01,0,0,Surged Maintain Status Quo,Belize,BLZ,2020-07-04,v3
2020-03-15,hospital_demand,0,0,1,0.95,1,4,Surged Maintain Status Quo,Belize,BLZ,2020-07-04,v3
2020-03-15,hospital_incidence,0,0,0,0,0,0,Surged Maintain Status Quo,Belize,BLZ,2020-07-04,v3
2020-03-15,ICU_demand,0,0,0,0.28,0.25,1.52,Surged Maintain Status Quo,Belize,BLZ,2020-07-04,v3
2020-03-15,ICU_incidence,0,0,0,0,0,0,Surged Maintain Status Quo,Belize,BLZ,2020-07-04,v3
2020-03-15,infections,2,12,23,27.8,34.25,110.72,Surged Maintain Status Quo,Belize,BLZ,2020-07-04,v3
2020-03-15,Rt,2.02,2.26,2.54,2.62,2.82,3.76,Surged Maintain Status Quo,Belize,BLZ,2020-07-04,v3
2020-03-15,cumulative_infections,17.48,75.75,139.5,171.44,224.25,638.35,Surged Relax Interventions 50%,Belize,BLZ,2020-07-04,v3
2020-03-15,deaths,0,0,0,0.01,0,0,Surged Relax Interventions 50%,Belize,BLZ,2020-07-04,v3
2020-03-15,hospital_demand,0,0,1,0.95,1,4,Surged Relax Interventions 50%,Belize,BLZ,2020-07-04,v3
2020-03-15,hospital_incidence,0,0,0,0,0,0,Surged Relax Interventions 50%,Belize,BLZ,2020-07-04,v3
2020-03-15,ICU_demand,0,0,0,0.28,0.25,1.52,Surged Relax Interventions 50%,Belize,BLZ,2020-07-04,v3
2020-03-15,ICU_incidence,0,0,0,0,0,0,Surged Relax Interventions 50%,Belize,BLZ,2020-07-04,v3
2020-03-15,infections,2,12,23,27.8,34.25,110.72,Surged Relax Interventions 50%,Belize,BLZ,2020-07-04,v3
2020-03-15,Rt,2.02,2.26,2.54,2.62,2.82,3.76,Surged Relax Interventions 50%,Belize,BLZ,2020-07-04,v3
2020-03-16,cumulative_infections,25.48,83,156,209.92,295.75,645.07,Additional 50% Reduction,Belize,BLZ,2020-07-04,v3
2020-03-16,deaths,0,0,0,0.02,0,0,Additional 50% Reduction,Belize,BLZ,2020-07-04,v3
2020-03-16,hospital_demand,0,0,1,1.04,1.25,4,Additional 50% Reduction,Belize,BLZ,2020-07-04,v3
2020-03-16,hospital_incidence,0,0,0,0,0,0,Additional 50% Reduction,Belize,BLZ,2020-07-04,v3
2020-03-16,ICU_demand,0,0,0,0.26,0,2,Additional 50% Reduction,Belize,BLZ,2020-07-04,v3
2020-03-16,ICU_incidence,0,0,0,0,0,0,Additional 50% Reduction,Belize,BLZ,2020-07-04,v3
2020-03-16,infections,4,13.75,30.5,33.92,48.5,98.62,Additional 50% Reduction,Belize,BLZ,2020-07-04,v3
2020-03-16,Rt,1.95,2.31,2.63,2.71,3.05,4.02,Additional 50% Reduction,Belize,BLZ,2020-07-04,v3
2020-03-16,cumulative_infections,25.48,83,156,209.92,295.75,645.07,Maintain Status Quo,Belize,BLZ,2020-07-04,v3
2020-03-16,deaths,0,0,0,0.02,0,0,Maintain Status Quo,Belize,BLZ,2020-07-04,v3
2020-03-16,hospital_demand,0,0,1,1.04,1.25,4,Maintain Status Quo,Belize,BLZ,2020-07-04,v3
2020-03-16,hospital_incidence,0,0,0,0,0,0,Maintain Status Quo,Belize,BLZ,2020-07-04,v3
2020-03-16,ICU_demand,0,0,0,0.26,0,2,Maintain Status Quo,Belize,BLZ,2020-07-04,v3
2020-03-16,ICU_incidence,0,0,0,0,0,0,Maintain Status Quo,Belize,BLZ,2020-07-04,v3
2020-03-16,infections,4,13.75,30.5,33.92,48.5,98.62,Maintain Status Quo,Belize,BLZ,2020-07-04,v3
2020-03-16,Rt,1.95,2.31,2.63,2.71,3.05,4.02,Maintain Status Quo,Belize,BLZ,2020-07-04,v3
2020-03-16,cumulative_infections,25.48,83,156,209.92,295.75,645.07,Relax Interventions 50%,Belize,BLZ,2020-07-04,v3
2020-03-16,deaths,0,0,0,0.02,0,0,Relax Interventions 50%,Belize,BLZ,2020-07-04,v3
2020-03-16,hospital_demand,0,0,1,1.04,1.25,4,Relax Interventions 50%,Belize,BLZ,2020-07-04,v3
2020-03-16,hospital_incidence,0,0,0,0,0,0,Relax Interventions 50%,Belize,BLZ,2020-07-04,v3
2020-03-16,ICU_demand,0,0,0,0.26,0,2,Relax Interventions 50%,Belize,BLZ,2020-07-04,v3
2020-03-16,ICU_incidence,0,0,0,0,0,0,Relax Interventions 50%,Belize,BLZ,2020-07-04,v3
2020-03-16,infections,4,13.75,30.5,33.92,48.5,98.62,Relax Interventions 50%,Belize,BLZ,2020-07-04,v3
2020-03-16,Rt,1.95,2.31,2.63,2.71,3.05,4.02,Relax Interventions 50%,Belize,BLZ,2020-07-04,v3
2020-03-16,cumulative_infections,22.48,93.25,167,206.24,269.5,785.27,Surged Additional 50% Reduction,Belize,BLZ,2020-07-04,v3
2020-03-16,deaths,0,0,0,0.01,0,0,Surged Additional 50% Reduction,Belize,BLZ,2020-07-04,v3
2020-03-16,hospital_demand,0,0,1,1.09,2,5.05,Surged Additional 50% Reduction,Belize,BLZ,2020-07-04,v3
2020-03-16,hospital_incidence,0,0,0,0,0,0,Surged Additional 50% Reduction,Belize,BLZ,2020-07-04,v3
2020-03-16,ICU_demand,0,0,0,0.34,1,2,Surged Additional 50% Reduction,Belize,BLZ,2020-07-04,v3
2020-03-16,ICU_incidence,0,0,0,0,0,0,Surged Additional 50% Reduction,Belize,BLZ,2020-07-04,v3
2020-03-16,infections,3.48,15.75,28,34.8,42,140.62,Surged Additional 50% Reduction,Belize,BLZ,2020-07-04,v3
2020-03-16,Rt,2.07,2.32,2.62,2.7,2.91,3.85,Surged Additional 50% Reduction,Belize,BLZ,2020-07-04,v3
2020-03-16,cumulative_infections,22.48,93.25,167,206.24,269.5,785.27,Surged Maintain Status Quo,Belize,BLZ,2020-07-04,v3
2020-03-16,deaths,0,0,0,0.01,0,0,Surged Maintain Status Quo,Belize,BLZ,2020-07-04,v3
2020-03-16,hospital_demand,0,0,1,1.09,2,5.05,Surged Maintain Status Quo,Belize,BLZ,2020-07-04,v3
2020-03-16,hospital_incidence,0,0,0,0,0,0,Surged Maintain Status Quo,Belize,BLZ,2020-07-04,v3
2020-03-16,ICU_demand,0,0,0,0.34,1,2,Surged Maintain Status Quo,Belize,BLZ,2020-07-04,v3
2020-03-16,ICU_incidence,0,0,0,0,0,0,Surged Maintain Status Quo,Belize,BLZ,2020-07-04,v3
2020-03-16,infections,3.48,15.75,28,34.8,42,140.62,Surged Maintain Status Quo,Belize,BLZ,2020-07-04,v3
2020-03-16,Rt,2.07,2.32,2.62,2.7,2.91,3.85,Surged Maintain Status Quo,Belize,BLZ,2020-07-04,v3
2020-03-16,cumulative_infections,22.48,93.25,167,206.24,269.5,785.27,Surged Relax Interventions 50%,Belize,BLZ,2020-07-04,v3
2020-03-16,deaths,0,0,0,0.01,0,0,Surged Relax Interventions 50%,Belize,BLZ,2020-07-04,v3
2020-03-16,hospital_demand,0,0,1,1.09,2,5.05,Surged Relax Interventions 50%,Belize,BLZ,2020-07-04,v3
2020-03-16,hospital_incidence,0,0,0,0,0,0,Surged Relax Interventions 50%,Belize,BLZ,2020-07-04,v3
2020-03-16,ICU_demand,0,0,0,0.34,1,2,Surged Relax Interventions 50%,Belize,BLZ,2020-07-04,v3
2020-03-16,ICU_incidence,0,0,0,0,0,0,Surged Relax Interventions 50%,Belize,BLZ,2020-07-04,v3
2020-03-16,infections,3.48,15.75,28,34.8,42,140.62,Surged Relax Interventions 50%,Belize,BLZ,2020-07-04,v3
2020-03-16,Rt,2.07,2.32,2.62,2.7,2.91,3.85,Surged Relax Interventions 50%,Belize,BLZ,2020-07-04,v3
2020-03-17,cumulative_infections,29.42,103,186,250.68,360.75,768.6,Additional 50% Reduction,Belize,BLZ,2020-07-04,v3
2020-03-17,deaths,0,0,0,0.03,0,0.52,Additional 50% Reduction,Belize,BLZ,2020-07-04,v3
2020-03-17,hospital_demand,0,0,1,1.21,2,4.52,Additional 50% Reduction,Belize,BLZ,2020-07-04,v3
2020-03-17,hospital_incidence,0,0,0,0.01,0,0,Additional 50% Reduction,Belize,BLZ,2020-07-04,v3
2020-03-17,ICU_demand,0,0,0,0.3,0.25,2,Additional 50% Reduction,Belize,BLZ,2020-07-04,v3
2020-03-17,ICU_incidence,0,0,0,0.01,0,0,Additional 50% Reduction,Belize,BLZ,2020-07-04,v3
2020-03-17,infections,3,18,32.5,40.76,58,128.45,Additional 50% Reduction,Belize,BLZ,2020-07-04,v3
2020-03-17,Rt,1.83,2.12,2.42,2.5,2.79,3.69,Additional 50% Reduction,Belize,BLZ,2020-07-04,v3
2020-03-17,cumulative_infections,29.42,103,186,250.68,360.75,768.6,Maintain Status Quo,Belize,BLZ,2020-07-04,v3
2020-03-17,deaths,0,0,0,0.03,0,0.52,Maintain Status Quo,Belize,BLZ,2020-07-04,v3
2020-03-17,hospital_demand,0,0,1,1.21,2,4.52,Maintain Status Quo,Belize,BLZ,2020-07-04,v3
2020-03-17,hospital_incidence,0,0,0,0.01,0,0,Maintain Status Quo,Belize,BLZ,2020-07-04,v3
2020-03-17,ICU_demand,0,0,0,0.3,0.25,2,Maintain Status Quo,Belize,BLZ,2020-07-04,v3
2020-03-17,ICU_incidence,0,0,0,0.01,0,0,Maintain Status Quo,Belize,BLZ,2020-07-04,v3
2020-03-17,infections,3,18,32.5,40.76,58,128.45,Maintain Status Quo,Belize,BLZ,2020-07-04,v3
2020-03-17,Rt,1.83,2.12,2.42,2.5,2.79,3.69,Maintain Status Quo,Belize,BLZ,2020-07-04,v3
2020-03-17,cumulative_infections,29.42,103,186,250.68,360.75,768.6,Relax Interventions 50%,Belize,BLZ,2020-07-04,v3
2020-03-17,deaths,0,0,0,0.03,0,0.52,Relax Interventions 50%,Belize,BLZ,2020-07-04,v3
2020-03-17,hospital_demand,0,0,1,1.21,2,4.52,Relax Interventions 50%,Belize,BLZ,2020-07-04,v3
2020-03-17,hospital_incidence,0,0,0,0.01,0,0,Relax Interventions 50%,Belize,BLZ,2020-07-04,v3
2020-03-17,ICU_demand,0,0,0,0.3,0.25,2,Relax Interventions 50%,Belize,BLZ,2020-07-04,v3
2020-03-17,ICU_incidence,0,0,0,0.01,0,0,Relax Interventions 50%,Belize,BLZ,2020-07-04,v3
2020-03-17,infections,3,18,32.5,40.76,58,128.45,Relax Interventions 50%,Belize,BLZ,2020-07-04,v3
2020-03-17,Rt,1.83,2.12,2.42,2.5,2.79,3.69,Relax Interventions 50%,Belize,BLZ,2020-07-04,v3
2020-03-17,cumulative_infections,24.9,113.5,205.5,246.91,320,941.47,Surged Additional 50% Reduction,Belize,BLZ,2020-07-04,v3
2020-03-17,deaths,0,0,0,0.03,0,0.52,Surged Additional 50% Reduction,Belize,BLZ,2020-07-04,v3
2020-03-17,hospital_demand,0,0,1,1.27,2,5.52,Surged Additional 50% Reduction,Belize,BLZ,2020-07-04,v3
2020-03-17,hospital_incidence,0,0,0,0.02,0,0,Surged Additional 50% Reduction,Belize,BLZ,2020-07-04,v3
2020-03-17,ICU_demand,0,0,0,0.41,1,2,Surged Additional 50% Reduction,Belize,BLZ,2020-07-04,v3
2020-03-17,ICU_incidence,0,0,0,0,0,0,Surged Additional 50% Reduction,Belize,BLZ,2020-07-04,v3
2020-03-17,infections,4.47,20,34,40.67,51.25,156.2,Surged Additional 50% Reduction,Belize,BLZ,2020-07-04,v3
2020-03-17,Rt,1.92,2.15,2.39,2.48,2.66,3.59,Surged Additional 50% Reduction,Belize,BLZ,2020-07-04,v3
2020-03-17,cumulative_infections,24.9,113.5,205.5,246.91,320,941.47,Surged Maintain Status Quo,Belize,BLZ,2020-07-04,v3
2020-03-17,deaths,0,0,0,0.03,0,0.52,Surged Maintain Status Quo,Belize,BLZ,2020-07-04,v3
2020-03-17,hospital_demand,0,0,1,1.27,2,5.52,Surged Maintain Status Quo,Belize,BLZ,2020-07-04,v3
2020-03-17,hospital_incidence,0,0,0,0.02,0,0,Surged Maintain Status Quo,Belize,BLZ,2020-07-04,v3
2020-03-17,ICU_demand,0,0,0,0.41,1,2,Surged Maintain Status Quo,Belize,BLZ,2020-07-04,v3
2020-03-17,ICU_incidence,0,0,0,0,0,0,Surged Maintain Status Quo,Belize,BLZ,2020-07-04,v3
2020-03-17,infections,4.47,20,34,40.67,51.25,156.2,Surged Maintain Status Quo,Belize,BLZ,2020-07-04,v3
2020-03-17,Rt,1.92,2.15,2.39,2.48,2.66,3.59,Surged Maintain Status Quo,Belize,BLZ,2020-07-04,v3
2020-03-17,cumulative_infections,24.9,113.5,205.5,246.91,320,941.47,Surged Relax Interventions 50%,Belize,BLZ,2020-07-04,v3
2020-03-17,deaths,0,0,0,0.03,0,0.52,Surged Relax Interventions 50%,Belize,BLZ,2020-07-04,v3
2020-03-17,hospital_demand,0,0,1,1.27,2,5.52,Surged Relax Interventions 50%,Belize,BLZ,2020-07-04,v3
2020-03-17,hospital_incidence,0,0,0,0.02,0,0,Surged Relax Interventions 50%,Belize,BLZ,2020-07-04,v3
2020-03-17,ICU_demand,0,0,0,0.41,1,2,Surged Relax Interventions 50%,Belize,BLZ,2020-07-04,v3
2020-03-17,ICU_incidence,0,0,0,0,0,0,Surged Relax Interventions 50%,Belize,BLZ,2020-07-04,v3
2020-03-17,infections,4.47,20,34,40.67,51.25,156.2,Surged Relax Interventions 50%,Belize,BLZ,2020-07-04,v3
2020-03-17,Rt,1.92,2.15,2.39,2.48,2.66,3.59,Surged Relax Interventions 50%,Belize,BLZ,2020-07-04,v3
2020-03-18,cumulative_infections,33.38,125,231.5,298.13,420.75,921.62,Additional 50% Reduction,Belize,BLZ,2020-07-04,v3
2020-03-18,deaths,0,0,0,0.03,0,0.52,Additional 50% Reduction,Belize,BLZ,2020-07-04,v3
2020-03-18,hospital_demand,0,0,1,1.37,2,5,Additional 50% Reduction,Belize,BLZ,2020-07-04,v3
2020-03-18,hospital_incidence,0,0,0,0.01,0,0,Additional 50% Reduction,Belize,BLZ,2020-07-04,v3
2020-03-18,ICU_demand,0,0,0,0.34,0.25,2,Additional 50% Reduction,Belize,BLZ,2020-07-04,v3
2020-03-18,ICU_incidence,0,0,0,0,0,0,Additional 50% Reduction,Belize,BLZ,2020-07-04,v3
2020-03-18,infections,5.47,19,39,47.45,67.25,154.92,Additional 50% Reduction,Belize,BLZ,2020-07-04,v3
2020-03-18,Rt,1.76,2.04,2.34,2.4,2.69,3.54,Additional 50% Reduction,Belize,BLZ,2020-07-04,v3
2020-03-18,cumulative_infections,33.38,125,231.5,298.13,420.75,921.62,Maintain Status Quo,Belize,BLZ,2020-07-04,v3
2020-03-18,deaths,0,0,0,0.03,0,0.52,Maintain Status Quo,Belize,BLZ,2020-07-04,v3
2020-03-18,hospital_demand,0,0,1,1.37,2,5,Maintain Status Quo,Belize,BLZ,2020-07-04,v3
2020-03-18,hospital_incidence,0,0,0,0.01,0,0,Maintain Status Quo,Belize,BLZ,2020-07-04,v3
2020-03-18,ICU_demand,0,0,0,0.34,0.25,2,Maintain Status Quo,Belize,BLZ,2020-07-04,v3
2020-03-18,ICU_incidence,0,0,0,0,0,0,Maintain Status Quo,Belize,BLZ,2020-07-04,v3
2020-03-18,infections,5.47,19,39,47.45,67.25,154.92,Maintain Status Quo,Belize,BLZ,2020-07-04,v3
2020-03-18,Rt,1.76,2.04,2.34,2.4,2.69,3.54,Maintain Status Quo,Belize,BLZ,2020-07-04,v3
2020-03-18,cumulative_infections,33.38,125,231.5,298.13,420.75,921.62,Relax Interventions 50%,Belize,BLZ,2020-07-04,v3
2020-03-18,deaths,0,0,0,0.03,0,0.52,Relax Interventions 50%,Belize,BLZ,2020-07-04,v3
2020-03-18,hospital_demand,0,0,1,1.37,2,5,Relax Interventions 50%,Belize,BLZ,2020-07-04,v3
2020-03-18,hospital_incidence,0,0,0,0.01,0,0,Relax Interventions 50%,Belize,BLZ,2020-07-04,v3
2020-03-18,ICU_demand,0,0,0,0.34,0.25,2,Relax Interventions 50%,Belize,BLZ,2020-07-04,v3
2020-03-18,ICU_incidence,0,0,0,0,0,0,Relax Interventions 50%,Belize,BLZ,2020-07-04,v3
2020-03-18,infections,5.47,19,39,47.45,67.25,154.92,Relax Interventions 50%,Belize,BLZ,2020-07-04,v3
2020-03-18,Rt,1.76,2.04,2.34,2.4,2.69,3.54,Relax Interventions 50%,Belize,BLZ,2020-07-04,v3
2020-03-18,cumulative_infections,28.42,140.25,244,293.77,376,1129.5,Surged Additional 50% Reduction,Belize,BLZ,2020-07-04,v3
2020-03-18,deaths,0,0,0,0.02,0,0,Surged Additional 50% Reduction,Belize,BLZ,2020-07-04,v3
2020-03-18,hospital_demand,0,0,1,1.49,2,6,Surged Additional 50% Reduction,Belize,BLZ,2020-07-04,v3
2020-03-18,hospital_incidence,0,0,0,0.01,0,0,Surged Additional 50% Reduction,Belize,BLZ,2020-07-04,v3
2020-03-18,ICU_demand,0,0,0,0.43,1,2.52,Surged Additional 50% Reduction,Belize,BLZ,2020-07-04,v3
2020-03-18,ICU_incidence,0,0,0,0,0,0,Surged Additional 50% Reduction,Belize,BLZ,2020-07-04,v3
2020-03-18,infections,3,24.5,38,46.86,61,171.77,Surged Additional 50% Reduction,Belize,BLZ,2020-07-04,v3
2020-03-18,Rt,1.84,2.09,2.29,2.38,2.55,3.44,Surged Additional 50% Reduction,Belize,BLZ,2020-07-04,v3
2020-03-18,cumulative_infections,28.42,140.25,244,293.77,376,1129.5,Surged Maintain Status Quo,Belize,BLZ,2020-07-04,v3
2020-03-18,deaths,0,0,0,0.02,0,0,Surged Maintain Status Quo,Belize,BLZ,2020-07-04,v3
2020-03-18,hospital_demand,0,0,1,1.49,2,6,Surged Maintain Status Quo,Belize,BLZ,2020-07-04,v3
2020-03-18,hospital_incidence,0,0,0,0.01,0,0,Surged Maintain Status Quo,Belize,BLZ,2020-07-04,v3
2020-03-18,ICU_demand,0,0,0,0.43,1,2.52,Surged Maintain Status Quo,Belize,BLZ,2020-07-04,v3
2020-03-18,ICU_incidence,0,0,0,0,0,0,Surged Maintain Status Quo,Belize,BLZ,2020-07-04,v3
2020-03-18,infections,3,24.5,38,46.86,61,171.77,Surged Maintain Status Quo,Belize,BLZ,2020-07-04,v3
2020-03-18,Rt,1.84,2.09,2.29,2.38,2.55,3.44,Surged Maintain Status Quo,Belize,BLZ,2020-07-04,v3
2020-03-18,cumulative_infections,28.42,140.25,244,293.77,376,1129.5,Surged Relax Interventions 50%,Belize,BLZ,2020-07-04,v3
2020-03-18,deaths,0,0,0,0.02,0,0,Surged Relax Interventions 50%,Belize,BLZ,2020-07-04,v3
2020-03-18,hospital_demand,0,0,1,1.49,2,6,Surged Relax Interventions 50%,Belize,BLZ,2020-07-04,v3
2020-03-18,hospital_incidence,0,0,0,0.01,0,0,Surged Relax Interventions 50%,Belize,BLZ,2020-07-04,v3
2020-03-18,ICU_demand,0,0,0,0.43,1,2.52,Surged Relax Interventions 50%,Belize,BLZ,2020-07-04,v3
2020-03-18,ICU_incidence,0,0,0,0,0,0,Surged Relax Interventions 50%,Belize,BLZ,2020-07-04,v3
2020-03-18,infections,3,24.5,38,46.86,61,171.77,Surged Relax Interventions 50%,Belize,BLZ,2020-07-04,v3
2020-03-18,Rt,1.84,2.09,2.29,2.38,2.55,3.44,Surged Relax Interventions 50%,Belize,BLZ,2020-07-04,v3
2020-03-19,cumulative_infections,39.8,146,278,352.07,506.75,1075.52,Additional 50% Reduction,Belize,BLZ,2020-07-04,v3
2020-03-19,deaths,0,0,0,0.03,0,0.52,Additional 50% Reduction,Belize,BLZ,2020-07-04,v3
2020-03-19,hospital_demand,0,0,1,1.68,3,6,Additional 50% Reduction,Belize,BLZ,2020-07-04,v3
2020-03-19,hospital_incidence,0,0,0,0.02,0,0,Additional 50% Reduction,Belize,BLZ,2020-07-04,v3
2020-03-19,ICU_demand,0,0,0,0.4,1,3,Additional 50% Reduction,Belize,BLZ,2020-07-04,v3
2020-03-19,ICU_incidence,0,0,0,0,0,0,Additional 50% Reduction,Belize,BLZ,2020-07-04,v3
2020-03-19,infections,7.47,22,41,53.94,77,158.65,Additional 50% Reduction,Belize,BLZ,2020-07-04,v3
2020-03-19,Rt,1.84,2.14,2.44,2.52,2.81,3.72,Additional 50% Reduction,Belize,BLZ,2020-07-04,v3
2020-03-19,cumulative_infections,39.8,146,278,352.07,506.75,1075.52,Maintain Status Quo,Belize,BLZ,2020-07-04,v3
2020-03-19,deaths,0,0,0,0.03,0,0.52,Maintain Status Quo,Belize,BLZ,2020-07-04,v3
2020-03-19,hospital_demand,0,0,1,1.68,3,6,Maintain Status Quo,Belize,BLZ,2020-07-04,v3
2020-03-19,hospital_incidence,0,0,0,0.02,0,0,Maintain Status Quo,Belize,BLZ,2020-07-04,v3
2020-03-19,ICU_demand,0,0,0,0.4,1,3,Maintain Status Quo,Belize,BLZ,2020-07-04,v3
2020-03-19,ICU_incidence,0,0,0,0,0,0,Maintain Status Quo,Belize,BLZ,2020-07-04,v3
2020-03-19,infections,7.47,22,41,53.94,77,158.65,Maintain Status Quo,Belize,BLZ,2020-07-04,v3
2020-03-19,Rt,1.84,2.14,2.44,2.52,2.81,3.72,Maintain Status Quo,Belize,BLZ,2020-07-04,v3
2020-03-19,cumulative_infections,39.8,146,278,352.07,506.75,1075.52,Relax Interventions 50%,Belize,BLZ,2020-07-04,v3
2020-03-19,deaths,0,0,0,0.03,0,0.52,Relax Interventions 50%,Belize,BLZ,2020-07-04,v3
2020-03-19,hospital_demand,0,0,1,1.68,3,6,Relax Interventions 50%,Belize,BLZ,2020-07-04,v3
2020-03-19,hospital_incidence,0,0,0,0.02,0,0,Relax Interventions 50%,Belize,BLZ,2020-07-04,v3
2020-03-19,ICU_demand,0,0,0,0.4,1,3,Relax Interventions 50%,Belize,BLZ,2020-07-04,v3
2020-03-19,ICU_incidence,0,0,0,0,0,0,Relax Interventions 50%,Belize,BLZ,2020-07-04,v3
2020-03-19,infections,7.47,22,41,53.94,77,158.65,Relax Interventions 50%,Belize,BLZ,2020-07-04,v3
2020-03-19,Rt,1.84,2.14,2.44,2.52,2.81,3.72,Relax Interventions 50%,Belize,BLZ,2020-07-04,v3
2020-03-19,cumulative_infections,34.95,161.25,290.5,347.06,449.5,1339.5,Surged Additional 50% Reduction,Belize,BLZ,2020-07-04,v3
2020-03-19,deaths,0,0,0,0,0,0,Surged Additional 50% Reduction,Belize,BLZ,2020-07-04,v3
2020-03-19,hospital_demand,0,1,1,1.82,3,6,Surged Additional 50% Reduction,Belize,BLZ,2020-07-04,v3
2020-03-19,hospital_incidence,0,0,0,0.06,0,1,Surged Additional 50% Reduction,Belize,BLZ,2020-07-04,v3
2020-03-19,ICU_demand,0,0,0,0.46,1,3,Surged Additional 50% Reduction,Belize,BLZ,2020-07-04,v3
2020-03-19,ICU_incidence,0,0,0,0,0,0,Surged Additional 50% Reduction,Belize,BLZ,2020-07-04,v3
2020-03-19,infections,4.95,25.75,44,53.29,68,200.02,Surged Additional 50% Reduction,Belize,BLZ,2020-07-04,v3
2020-03-19,Rt,1.93,2.17,2.41,2.5,2.68,3.62,Surged Additional 50% Reduction,Belize,BLZ,2020-07-04,v3
2020-03-19,cumulative_infections,34.95,161.25,290.5,347.06,449.5,1339.5,Surged Maintain Status Quo,Belize,BLZ,2020-07-04,v3
2020-03-19,deaths,0,0,0,0,0,0,Surged Maintain Status Quo,Belize,BLZ,2020-07-04,v3
2020-03-19,hospital_demand,0,1,1,1.82,3,6,Surged Maintain Status Quo,Belize,BLZ,2020-07-04,v3
2020-03-19,hospital_incidence,0,0,0,0.06,0,1,Surged Maintain Status Quo,Belize,BLZ,2020-07-04,v3
2020-03-19,ICU_demand,0,0,0,0.46,1,3,Surged Maintain Status Quo,Belize,BLZ,2020-07-04,v3
2020-03-19,ICU_incidence,0,0,0,0,0,0,Surged Maintain Status Quo,Belize,BLZ,2020-07-04,v3
2020-03-19,infections,4.95,25.75,44,53.29,68,200.02,Surged Maintain Status Quo,Belize,BLZ,2020-07-04,v3
2020-03-19,Rt,1.93,2.17,2.41,2.5,2.68,3.62,Surged Maintain Status Quo,Belize,BLZ,2020-07-04,v3
2020-03-19,cumulative_infections,34.95,161.25,290.5,347.06,449.5,1339.5,Surged Relax Interventions 50%,Belize,BLZ,2020-07-04,v3
2020-03-19,deaths,0,0,0,0,0,0,Surged Relax Interventions 50%,Belize,BLZ,2020-07-04,v3
2020-03-19,hospital_demand,0,1,1,1.82,3,6,Surged Relax Interventions 50%,Belize,BLZ,2020-07-04,v3
2020-03-19,hospital_incidence,0,0,0,0.06,0,1,Surged Relax Interventions 50%,Belize,BLZ,2020-07-04,v3
2020-03-19,ICU_demand,0,0,0,0.46,1,3,Surged Relax Interventions 50%,Belize,BLZ,2020-07-04,v3
2020-03-19,ICU_incidence,0,0,0,0,0,0,Surged Relax Interventions 50%,Belize,BLZ,2020-07-04,v3
2020-03-19,infections,4.95,25.75,44,53.29,68,200.02,Surged Relax Interventions 50%,Belize,BLZ,2020-07-04,v3
2020-03-19,Rt,1.93,2.17,2.41,2.5,2.68,3.62,Surged Relax Interventions 50%,Belize,BLZ,2020-07-04,v3
2020-03-20,cumulative_infections,51.33,170,338.5,414.65,585.75,1251.57,Additional 50% Reduction,Belize,BLZ,2020-07-04,v3
2020-03-20,deaths,0,0,0,0.02,0,0,Additional 50% Reduction,Belize,BLZ,2020-07-04,v3
2020-03-20,hospital_demand,0,1,2,1.95,3,6.52,Additional 50% Reduction,Belize,BLZ,2020-07-04,v3
2020-03-20,hospital_incidence,0,0,0,0,0,0,Additional 50% Reduction,Belize,BLZ,2020-07-04,v3
2020-03-20,ICU_demand,0,0,0,0.5,1,2.52,Additional 50% Reduction,Belize,BLZ,2020-07-04,v3
2020-03-20,ICU_incidence,0,0,0,0.01,0,0,Additional 50% Reduction,Belize,BLZ,2020-07-04,v3
2020-03-20,infections,8.95,27.75,54,62.58,91,182.2,Additional 50% Reduction,Belize,BLZ,2020-07-04,v3
2020-03-20,Rt,2.02,2.44,2.74,2.87,3.24,4.32,Additional 50% Reduction,Belize,BLZ,2020-07-04,v3
2020-03-20,cumulative_infections,51.33,170,338.5,414.65,585.75,1251.57,Maintain Status Quo,Belize,BLZ,2020-07-04,v3
2020-03-20,deaths,0,0,0,0.02,0,0,Maintain Status Quo,Belize,BLZ,2020-07-04,v3
2020-03-20,hospital_demand,0,1,2,1.95,3,6.52,Maintain Status Quo,Belize,BLZ,2020-07-04,v3
2020-03-20,hospital_incidence,0,0,0,0,0,0,Maintain Status Quo,Belize,BLZ,2020-07-04,v3
2020-03-20,ICU_demand,0,0,0,0.5,1,2.52,Maintain Status Quo,Belize,BLZ,2020-07-04,v3
2020-03-20,ICU_incidence,0,0,0,0.01,0,0,Maintain Status Quo,Belize,BLZ,2020-07-04,v3
2020-03-20,infections,8.95,27.75,54,62.58,91,182.2,Maintain Status Quo,Belize,BLZ,2020-07-04,v3
2020-03-20,Rt,2.02,2.44,2.74,2.87,3.24,4.32,Maintain Status Quo,Belize,BLZ,2020-07-04,v3
2020-03-20,cumulative_infections,51.33,170,338.5,414.65,585.75,1251.57,Relax Interventions 50%,Belize,BLZ,2020-07-04,v3
2020-03-20,deaths,0,0,0,0.02,0,0,Relax Interventions 50%,Belize,BLZ,2020-07-04,v3
2020-03-20,hospital_demand,0,1,2,1.95,3,6.52,Relax Interventions 50%,Belize,BLZ,2020-07-04,v3
2020-03-20,hospital_incidence,0,0,0,0,0,0,Relax Interventions 50%,Belize,BLZ,2020-07-04,v3
2020-03-20,ICU_demand,0,0,0,0.5,1,2.52,Relax Interventions 50%,Belize,BLZ,2020-07-04,v3
2020-03-20,ICU_incidence,0,0,0,0.01,0,0,Relax Interventions 50%,Belize,BLZ,2020-07-04,v3
2020-03-20,infections,8.95,27.75,54,62.58,91,182.2,Relax Interventions 50%,Belize,BLZ,2020-07-04,v3
2020-03-20,Rt,2.02,2.44,2.74,2.87,3.24,4.32,Relax Interventions 50%,Belize,BLZ,2020-07-04,v3
2020-03-20,cumulative_infections,39.95,187,351.5,410.2,526.25,1582.77,Surged Additional 50% Reduction,Belize,BLZ,2020-07-04,v3
2020-03-20,deaths,0,0,0,0.02,0,0,Surged Additional 50% Reduction,Belize,BLZ,2020-07-04,v3
2020-03-20,hospital_demand,0,1,1.5,2.06,3,7.52,Surged Additional 50% Reduction,Belize,BLZ,2020-07-04,v3
2020-03-20,hospital_incidence,0,0,0,0.01,0,0,Surged Additional 50% Reduction,Belize,BLZ,2020-07-04,v3
2020-03-20,ICU_demand,0,0,0,0.6,1,3.52,Surged Additional 50% Reduction,Belize,BLZ,2020-07-04,v3
2020-03-20,ICU_incidence,0,0,0,0.01,0,0,Surged Additional 50% Reduction,Belize,BLZ,2020-07-04,v3
2020-03-20,infections,5.47,31.5,52.5,63.14,73.5,243.27,Surged Additional 50% Reduction,Belize,BLZ,2020-07-04,v3
2020-03-20,Rt,2.18,2.44,2.76,2.85,3.1,4.09,Surged Additional 50% Reduction,Belize,BLZ,2020-07-04,v3
2020-03-20,cumulative_infections,39.95,187,351.5,410.2,526.25,1582.77,Surged Maintain Status Quo,Belize,BLZ,2020-07-04,v3
2020-03-20,deaths,0,0,0,0.02,0,0,Surged Maintain Status Quo,Belize,BLZ,2020-07-04,v3
2020-03-20,hospital_demand,0,1,1.5,2.06,3,7.52,Surged Maintain Status Quo,Belize,BLZ,2020-07-04,v3
2020-03-20,hospital_incidence,0,0,0,0.01,0,0,Surged Maintain Status Quo,Belize,BLZ,2020-07-04,v3
2020-03-20,ICU_demand,0,0,0,0.6,1,3.52,Surged Maintain Status Quo,Belize,BLZ,2020-07-04,v3
2020-03-20,ICU_incidence,0,0,0,0.01,0,0,Surged Maintain Status Quo,Belize,BLZ,2020-07-04,v3
2020-03-20,infections,5.47,31.5,52.5,63.14,73.5,243.27,Surged Maintain Status Quo,Belize,BLZ,2020-07-04,v3
2020-03-20,Rt,2.18,2.44,2.76,2.85,3.1,4.09,Surged Maintain Status Quo,Belize,BLZ,2020-07-04,v3
2020-03-20,cumulative_infections,39.95,187,351.5,410.2,526.25,1582.77,Surged Relax Interventions 50%,Belize,BLZ,2020-07-04,v3
2020-03-20,deaths,0,0,0,0.02,0,0,Surged Relax Interventions 50%,Belize,BLZ,2020-07-04,v3
2020-03-20,hospital_demand,0,1,1.5,2.06,3,7.52,Surged Relax Interventions 50%,Belize,BLZ,2020-07-04,v3
2020-03-20,hospital_incidence,0,0,0,0.01,0,0,Surged Relax Interventions 50%,Belize,BLZ,2020-07-04,v3
2020-03-20,ICU_demand,0,0,0,0.6,1,3.52,Surged Relax Interventions 50%,Belize,BLZ,2020-07-04,v3
2020-03-20,ICU_incidence,0,0,0,0.01,0,0,Surged Relax Interventions 50%,Belize,BLZ,2020-07-04,v3
2020-03-20,infections,5.47,31.5,52.5,63.14,73.5,243.27,Surged Relax Interventions 50%,Belize,BLZ,2020-07-04,v3
2020-03-20,Rt,2.18,2.44,2.76,2.85,3.1,4.09,Surged Relax Interventions 50%,Belize,BLZ,2020-07-04,v3
2020-03-21,cumulative_infections,61.75,207.5,408,487.59,679.5,1460.05,Additional 50% Reduction,Belize,BLZ,2020-07-04,v3
2020-03-21,deaths,0,0,0,0.02,0,0,Additional 50% Reduction,Belize,BLZ,2020-07-04,v3
2020-03-21,hospital_demand,0,1,2,2.38,3,7.52,Additional 50% Reduction,Belize,BLZ,2020-07-04,v3
2020-03-21,hospital_incidence,0,0,0,0.05,0,1,Additional 50% Reduction,Belize,BLZ,2020-07-04,v3
2020-03-21,ICU_demand,0,0,0.5,0.7,1,3,Additional 50% Reduction,Belize,BLZ,2020-07-04,v3
2020-03-21,ICU_incidence,0,0,0,0,0,0,Additional 50% Reduction,Belize,BLZ,2020-07-04,v3
2020-03-21,infections,7.47,33.5,59.5,72.94,98.25,217.1,Additional 50% Reduction,Belize,BLZ,2020-07-04,v3
2020-03-21,Rt,1.85,2.15,2.46,2.54,2.83,3.75,Additional 50% Reduction,Belize,BLZ,2020-07-04,v3
2020-03-21,cumulative_infections,61.75,207.5,408,487.59,679.5,1460.05,Maintain Status Quo,Belize,BLZ,2020-07-04,v3
2020-03-21,deaths,0,0,0,0.02,0,0,Maintain Status Quo,Belize,BLZ,2020-07-04,v3
2020-03-21,hospital_demand,0,1,2,2.38,3,7.52,Maintain Status Quo,Belize,BLZ,2020-07-04,v3
2020-03-21,hospital_incidence,0,0,0,0.05,0,1,Maintain Status Quo,Belize,BLZ,2020-07-04,v3
2020-03-21,ICU_demand,0,0,0.5,0.7,1,3,Maintain Status Quo,Belize,BLZ,2020-07-04,v3
2020-03-21,ICU_incidence,0,0,0,0,0,0,Maintain Status Quo,Belize,BLZ,2020-07-04,v3
2020-03-21,infections,7.47,33.5,59.5,72.94,98.25,217.1,Maintain Status Quo,Belize,BLZ,2020-07-04,v3
2020-03-21,Rt,1.85,2.15,2.46,2.54,2.83,3.75,Maintain Status Quo,Belize,BLZ,2020-07-04,v3
2020-03-21,cumulative_infections,61.75,207.5,408,487.59,679.5,1460.05,Relax Interventions 50%,Belize,BLZ,2020-07-04,v3
2020-03-21,deaths,0,0,0,0.02,0,0,Relax Interventions 50%,Belize,BLZ,2020-07-04,v3
2020-03-21,hospital_demand,0,1,2,2.38,3,7.52,Relax Interventions 50%,Belize,BLZ,2020-07-04,v3
2020-03-21,hospital_incidence,0,0,0,0.05,0,1,Relax Interventions 50%,Belize,BLZ,2020-07-04,v3
2020-03-21,ICU_demand,0,0,0.5,0.7,1,3,Relax Interventions 50%,Belize,BLZ,2020-07-04,v3
2020-03-21,ICU_incidence,0,0,0,0,0,0,Relax Interventions 50%,Belize,BLZ,2020-07-04,v3
2020-03-21,infections,7.47,33.5,59.5,72.94,98.25,217.1,Relax Interventions 50%,Belize,BLZ,2020-07-04,v3
2020-03-21,Rt,1.85,2.15,2.46,2.54,2.83,3.75,Relax Interventions 50%,Belize,BLZ,2020-07-04,v3
2020-03-21,cumulative_infections,48.38,236.75,412,482.99,611,1900.72,Surged Additional 50% Reduction,Belize,BLZ,2020-07-04,v3
2020-03-21,deaths,0,0,0,0.05,0,1,Surged Additional 50% Reduction,Belize,BLZ,2020-07-04,v3
2020-03-21,hospital_demand,0,1,2,2.31,3,8,Surged Additional 50% Reduction,Belize,BLZ,2020-07-04,v3
2020-03-21,hospital_incidence,0,0,0,0.01,0,0,Surged Additional 50% Reduction,Belize,BLZ,2020-07-04,v3
2020-03-21,ICU_demand,0,0,0,0.69,1,2.52,Surged Additional 50% Reduction,Belize,BLZ,2020-07-04,v3
2020-03-21,ICU_incidence,0,0,0,0,0,0,Surged Additional 50% Reduction,Belize,BLZ,2020-07-04,v3
2020-03-21,infections,8.43,34.75,58,72.79,83.25,273.77,Surged Additional 50% Reduction,Belize,BLZ,2020-07-04,v3
2020-03-21,Rt,1.95,2.18,2.43,2.52,2.7,3.65,Surged Additional 50% Reduction,Belize,BLZ,2020-07-04,v3
2020-03-21,cumulative_infections,48.38,236.75,412,482.99,611,1900.72,Surged Maintain Status Quo,Belize,BLZ,2020-07-04,v3
2020-03-21,deaths,0,0,0,0.05,0,1,Surged Maintain Status Quo,Belize,BLZ,2020-07-04,v3
2020-03-21,hospital_demand,0,1,2,2.31,3,8,Surged Maintain Status Quo,Belize,BLZ,2020-07-04,v3
2020-03-21,hospital_incidence,0,0,0,0.01,0,0,Surged Maintain Status Quo,Belize,BLZ,2020-07-04,v3
2020-03-21,ICU_demand,0,0,0,0.69,1,2.52,Surged Maintain Status Quo,Belize,BLZ,2020-07-04,v3
2020-03-21,ICU_incidence,0,0,0,0,0,0,Surged Maintain Status Quo,Belize,BLZ,2020-07-04,v3
2020-03-21,infections,8.43,34.75,58,72.79,83.25,273.77,Surged Maintain Status Quo,Belize,BLZ,2020-07-04,v3
2020-03-21,Rt,1.95,2.18,2.43,2.52,2.7,3.65,Surged Maintain Status Quo,Belize,BLZ,2020-07-04,v3
2020-03-21,cumulative_infections,48.38,236.75,412,482.99,611,1900.72,Surged Relax Interventions 50%,Belize,BLZ,2020-07-04,v3
2020-03-21,deaths,0,0,0,0.05,0,1,Surged Relax Interventions 50%,Belize,BLZ,2020-07-04,v3
2020-03-21,hospital_demand,0,1,2,2.31,3,8,Surged Relax Interventions 50%,Belize,BLZ,2020-07-04,v3
2020-03-21,hospital_incidence,0,0,0,0.01,0,0,Surged Relax Interventions 50%,Belize,BLZ,2020-07-04,v3
2020-03-21,ICU_demand,0,0,0,0.69,1,2.52,Surged Relax Interventions 50%,Belize,BLZ,2020-07-04,v3
2020-03-21,ICU_incidence,0,0,0,0,0,0,Surged Relax Interventions 50%,Belize,BLZ,2020-07-04,v3
2020-03-21,infections,8.43,34.75,58,72.79,83.25,273.77,Surged Relax Interventions 50%,Belize,BLZ,2020-07-04,v3
2020-03-21,Rt,1.95,2.18,2.43,2.52,2.7,3.65,Surged Relax Interventions 50%,Belize,BLZ,2020-07-04,v3
2020-03-22,cumulative_infections,73.7,250.5,462,574.31,773,1696.45,Additional 50% Reduction,Belize,BLZ,2020-07-04,v3
2020-03-22,deaths,0,0,0,0.01,0,0,Additional 50% Reduction,Belize,BLZ,2020-07-04,v3
2020-03-22,hospital_demand,0,1,2,2.87,4,10.57,Additional 50% Reduction,Belize,BLZ,2020-07-04,v3
2020-03-22,hospital_incidence,0,0,0,0.05,0,1,Additional 50% Reduction,Belize,BLZ,2020-07-04,v3
2020-03-22,ICU_demand,0,0,1,0.83,1,4,Additional 50% Reduction,Belize,BLZ,2020-07-04,v3
2020-03-22,ICU_incidence,0,0,0,0.02,0,0,Additional 50% Reduction,Belize,BLZ,2020-07-04,v3
2020-03-22,infections,13.95,39,68,86.72,120,255.3,Additional 50% Reduction,Belize,BLZ,2020-07-04,v3
2020-03-22,Rt,0.66,0.88,1.05,1.1,1.31,1.73,Additional 50% Reduction,Belize,BLZ,2020-07-04,v3
2020-03-22,cumulative_infections,73.7,250.5,462,574.31,773,1696.45,Maintain Status Quo,Belize,BLZ,2020-07-04,v3
2020-03-22,deaths,0,0,0,0.01,0,0,Maintain Status Quo,Belize,BLZ,2020-07-04,v3
2020-03-22,hospital_demand,0,1,2,2.87,4,10.57,Maintain Status Quo,Belize,BLZ,2020-07-04,v3
2020-03-22,hospital_incidence,0,0,0,0.05,0,1,Maintain Status Quo,Belize,BLZ,2020-07-04,v3
2020-03-22,ICU_demand,0,0,1,0.83,1,4,Maintain Status Quo,Belize,BLZ,2020-07-04,v3
2020-03-22,ICU_incidence,0,0,0,0.02,0,0,Maintain Status Quo,Belize,BLZ,2020-07-04,v3
2020-03-22,infections,13.95,39,68,86.72,120,255.3,Maintain Status Quo,Belize,BLZ,2020-07-04,v3
2020-03-22,Rt,0.66,0.88,1.05,1.1,1.31,1.73,Maintain Status Quo,Belize,BLZ,2020-07-04,v3
2020-03-22,cumulative_infections,73.7,250.5,462,574.31,773,1696.45,Relax Interventions 50%,Belize,BLZ,2020-07-04,v3
2020-03-22,deaths,0,0,0,0.01,0,0,Relax Interventions 50%,Belize,BLZ,2020-07-04,v3
2020-03-22,hospital_demand,0,1,2,2.87,4,10.57,Relax Interventions 50%,Belize,BLZ,2020-07-04,v3
2020-03-22,hospital_incidence,0,0,0,0.05,0,1,Relax Interventions 50%,Belize,BLZ,2020-07-04,v3
2020-03-22,ICU_demand,0,0,1,0.83,1,4,Relax Interventions 50%,Belize,BLZ,2020-07-04,v3
2020-03-22,ICU_incidence,0,0,0,0.02,0,0,Relax Interventions 50%,Belize,BLZ,2020-07-04,v3
2020-03-22,infections,13.95,39,68,86.72,120,255.3,Relax Interventions 50%,Belize,BLZ,2020-07-04,v3
2020-03-22,Rt,0.66,0.88,1.05,1.1,1.31,1.73,Relax Interventions 50%,Belize,BLZ,2020-07-04,v3
2020-03-22,cumulative_infections,59.28,292.5,489,568.59,716.5,2212.8,Surged Additional 50% Reduction,Belize,BLZ,2020-07-04,v3
2020-03-22,deaths,0,0,0,0.04,0,0.52,Surged Additional 50% Reduction,Belize,BLZ,2020-07-04,v3
2020-03-22,hospital_demand,0,1,2,2.85,4,9.52,Surged Additional 50% Reduction,Belize,BLZ,2020-07-04,v3
2020-03-22,hospital_incidence,0,0,0,0.03,0,0.52,Surged Additional 50% Reduction,Belize,BLZ,2020-07-04,v3
2020-03-22,ICU_demand,0,0,1,0.87,1,3.52,Surged Additional 50% Reduction,Belize,BLZ,2020-07-04,v3
2020-03-22,ICU_incidence,0,0,0,0.03,0,0.52,Surged Additional 50% Reduction,Belize,BLZ,2020-07-04,v3
2020-03-22,infections,12.47,46.5,74,85.6,103,306.27,Surged Additional 50% Reduction,Belize,BLZ,2020-07-04,v3
2020-03-22,Rt,0.61,0.88,1.05,1.08,1.27,1.72,Surged Additional 50% Reduction,Belize,BLZ,2020-07-04,v3
2020-03-22,cumulative_infections,59.28,292.5,489,568.59,716.5,2212.8,Surged Maintain Status Quo,Belize,BLZ,2020-07-04,v3
2020-03-22,deaths,0,0,0,0.04,0,0.52,Surged Maintain Status Quo,Belize,BLZ,2020-07-04,v3
2020-03-22,hospital_demand,0,1,2,2.85,4,9.52,Surged Maintain Status Quo,Belize,BLZ,2020-07-04,v3
2020-03-22,hospital_incidence,0,0,0,0.03,0,0.52,Surged Maintain Status Quo,Belize,BLZ,2020-07-04,v3
2020-03-22,ICU_demand,0,0,1,0.87,1,3.52,Surged Maintain Status Quo,Belize,BLZ,2020-07-04,v3
2020-03-22,ICU_incidence,0,0,0,0.03,0,0.52,Surged Maintain Status Quo,Belize,BLZ,2020-07-04,v3
2020-03-22,infections,12.47,46.5,74,85.6,103,306.27,Surged Maintain Status Quo,Belize,BLZ,2020-07-04,v3
2020-03-22,Rt,0.61,0.88,1.05,1.08,1.27,1.72,Surged Maintain Status Quo,Belize,BLZ,2020-07-04,v3
2020-03-22,cumulative_infections,59.28,292.5,489,568.59,716.5,2212.8,Surged Relax Interventions 50%,Belize,BLZ,2020-07-04,v3
2020-03-22,deaths,0,0,0,0.04,0,0.52,Surged Relax Interventions 50%,Belize,BLZ,2020-07-04,v3
2020-03-22,hospital_demand,0,1,2,2.85,4,9.52,Surged Relax Interventions 50%,Belize,BLZ,2020-07-04,v3
2020-03-22,hospital_incidence,0,0,0,0.03,0,0.52,Surged Relax Interventions 50%,Belize,BLZ,2020-07-04,v3
2020-03-22,ICU_demand,0,0,1,0.87,1,3.52,Surged Relax Interventions 50%,Belize,BLZ,2020-07-04,v3
2020-03-22,ICU_incidence,0,0,0,0.03,0,0.52,Surged Relax Interventions 50%,Belize,BLZ,2020-07-04,v3
2020-03-22,infections,12.47,46.5,74,85.6,103,306.27,Surged Relax Interventions 50%,Belize,BLZ,2020-07-04,v3
2020-03-22,Rt,0.61,0.88,1.05,1.08,1.27,1.72,Surged Relax Interventions 50%,Belize,BLZ,2020-07-04,v3
2020-03-23,cumulative_infections,94.22,294,552.5,674.88,952,2013.65,Additional 50% Reduction,Belize,BLZ,2020-07-04,v3
2020-03-23,deaths,0,0,0,0.06,0,1,Additional 50% Reduction,Belize,BLZ,2020-07-04,v3
2020-03-23,hospital_demand,0,1,2.5,3.47,5,11.52,Additional 50% Reduction,Belize,BLZ,2020-07-04,v3
2020-03-23,hospital_incidence,0,0,0,0.06,0,1,Additional 50% Reduction,Belize,BLZ,2020-07-04,v3
2020-03-23,ICU_demand,0,0,1,0.99,1,4,Additional 50% Reduction,Belize,BLZ,2020-07-04,v3
2020-03-23,ICU_incidence,0,0,0,0.01,0,0,Additional 50% Reduction,Belize,BLZ,2020-07-04,v3
2020-03-23,infections,13.95,44.75,86.5,100.57,140,284.27,Additional 50% Reduction,Belize,BLZ,2020-07-04,v3
2020-03-23,Rt,1.01,1.29,1.45,1.5,1.66,2.17,Additional 50% Reduction,Belize,BLZ,2020-07-04,v3
2020-03-23,cumulative_infections,94.22,294,552.5,674.88,952,2013.65,Maintain Status Quo,Belize,BLZ,2020-07-04,v3
2020-03-23,deaths,0,0,0,0.06,0,1,Maintain Status Quo,Belize,BLZ,2020-07-04,v3
2020-03-23,hospital_demand,0,1,2.5,3.47,5,11.52,Maintain Status Quo,Belize,BLZ,2020-07-04,v3
2020-03-23,hospital_incidence,0,0,0,0.06,0,1,Maintain Status Quo,Belize,BLZ,2020-07-04,v3
2020-03-23,ICU_demand,0,0,1,0.99,1,4,Maintain Status Quo,Belize,BLZ,2020-07-04,v3
2020-03-23,ICU_incidence,0,0,0,0.01,0,0,Maintain Status Quo,Belize,BLZ,2020-07-04,v3
2020-03-23,infections,13.95,44.75,86.5,100.57,140,284.27,Maintain Status Quo,Belize,BLZ,2020-07-04,v3
2020-03-23,Rt,1.01,1.29,1.45,1.5,1.66,2.17,Maintain Status Quo,Belize,BLZ,2020-07-04,v3
2020-03-23,cumulative_infections,94.22,294,552.5,674.88,952,2013.65,Relax Interventions 50%,Belize,BLZ,2020-07-04,v3
2020-03-23,deaths,0,0,0,0.06,0,1,Relax Interventions 50%,Belize,BLZ,2020-07-04,v3
2020-03-23,hospital_demand,0,1,2.5,3.47,5,11.52,Relax Interventions 50%,Belize,BLZ,2020-07-04,v3
2020-03-23,hospital_incidence,0,0,0,0.06,0,1,Relax Interventions 50%,Belize,BLZ,2020-07-04,v3
2020-03-23,ICU_demand,0,0,1,0.99,1,4,Relax Interventions 50%,Belize,BLZ,2020-07-04,v3
2020-03-23,ICU_incidence,0,0,0,0.01,0,0,Relax Interventions 50%,Belize,BLZ,2020-07-04,v3
2020-03-23,infections,13.95,44.75,86.5,100.57,140,284.27,Relax Interventions 50%,Belize,BLZ,2020-07-04,v3
2020-03-23,Rt,1.01,1.29,1.45,1.5,1.66,2.17,Relax Interventions 50%,Belize,BLZ,2020-07-04,v3
2020-03-23,cumulative_infections,71.7,360.75,569,669.34,835.25,2546.65,Surged Additional 50% Reduction,Belize,BLZ,2020-07-04,v3
2020-03-23,deaths,0,0,0,0.02,0,0,Surged Additional 50% Reduction,Belize,BLZ,2020-07-04,v3
2020-03-23,hospital_demand,0,2,3,3.51,4.25,11.52,Surged Additional 50% Reduction,Belize,BLZ,2020-07-04,v3
2020-03-23,hospital_incidence,0,0,0,0.02,0,0,Surged Additional 50% Reduction,Belize,BLZ,2020-07-04,v3
2020-03-23,ICU_demand,0,0,1,1.04,1,4,Surged Additional 50% Reduction,Belize,BLZ,2020-07-04,v3
2020-03-23,ICU_incidence,0,0,0,0.01,0,0,Surged Additional 50% Reduction,Belize,BLZ,2020-07-04,v3
2020-03-23,infections,10.48,56.75,82,100.75,121.25,351.82,Surged Additional 50% Reduction,Belize,BLZ,2020-07-04,v3
2020-03-23,Rt,1.01,1.27,1.46,1.48,1.62,2.19,Surged Additional 50% Reduction,Belize,BLZ,2020-07-04,v3
2020-03-23,cumulative_infections,71.7,360.75,569,669.34,835.25,2546.65,Surged Maintain Status Quo,Belize,BLZ,2020-07-04,v3
2020-03-23,deaths,0,0,0,0.02,0,0,Surged Maintain Status Quo,Belize,BLZ,2020-07-04,v3
2020-03-23,hospital_demand,0,2,3,3.51,4.25,11.52,Surged Maintain Status Quo,Belize,BLZ,2020-07-04,v3
2020-03-23,hospital_incidence,0,0,0,0.02,0,0,Surged Maintain Status Quo,Belize,BLZ,2020-07-04,v3
2020-03-23,ICU_demand,0,0,1,1.04,1,4,Surged Maintain Status Quo,Belize,BLZ,2020-07-04,v3
2020-03-23,ICU_incidence,0,0,0,0.01,0,0,Surged Maintain Status Quo,Belize,BLZ,2020-07-04,v3
2020-03-23,infections,10.48,56.75,82,100.75,121.25,351.82,Surged Maintain Status Quo,Belize,BLZ,2020-07-04,v3
2020-03-23,Rt,1.01,1.27,1.46,1.48,1.62,2.19,Surged Maintain Status Quo,Belize,BLZ,2020-07-04,v3
2020-03-23,cumulative_infections,71.7,360.75,569,669.34,835.25,2546.65,Surged Relax Interventions 50%,Belize,BLZ,2020-07-04,v3
2020-03-23,deaths,0,0,0,0.02,0,0,Surged Relax Interventions 50%,Belize,BLZ,2020-07-04,v3
2020-03-23,hospital_demand,0,2,3,3.51,4.25,11.52,Surged Relax Interventions 50%,Belize,BLZ,2020-07-04,v3
2020-03-23,hospital_incidence,0,0,0,0.02,0,0,Surged Relax Interventions 50%,Belize,BLZ,2020-07-04,v3
2020-03-23,ICU_demand,0,0,1,1.04,1,4,Surged Relax Interventions 50%,Belize,BLZ,2020-07-04,v3
2020-03-23,ICU_incidence,0,0,0,0.01,0,0,Surged Relax Interventions 50%,Belize,BLZ,2020-07-04,v3
2020-03-23,infections,10.48,56.75,82,100.75,121.25,351.82,Surged Relax Interventions 50%,Belize,BLZ,2020-07-04,v3
2020-03-23,Rt,1.01,1.27,1.46,1.48,1.62,2.19,Surged Relax Interventions 50%,Belize,BLZ,2020-07-04,v3
2020-03-24,cumulative_infections,111.03,332.5,642,780.47,1115.5,2301.72,Additional 50% Reduction,Belize,BLZ,2020-07-04,v3
2020-03-24,deaths,0,0,0,0.03,0,0.52,Additional 50% Reduction,Belize,BLZ,2020-07-04,v3
2020-03-24,hospital_demand,0,1,3,4.05,6,12,Additional 50% Reduction,Belize,BLZ,2020-07-04,v3
2020-03-24,hospital_incidence,0,0,0,0.03,0,0.52,Additional 50% Reduction,Belize,BLZ,2020-07-04,v3
2020-03-24,ICU_demand,0,0,1,1.18,2,4,Additional 50% Reduction,Belize,BLZ,2020-07-04,v3
2020-03-24,ICU_incidence,0,0,0,0.01,0,0,Additional 50% Reduction,Belize,BLZ,2020-07-04,v3
2020-03-24,infections,13.95,44.5,93.5,105.59,137.75,284.57,Additional 50% Reduction,Belize,BLZ,2020-07-04,v3
2020-03-24,Rt,0.23,0.37,0.51,0.56,0.71,1.11,Additional 50% Reduction,Belize,BLZ,2020-07-04,v3
2020-03-24,cumulative_infections,111.03,332.5,642,780.47,1115.5,2301.72,Maintain Status Quo,Belize,BLZ,2020-07-04,v3
2020-03-24,deaths,0,0,0,0.03,0,0.52,Maintain Status Quo,Belize,BLZ,2020-07-04,v3
2020-03-24,hospital_demand,0,1,3,4.05,6,12,Maintain Status Quo,Belize,BLZ,2020-07-04,v3
2020-03-24,hospital_incidence,0,0,0,0.03,0,0.52,Maintain Status Quo,Belize,BLZ,2020-07-04,v3
2020-03-24,ICU_demand,0,0,1,1.18,2,4,Maintain Status Quo,Belize,BLZ,2020-07-04,v3
2020-03-24,ICU_incidence,0,0,0,0.01,0,0,Maintain Status Quo,Belize,BLZ,2020-07-04,v3
2020-03-24,infections,13.95,44.5,93.5,105.59,137.75,284.57,Maintain Status Quo,Belize,BLZ,2020-07-04,v3
2020-03-24,Rt,0.23,0.37,0.51,0.56,0.71,1.11,Maintain Status Quo,Belize,BLZ,2020-07-04,v3
2020-03-24,cumulative_infections,111.03,332.5,642,780.47,1115.5,2301.72,Relax Interventions 50%,Belize,BLZ,2020-07-04,v3
2020-03-24,deaths,0,0,0,0.03,0,0.52,Relax Interventions 50%,Belize,BLZ,2020-07-04,v3
2020-03-24,hospital_demand,0,1,3,4.05,6,12,Relax Interventions 50%,Belize,BLZ,2020-07-04,v3
2020-03-24,hospital_incidence,0,0,0,0.03,0,0.52,Relax Interventions 50%,Belize,BLZ,2020-07-04,v3
2020-03-24,ICU_demand,0,0,1,1.18,2,4,Relax Interventions 50%,Belize,BLZ,2020-07-04,v3
2020-03-24,ICU_incidence,0,0,0,0.01,0,0,Relax Interventions 50%,Belize,BLZ,2020-07-04,v3
2020-03-24,infections,13.95,44.5,93.5,105.59,137.75,284.57,Relax Interventions 50%,Belize,BLZ,2020-07-04,v3
2020-03-24,Rt,0.23,0.37,0.51,0.56,0.71,1.11,Relax Interventions 50%,Belize,BLZ,2020-07-04,v3
2020-03-24,cumulative_infections,83.95,425.25,655,773.53,942.75,2901.45,Surged Additional 50% Reduction,Belize,BLZ,2020-07-04,v3
2020-03-24,deaths,0,0,0,0.07,0,1,Surged Additional 50% Reduction,Belize,BLZ,2020-07-04,v3
2020-03-24,hospital_demand,0,2,3,4,5,13,Surged Additional 50% Reduction,Belize,BLZ,2020-07-04,v3
2020-03-24,hospital_incidence,0,0,0,0.03,0,0.52,Surged Additional 50% Reduction,Belize,BLZ,2020-07-04,v3
2020-03-24,ICU_demand,0,0,1,1.25,2,4.52,Surged Additional 50% Reduction,Belize,BLZ,2020-07-04,v3
2020-03-24,ICU_incidence,0,0,0,0,0,0,Surged Additional 50% Reduction,Belize,BLZ,2020-07-04,v3
2020-03-24,infections,10.95,53.75,90,104.19,121.75,373.35,Surged Additional 50% Reduction,Belize,BLZ,2020-07-04,v3
2020-03-24,Rt,0.19,0.37,0.5,0.55,0.71,1.05,Surged Additional 50% Reduction,Belize,BLZ,2020-07-04,v3
2020-03-24,cumulative_infections,83.95,425.25,655,773.53,942.75,2901.45,Surged Maintain Status Quo,Belize,BLZ,2020-07-04,v3
2020-03-24,deaths,0,0,0,0.07,0,1,Surged Maintain Status Quo,Belize,BLZ,2020-07-04,v3
2020-03-24,hospital_demand,0,2,3,4,5,13,Surged Maintain Status Quo,Belize,BLZ,2020-07-04,v3
2020-03-24,hospital_incidence,0,0,0,0.03,0,0.52,Surged Maintain Status Quo,Belize,BLZ,2020-07-04,v3
2020-03-24,ICU_demand,0,0,1,1.25,2,4.52,Surged Maintain Status Quo,Belize,BLZ,2020-07-04,v3
2020-03-24,ICU_incidence,0,0,0,0,0,0,Surged Maintain Status Quo,Belize,BLZ,2020-07-04,v3
2020-03-24,infections,10.95,53.75,90,104.19,121.75,373.35,Surged Maintain Status Quo,Belize,BLZ,2020-07-04,v3
2020-03-24,Rt,0.19,0.37,0.5,0.55,0.71,1.05,Surged Maintain Status Quo,Belize,BLZ,2020-07-04,v3
2020-03-24,cumulative_infections,83.95,425.25,655,773.53,942.75,2901.45,Surged Relax Interventions 50%,Belize,BLZ,2020-07-04,v3
2020-03-24,deaths,0,0,0,0.07,0,1,Surged Relax Interventions 50%,Belize,BLZ,2020-07-04,v3
2020-03-24,hospital_demand,0,2,3,4,5,13,Surged Relax Interventions 50%,Belize,BLZ,2020-07-04,v3
2020-03-24,hospital_incidence,0,0,0,0.03,0,0.52,Surged Relax Interventions 50%,Belize,BLZ,2020-07-04,v3
2020-03-24,ICU_demand,0,0,1,1.25,2,4.52,Surged Relax Interventions 50%,Belize,BLZ,2020-07-04,v3
2020-03-24,ICU_incidence,0,0,0,0,0,0,Surged Relax Interventions 50%,Belize,BLZ,2020-07-04,v3
2020-03-24,infections,10.95,53.75,90,104.19,121.75,373.35,Surged Relax Interventions 50%,Belize,BLZ,2020-07-04,v3
2020-03-24,Rt,0.19,0.37,0.5,0.55,0.71,1.05,Surged Relax Interventions 50%,Belize,BLZ,2020-07-04,v3
2020-03-25,cumulative_infections,130.18,371.25,741.5,886.56,1249.75,2602.22,Additional 50% Reduction,Belize,BLZ,2020-07-04,v3
2020-03-25,deaths,0,0,0,0.05,0,1,Additional 50% Reduction,Belize,BLZ,2020-07-04,v3
2020-03-25,hospital_demand,0,2,4,4.55,7,12.52,Additional 50% Reduction,Belize,BLZ,2020-07-04,v3
2020-03-25,hospital_incidence,0,0,0,0.08,0,1,Additional 50% Reduction,Belize,BLZ,2020-07-04,v3
2020-03-25,ICU_demand,0,0,1,1.39,2,4.52,Additional 50% Reduction,Belize,BLZ,2020-07-04,v3
2020-03-25,ICU_incidence,0,0,0,0.02,0,0,Additional 50% Reduction,Belize,BLZ,2020-07-04,v3
2020-03-25,infections,13.38,49.5,90.5,106.09,147,301.37,Additional 50% Reduction,Belize,BLZ,2020-07-04,v3
2020-03-25,Rt,0.21,0.34,0.48,0.53,0.66,1.07,Additional 50% Reduction,Belize,BLZ,2020-07-04,v3
2020-03-25,cumulative_infections,130.18,371.25,741.5,886.56,1249.75,2602.22,Maintain Status Quo,Belize,BLZ,2020-07-04,v3
2020-03-25,deaths,0,0,0,0.05,0,1,Maintain Status Quo,Belize,BLZ,2020-07-04,v3
2020-03-25,hospital_demand,0,2,4,4.55,7,12.52,Maintain Status Quo,Belize,BLZ,2020-07-04,v3
2020-03-25,hospital_incidence,0,0,0,0.08,0,1,Maintain Status Quo,Belize,BLZ,2020-07-04,v3
2020-03-25,ICU_demand,0,0,1,1.39,2,4.52,Maintain Status Quo,Belize,BLZ,2020-07-04,v3
2020-03-25,ICU_incidence,0,0,0,0.02,0,0,Maintain Status Quo,Belize,BLZ,2020-07-04,v3
2020-03-25,infections,13.38,49.5,90.5,106.09,147,301.37,Maintain Status Quo,Belize,BLZ,2020-07-04,v3
2020-03-25,Rt,0.21,0.34,0.48,0.53,0.66,1.07,Maintain Status Quo,Belize,BLZ,2020-07-04,v3
2020-03-25,cumulative_infections,130.18,371.25,741.5,886.56,1249.75,2602.22,Relax Interventions 50%,Belize,BLZ,2020-07-04,v3
2020-03-25,deaths,0,0,0,0.05,0,1,Relax Interventions 50%,Belize,BLZ,2020-07-04,v3
2020-03-25,hospital_demand,0,2,4,4.55,7,12.52,Relax Interventions 50%,Belize,BLZ,2020-07-04,v3
2020-03-25,hospital_incidence,0,0,0,0.08,0,1,Relax Interventions 50%,Belize,BLZ,2020-07-04,v3
2020-03-25,ICU_demand,0,0,1,1.39,2,4.52,Relax Interventions 50%,Belize,BLZ,2020-07-04,v3
2020-03-25,ICU_incidence,0,0,0,0.02,0,0,Relax Interventions 50%,Belize,BLZ,2020-07-04,v3
2020-03-25,infections,13.38,49.5,90.5,106.09,147,301.37,Relax Interventions 50%,Belize,BLZ,2020-07-04,v3
2020-03-25,Rt,0.21,0.34,0.48,0.53,0.66,1.07,Relax Interventions 50%,Belize,BLZ,2020-07-04,v3
2020-03-25,cumulative_infections,90.95,476.25,743.5,878.41,1078.75,3266.98,Surged Additional 50% Reduction,Belize,BLZ,2020-07-04,v3
2020-03-25,deaths,0,0,0,0.04,0,1,Surged Additional 50% Reduction,Belize,BLZ,2020-07-04,v3
2020-03-25,hospital_demand,0,2,4,4.69,7,12.52,Surged Additional 50% Reduction,Belize,BLZ,2020-07-04,v3
2020-03-25,hospital_incidence,0,0,0,0.07,0,1,Surged Additional 50% Reduction,Belize,BLZ,2020-07-04,v3
2020-03-25,ICU_demand,0,0,1,1.49,2,5,Surged Additional 50% Reduction,Belize,BLZ,2020-07-04,v3
2020-03-25,ICU_incidence,0,0,0,0.03,0,0.52,Surged Additional 50% Reduction,Belize,BLZ,2020-07-04,v3
2020-03-25,infections,10.43,57.75,87,104.88,120.25,394.4,Surged Additional 50% Reduction,Belize,BLZ,2020-07-04,v3
2020-03-25,Rt,0.17,0.34,0.47,0.51,0.68,1.01,Surged Additional 50% Reduction,Belize,BLZ,2020-07-04,v3
2020-03-25,cumulative_infections,90.95,476.25,743.5,878.41,1078.75,3266.98,Surged Maintain Status Quo,Belize,BLZ,2020-07-04,v3
2020-03-25,deaths,0,0,0,0.04,0,1,Surged Maintain Status Quo,Belize,BLZ,2020-07-04,v3
2020-03-25,hospital_demand,0,2,4,4.69,7,12.52,Surged Maintain Status Quo,Belize,BLZ,2020-07-04,v3
2020-03-25,hospital_incidence,0,0,0,0.07,0,1,Surged Maintain Status Quo,Belize,BLZ,2020-07-04,v3
2020-03-25,ICU_demand,0,0,1,1.49,2,5,Surged Maintain Status Quo,Belize,BLZ,2020-07-04,v3
2020-03-25,ICU_incidence,0,0,0,0.03,0,0.52,Surged Maintain Status Quo,Belize,BLZ,2020-07-04,v3
2020-03-25,infections,10.43,57.75,87,104.88,120.25,394.4,Surged Maintain Status Quo,Belize,BLZ,2020-07-04,v3
2020-03-25,Rt,0.17,0.34,0.47,0.51,0.68,1.01,Surged Maintain Status Quo,Belize,BLZ,2020-07-04,v3
2020-03-25,cumulative_infections,90.95,476.25,743.5,878.41,1078.75,3266.98,Surged Relax Interventions 50%,Belize,BLZ,2020-07-04,v3
2020-03-25,deaths,0,0,0,0.04,0,1,Surged Relax Interventions 50%,Belize,BLZ,2020-07-04,v3
2020-03-25,hospital_demand,0,2,4,4.69,7,12.52,Surged Relax Interventions 50%,Belize,BLZ,2020-07-04,v3
2020-03-25,hospital_incidence,0,0,0,0.07,0,1,Surged Relax Interventions 50%,Belize,BLZ,2020-07-04,v3
2020-03-25,ICU_demand,0,0,1,1.49,2,5,Surged Relax Interventions 50%,Belize,BLZ,2020-07-04,v3
2020-03-25,ICU_incidence,0,0,0,0.03,0,0.52,Surged Relax Interventions 50%,Belize,BLZ,2020-07-04,v3
2020-03-25,infections,10.43,57.75,87,104.88,120.25,394.4,Surged Relax Interventions 50%,Belize,BLZ,2020-07-04,v3
2020-03-25,Rt,0.17,0.34,0.47,0.51,0.68,1.01,Surged Relax Interventions 50%,Belize,BLZ,2020-07-04,v3
2020-03-26,cumulative_infections,149.28,410,813.5,988.14,1369.25,2869.1,Additional 50% Reduction,Belize,BLZ,2020-07-04,v3
2020-03-26,deaths,0,0,0,0.08,0,1,Additional 50% Reduction,Belize,BLZ,2020-07-04,v3
2020-03-26,hospital_demand,0,2,4,5.36,7,15.52,Additional 50% Reduction,Belize,BLZ,2020-07-04,v3
2020-03-26,hospital_incidence,0,0,0,0.03,0,0.52,Additional 50% Reduction,Belize,BLZ,2020-07-04,v3
2020-03-26,ICU_demand,0,0,1,1.54,2,5,Additional 50% Reduction,Belize,BLZ,2020-07-04,v3
2020-03-26,ICU_incidence,0,0,0,0,0,0,Additional 50% Reduction,Belize,BLZ,2020-07-04,v3
2020-03-26,infections,14.38,45.75,85.5,101.58,148.25,289.67,Additional 50% Reduction,Belize,BLZ,2020-07-04,v3
2020-03-26,Rt,0.09,0.18,0.27,0.32,0.41,0.83,Additional 50% Reduction,Belize,BLZ,2020-07-04,v3
2020-03-26,cumulative_infections,149.28,410,813.5,988.14,1369.25,2869.1,Maintain Status Quo,Belize,BLZ,2020-07-04,v3
2020-03-26,deaths,0,0,0,0.08,0,1,Maintain Status Quo,Belize,BLZ,2020-07-04,v3
2020-03-26,hospital_demand,0,2,4,5.36,7,15.52,Maintain Status Quo,Belize,BLZ,2020-07-04,v3
2020-03-26,hospital_incidence,0,0,0,0.03,0,0.52,Maintain Status Quo,Belize,BLZ,2020-07-04,v3
2020-03-26,ICU_demand,0,0,1,1.54,2,5,Maintain Status Quo,Belize,BLZ,2020-07-04,v3
2020-03-26,ICU_incidence,0,0,0,0,0,0,Maintain Status Quo,Belize,BLZ,2020-07-04,v3
2020-03-26,infections,14.38,45.75,85.5,101.58,148.25,289.67,Maintain Status Quo,Belize,BLZ,2020-07-04,v3
2020-03-26,Rt,0.09,0.18,0.27,0.32,0.41,0.83,Maintain Status Quo,Belize,BLZ,2020-07-04,v3
2020-03-26,cumulative_infections,149.28,410,813.5,988.14,1369.25,2869.1,Relax Interventions 50%,Belize,BLZ,2020-07-04,v3
2020-03-26,deaths,0,0,0,0.08,0,1,Relax Interventions 50%,Belize,BLZ,2020-07-04,v3
2020-03-26,hospital_demand,0,2,4,5.36,7,15.52,Relax Interventions 50%,Belize,BLZ,2020-07-04,v3
2020-03-26,hospital_incidence,0,0,0,0.03,0,0.52,Relax Interventions 50%,Belize,BLZ,2020-07-04,v3
2020-03-26,ICU_demand,0,0,1,1.54,2,5,Relax Interventions 50%,Belize,BLZ,2020-07-04,v3
2020-03-26,ICU_incidence,0,0,0,0,0,0,Relax Interventions 50%,Belize,BLZ,2020-07-04,v3
2020-03-26,infections,14.38,45.75,85.5,101.58,148.25,289.67,Relax Interventions 50%,Belize,BLZ,2020-07-04,v3
2020-03-26,Rt,0.09,0.18,0.27,0.32,0.41,0.83,Relax Interventions 50%,Belize,BLZ,2020-07-04,v3
2020-03-26,cumulative_infections,100.47,540,826.5,978.73,1178.75,3609.77,Surged Additional 50% Reduction,Belize,BLZ,2020-07-04,v3
2020-03-26,deaths,0,0,0,0.08,0,1,Surged Additional 50% Reduction,Belize,BLZ,2020-07-04,v3
2020-03-26,hospital_demand,0,3,4,5.46,8,16.05,Surged Additional 50% Reduction,Belize,BLZ,2020-07-04,v3
2020-03-26,hospital_incidence,0,0,0,0.09,0,1,Surged Additional 50% Reduction,Belize,BLZ,2020-07-04,v3
2020-03-26,ICU_demand,0,1,1,1.81,3,6,Surged Additional 50% Reduction,Belize,BLZ,2020-07-04,v3
2020-03-26,ICU_incidence,0,0,0,0,0,0,Surged Additional 50% Reduction,Belize,BLZ,2020-07-04,v3
2020-03-26,infections,11,56.75,83.5,100.32,119.5,343.75,Surged Additional 50% Reduction,Belize,BLZ,2020-07-04,v3
2020-03-26,Rt,0.07,0.17,0.26,0.31,0.43,0.73,Surged Additional 50% Reduction,Belize,BLZ,2020-07-04,v3
2020-03-26,cumulative_infections,100.47,540,826.5,978.73,1178.75,3609.77,Surged Maintain Status Quo,Belize,BLZ,2020-07-04,v3
2020-03-26,deaths,0,0,0,0.08,0,1,Surged Maintain Status Quo,Belize,BLZ,2020-07-04,v3
2020-03-26,hospital_demand,0,3,4,5.46,8,16.05,Surged Maintain Status Quo,Belize,BLZ,2020-07-04,v3
2020-03-26,hospital_incidence,0,0,0,0.09,0,1,Surged Maintain Status Quo,Belize,BLZ,2020-07-04,v3
2020-03-26,ICU_demand,0,1,1,1.81,3,6,Surged Maintain Status Quo,Belize,BLZ,2020-07-04,v3
2020-03-26,ICU_incidence,0,0,0,0,0,0,Surged Maintain Status Quo,Belize,BLZ,2020-07-04,v3
2020-03-26,infections,11,56.75,83.5,100.32,119.5,343.75,Surged Maintain Status Quo,Belize,BLZ,2020-07-04,v3
2020-03-26,Rt,0.07,0.17,0.26,0.31,0.43,0.73,Surged Maintain Status Quo,Belize,BLZ,2020-07-04,v3
2020-03-26,cumulative_infections,100.47,540,826.5,978.73,1178.75,3609.77,Surged Relax Interventions 50%,Belize,BLZ,2020-07-04,v3
2020-03-26,deaths,0,0,0,0.08,0,1,Surged Relax Interventions 50%,Belize,BLZ,2020-07-04,v3
2020-03-26,hospital_demand,0,3,4,5.46,8,16.05,Surged Relax Interventions 50%,Belize,BLZ,2020-07-04,v3
2020-03-26,hospital_incidence,0,0,0,0.09,0,1,Surged Relax Interventions 50%,Belize,BLZ,2020-07-04,v3
2020-03-26,ICU_demand,0,1,1,1.81,3,6,Surged Relax Interventions 50%,Belize,BLZ,2020-07-04,v3
2020-03-26,ICU_incidence,0,0,0,0,0,0,Surged Relax Interventions 50%,Belize,BLZ,2020-07-04,v3
2020-03-26,infections,11,56.75,83.5,100.32,119.5,343.75,Surged Relax Interventions 50%,Belize,BLZ,2020-07-04,v3
2020-03-26,Rt,0.07,0.17,0.26,0.31,0.43,0.73,Surged Relax Interventions 50%,Belize,BLZ,2020-07-04,v3
2020-03-27,cumulative_infections,161.7,464.5,901.5,1082.52,1479.25,3127.32,Additional 50% Reduction,Belize,BLZ,2020-07-04,v3
2020-03-27,deaths,0,0,0,0.09,0,1,Additional 50% Reduction,Belize,BLZ,2020-07-04,v3
2020-03-27,hospital_demand,0,2,5,5.93,8.25,16.52,Additional 50% Reduction,Belize,BLZ,2020-07-04,v3
2020-03-27,hospital_incidence,0,0,0,0.06,0,1,Additional 50% Reduction,Belize,BLZ,2020-07-04,v3
2020-03-27,ICU_demand,0,1,1,1.71,2,5,Additional 50% Reduction,Belize,BLZ,2020-07-04,v3
2020-03-27,ICU_incidence,0,0,0,0.01,0,0,Additional 50% Reduction,Belize,BLZ,2020-07-04,v3
2020-03-27,infections,11,46,83,94.38,131.75,249.82,Additional 50% Reduction,Belize,BLZ,2020-07-04,v3
2020-03-27,Rt,0.1,0.19,0.29,0.34,0.43,0.85,Additional 50% Reduction,Belize,BLZ,2020-07-04,v3
2020-03-27,cumulative_infections,161.7,464.5,901.5,1082.52,1479.25,3127.32,Maintain Status Quo,Belize,BLZ,2020-07-04,v3
2020-03-27,deaths,0,0,0,0.09,0,1,Maintain Status Quo,Belize,BLZ,2020-07-04,v3
2020-03-27,hospital_demand,0,2,5,5.93,8.25,16.52,Maintain Status Quo,Belize,BLZ,2020-07-04,v3
2020-03-27,hospital_incidence,0,0,0,0.06,0,1,Maintain Status Quo,Belize,BLZ,2020-07-04,v3
2020-03-27,ICU_demand,0,1,1,1.71,2,5,Maintain Status Quo,Belize,BLZ,2020-07-04,v3
2020-03-27,ICU_incidence,0,0,0,0.01,0,0,Maintain Status Quo,Belize,BLZ,2020-07-04,v3
2020-03-27,infections,11,46,83,94.38,131.75,249.82,Maintain Status Quo,Belize,BLZ,2020-07-04,v3
2020-03-27,Rt,0.1,0.19,0.29,0.34,0.43,0.85,Maintain Status Quo,Belize,BLZ,2020-07-04,v3
2020-03-27,cumulative_infections,161.7,464.5,901.5,1082.52,1479.25,3127.32,Relax Interventions 50%,Belize,BLZ,2020-07-04,v3
2020-03-27,deaths,0,0,0,0.09,0,1,Relax Interventions 50%,Belize,BLZ,2020-07-04,v3
2020-03-27,hospital_demand,0,2,5,5.93,8.25,16.52,Relax Interventions 50%,Belize,BLZ,2020-07-04,v3
2020-03-27,hospital_incidence,0,0,0,0.06,0,1,Relax Interventions 50%,Belize,BLZ,2020-07-04,v3
2020-03-27,ICU_demand,0,1,1,1.71,2,5,Relax Interventions 50%,Belize,BLZ,2020-07-04,v3
2020-03-27,ICU_incidence,0,0,0,0.01,0,0,Relax Interventions 50%,Belize,BLZ,2020-07-04,v3
2020-03-27,infections,11,46,83,94.38,131.75,249.82,Relax Interventions 50%,Belize,BLZ,2020-07-04,v3
2020-03-27,Rt,0.1,0.19,0.29,0.34,0.43,0.85,Relax Interventions 50%,Belize,BLZ,2020-07-04,v3
2020-03-27,cumulative_infections,111.47,581.75,906,1068.99,1271.5,3873.95,Surged Additional 50% Reduction,Belize,BLZ,2020-07-04,v3
2020-03-27,deaths,0,0,0,0.06,0,1,Surged Additional 50% Reduction,Belize,BLZ,2020-07-04,v3
2020-03-27,hospital_demand,0.48,3,5,6.37,8,19.52,Surged Additional 50% Reduction,Belize,BLZ,2020-07-04,v3
2020-03-27,hospital_incidence,0,0,0,0.08,0,1,Surged Additional 50% Reduction,Belize,BLZ,2020-07-04,v3
2020-03-27,ICU_demand,0,1,2,2.01,3,6,Surged Additional 50% Reduction,Belize,BLZ,2020-07-04,v3
2020-03-27,ICU_incidence,0,0,0,0.02,0,0,Surged Additional 50% Reduction,Belize,BLZ,2020-07-04,v3
2020-03-27,infections,16.48,51,78.5,90.26,109,304.3,Surged Additional 50% Reduction,Belize,BLZ,2020-07-04,v3
2020-03-27,Rt,0.08,0.19,0.29,0.33,0.45,0.76,Surged Additional 50% Reduction,Belize,BLZ,2020-07-04,v3
2020-03-27,cumulative_infections,111.47,581.75,906,1068.99,1271.5,3873.95,Surged Maintain Status Quo,Belize,BLZ,2020-07-04,v3
2020-03-27,deaths,0,0,0,0.06,0,1,Surged Maintain Status Quo,Belize,BLZ,2020-07-04,v3
2020-03-27,hospital_demand,0.48,3,5,6.37,8,19.52,Surged Maintain Status Quo,Belize,BLZ,2020-07-04,v3
2020-03-27,hospital_incidence,0,0,0,0.08,0,1,Surged Maintain Status Quo,Belize,BLZ,2020-07-04,v3
2020-03-27,ICU_demand,0,1,2,2.01,3,6,Surged Maintain Status Quo,Belize,BLZ,2020-07-04,v3
2020-03-27,ICU_incidence,0,0,0,0.02,0,0,Surged Maintain Status Quo,Belize,BLZ,2020-07-04,v3
2020-03-27,infections,16.48,51,78.5,90.26,109,304.3,Surged Maintain Status Quo,Belize,BLZ,2020-07-04,v3
2020-03-27,Rt,0.08,0.19,0.29,0.33,0.45,0.76,Surged Maintain Status Quo,Belize,BLZ,2020-07-04,v3
2020-03-27,cumulative_infections,111.47,581.75,906,1068.99,1271.5,3873.95,Surged Relax Interventions 50%,Belize,BLZ,2020-07-04,v3
2020-03-27,deaths,0,0,0,0.06,0,1,Surged Relax Interventions 50%,Belize,BLZ,2020-07-04,v3
2020-03-27,hospital_demand,0.48,3,5,6.37,8,19.52,Surged Relax Interventions 50%,Belize,BLZ,2020-07-04,v3
2020-03-27,hospital_incidence,0,0,0,0.08,0,1,Surged Relax Interventions 50%,Belize,BLZ,2020-07-04,v3
2020-03-27,ICU_demand,0,1,2,2.01,3,6,Surged Relax Interventions 50%,Belize,BLZ,2020-07-04,v3
2020-03-27,ICU_incidence,0,0,0,0.02,0,0,Surged Relax Interventions 50%,Belize,BLZ,2020-07-04,v3
2020-03-27,infections,16.48,51,78.5,90.26,109,304.3,Surged Relax Interventions 50%,Belize,BLZ,2020-07-04,v3
2020-03-27,Rt,0.08,0.19,0.29,0.33,0.45,0.76,Surged Relax Interventions 50%,Belize,BLZ,2020-07-04,v3
2020-03-28,cumulative_infections,178.7,505.5,981.5,1162.26,1571,3330.95,Additional 50% Reduction,Belize,BLZ,2020-07-04,v3
2020-03-28,deaths,0,0,0,0.09,0,1,Additional 50% Reduction,Belize,BLZ,2020-07-04,v3
2020-03-28,hospital_demand,0,3,6,6.69,10,17.57,Additional 50% Reduction,Belize,BLZ,2020-07-04,v3
2020-03-28,hospital_incidence,0,0,0,0.07,0,1,Additional 50% Reduction,Belize,BLZ,2020-07-04,v3
2020-03-28,ICU_demand,0,1,1,1.79,2,5.52,Additional 50% Reduction,Belize,BLZ,2020-07-04,v3
2020-03-28,ICU_incidence,0,0,0,0.03,0,0.52,Additional 50% Reduction,Belize,BLZ,2020-07-04,v3
2020-03-28,infections,12.47,35,68.5,79.74,114.5,203.62,Additional 50% Reduction,Belize,BLZ,2020-07-04,v3
2020-03-28,Rt,0.08,0.17,0.26,0.32,0.4,0.82,Additional 50% Reduction,Belize,BLZ,2020-07-04,v3
2020-03-28,cumulative_infections,178.7,505.5,981.5,1162.26,1571,3330.95,Maintain Status Quo,Belize,BLZ,2020-07-04,v3
2020-03-28,deaths,0,0,0,0.09,0,1,Maintain Status Quo,Belize,BLZ,2020-07-04,v3
2020-03-28,hospital_demand,0,3,6,6.69,10,17.57,Maintain Status Quo,Belize,BLZ,2020-07-04,v3
2020-03-28,hospital_incidence,0,0,0,0.07,0,1,Maintain Status Quo,Belize,BLZ,2020-07-04,v3
2020-03-28,ICU_demand,0,1,1,1.79,2,5.52,Maintain Status Quo,Belize,BLZ,2020-07-04,v3
2020-03-28,ICU_incidence,0,0,0,0.03,0,0.52,Maintain Status Quo,Belize,BLZ,2020-07-04,v3
2020-03-28,infections,12.47,35,68.5,79.74,114.5,203.62,Maintain Status Quo,Belize,BLZ,2020-07-04,v3
2020-03-28,Rt,0.08,0.17,0.26,0.32,0.4,0.82,Maintain Status Quo,Belize,BLZ,2020-07-04,v3
2020-03-28,cumulative_infections,178.7,505.5,981.5,1162.26,1571,3330.95,Relax Interventions 50%,Belize,BLZ,2020-07-04,v3
2020-03-28,deaths,0,0,0,0.09,0,1,Relax Interventions 50%,Belize,BLZ,2020-07-04,v3
2020-03-28,hospital_demand,0,3,6,6.69,10,17.57,Relax Interventions 50%,Belize,BLZ,2020-07-04,v3
2020-03-28,hospital_incidence,0,0,0,0.07,0,1,Relax Interventions 50%,Belize,BLZ,2020-07-04,v3
2020-03-28,ICU_demand,0,1,1,1.79,2,5.52,Relax Interventions 50%,Belize,BLZ,2020-07-04,v3
2020-03-28,ICU_incidence,0,0,0,0.03,0,0.52,Relax Interventions 50%,Belize,BLZ,2020-07-04,v3
2020-03-28,infections,12.47,35,68.5,79.74,114.5,203.62,Relax Interventions 50%,Belize,BLZ,2020-07-04,v3
2020-03-28,Rt,0.08,0.17,0.26,0.32,0.4,0.82,Relax Interventions 50%,Belize,BLZ,2020-07-04,v3
2020-03-28,cumulative_infections,125.32,641.5,976.5,1147.47,1353.75,4089.5,Surged Additional 50% Reduction,Belize,BLZ,2020-07-04,v3
2020-03-28,deaths,0,0,0,0.13,0,1,Surged Additional 50% Reduction,Belize,BLZ,2020-07-04,v3
2020-03-28,hospital_demand,0.48,4,6,7.18,9,21,Surged Additional 50% Reduction,Belize,BLZ,2020-07-04,v3
2020-03-28,hospital_incidence,0,0,0,0.07,0,1,Surged Additional 50% Reduction,Belize,BLZ,2020-07-04,v3
2020-03-28,ICU_demand,0,1,2,2.12,3,6,Surged Additional 50% Reduction,Belize,BLZ,2020-07-04,v3
2020-03-28,ICU_incidence,0,0,0,0.03,0,0.52,Surged Additional 50% Reduction,Belize,BLZ,2020-07-04,v3
2020-03-28,infections,14,44.5,67,78.48,99.5,228.1,Surged Additional 50% Reduction,Belize,BLZ,2020-07-04,v3
2020-03-28,Rt,0.07,0.17,0.26,0.31,0.42,0.72,Surged Additional 50% Reduction,Belize,BLZ,2020-07-04,v3
2020-03-28,cumulative_infections,125.32,641.5,976.5,1147.47,1353.75,4089.5,Surged Maintain Status Quo,Belize,BLZ,2020-07-04,v3
2020-03-28,deaths,0,0,0,0.13,0,1,Surged Maintain Status Quo,Belize,BLZ,2020-07-04,v3
2020-03-28,hospital_demand,0.48,4,6,7.18,9,21,Surged Maintain Status Quo,Belize,BLZ,2020-07-04,v3
2020-03-28,hospital_incidence,0,0,0,0.07,0,1,Surged Maintain Status Quo,Belize,BLZ,2020-07-04,v3
2020-03-28,ICU_demand,0,1,2,2.12,3,6,Surged Maintain Status Quo,Belize,BLZ,2020-07-04,v3
2020-03-28,ICU_incidence,0,0,0,0.03,0,0.52,Surged Maintain Status Quo,Belize,BLZ,2020-07-04,v3
2020-03-28,infections,14,44.5,67,78.48,99.5,228.1,Surged Maintain Status Quo,Belize,BLZ,2020-07-04,v3
2020-03-28,Rt,0.07,0.17,0.26,0.31,0.42,0.72,Surged Maintain Status Quo,Belize,BLZ,2020-07-04,v3
2020-03-28,cumulative_infections,125.32,641.5,976.5,1147.47,1353.75,4089.5,Surged Relax Interventions 50%,Belize,BLZ,2020-07-04,v3
2020-03-28,deaths,0,0,0,0.13,0,1,Surged Relax Interventions 50%,Belize,BLZ,2020-07-04,v3
2020-03-28,hospital_demand,0.48,4,6,7.18,9,21,Surged Relax Interventions 50%,Belize,BLZ,2020-07-04,v3
2020-03-28,hospital_incidence,0,0,0,0.07,0,1,Surged Relax Interventions 50%,Belize,BLZ,2020-07-04,v3
2020-03-28,ICU_demand,0,1,2,2.12,3,6,Surged Relax Interventions 50%,Belize,BLZ,2020-07-04,v3
2020-03-28,ICU_incidence,0,0,0,0.03,0,0.52,Surged Relax Interventions 50%,Belize,BLZ,2020-07-04,v3
2020-03-28,infections,14,44.5,67,78.48,99.5,228.1,Surged Relax Interventions 50%,Belize,BLZ,2020-07-04,v3
2020-03-28,Rt,0.07,0.17,0.26,0.31,0.42,0.72,Surged Relax Interventions 50%,Belize,BLZ,2020-07-04,v3
2020-03-29,cumulative_infections,195.12,536.75,1036.5,1232.04,1675,3540.45,Additional 50% Reduction,Belize,BLZ,2020-07-04,v3
2020-03-29,deaths,0,0,0,0.11,0,1,Additional 50% Reduction,Belize,BLZ,2020-07-04,v3
2020-03-29,hospital_demand,0,3,7,7.39,11,20.05,Additional 50% Reduction,Belize,BLZ,2020-07-04,v3
2020-03-29,hospital_incidence,0,0,0,0.08,0,1,Additional 50% Reduction,Belize,BLZ,2020-07-04,v3
2020-03-29,ICU_demand,0,1,2,1.99,3,6.52,Additional 50% Reduction,Belize,BLZ,2020-07-04,v3
2020-03-29,ICU_incidence,0,0,0,0.03,0,0.52,Additional 50% Reduction,Belize,BLZ,2020-07-04,v3
2020-03-29,infections,12,33.75,58.5,69.78,96.25,195.25,Additional 50% Reduction,Belize,BLZ,2020-07-04,v3
2020-03-29,Rt,0.06,0.13,0.2,0.26,0.33,0.74,Additional 50% Reduction,Belize,BLZ,2020-07-04,v3
2020-03-29,cumulative_infections,195.12,536.75,1036.5,1232.04,1675,3540.45,Maintain Status Quo,Belize,BLZ,2020-07-04,v3
2020-03-29,deaths,0,0,0,0.11,0,1,Maintain Status Quo,Belize,BLZ,2020-07-04,v3
2020-03-29,hospital_demand,0,3,7,7.39,11,20.05,Maintain Status Quo,Belize,BLZ,2020-07-04,v3
2020-03-29,hospital_incidence,0,0,0,0.08,0,1,Maintain Status Quo,Belize,BLZ,2020-07-04,v3
2020-03-29,ICU_demand,0,1,2,1.99,3,6.52,Maintain Status Quo,Belize,BLZ,2020-07-04,v3
2020-03-29,ICU_incidence,0,0,0,0.03,0,0.52,Maintain Status Quo,Belize,BLZ,2020-07-04,v3
2020-03-29,infections,12,33.75,58.5,69.78,96.25,195.25,Maintain Status Quo,Belize,BLZ,2020-07-04,v3
2020-03-29,Rt,0.06,0.13,0.2,0.26,0.33,0.74,Maintain Status Quo,Belize,BLZ,2020-07-04,v3
2020-03-29,cumulative_infections,195.12,536.75,1036.5,1232.04,1675,3540.45,Relax Interventions 50%,Belize,BLZ,2020-07-04,v3
2020-03-29,deaths,0,0,0,0.11,0,1,Relax Interventions 50%,Belize,BLZ,2020-07-04,v3
2020-03-29,hospital_demand,0,3,7,7.39,11,20.05,Relax Interventions 50%,Belize,BLZ,2020-07-04,v3
2020-03-29,hospital_incidence,0,0,0,0.08,0,1,Relax Interventions 50%,Belize,BLZ,2020-07-04,v3
2020-03-29,ICU_demand,0,1,2,1.99,3,6.52,Relax Interventions 50%,Belize,BLZ,2020-07-04,v3
2020-03-29,ICU_incidence,0,0,0,0.03,0,0.52,Relax Interventions 50%,Belize,BLZ,2020-07-04,v3
2020-03-29,infections,12,33.75,58.5,69.78,96.25,195.25,Relax Interventions 50%,Belize,BLZ,2020-07-04,v3
2020-03-29,Rt,0.06,0.13,0.2,0.26,0.33,0.74,Relax Interventions 50%,Belize,BLZ,2020-07-04,v3
2020-03-29,cumulative_infections,130.85,687.25,1021.5,1213.78,1419,4246.6,Surged Additional 50% Reduction,Belize,BLZ,2020-07-04,v3
2020-03-29,deaths,0,0,0,0.14,0,1,Surged Additional 50% Reduction,Belize,BLZ,2020-07-04,v3
2020-03-29,hospital_demand,0.48,5,7,8.17,10,24.62,Surged Additional 50% Reduction,Belize,BLZ,2020-07-04,v3
2020-03-29,hospital_incidence,0,0,0,0.03,0,0.52,Surged Additional 50% Reduction,Belize,BLZ,2020-07-04,v3
2020-03-29,ICU_demand,0,1,2,2.27,3,7,Surged Additional 50% Reduction,Belize,BLZ,2020-07-04,v3
2020-03-29,ICU_incidence,0,0,0,0.01,0,0,Surged Additional 50% Reduction,Belize,BLZ,2020-07-04,v3
2020-03-29,infections,7.9,39.75,56.5,66.31,84,174.25,Surged Additional 50% Reduction,Belize,BLZ,2020-07-04,v3
2020-03-29,Rt,0.05,0.12,0.2,0.25,0.35,0.62,Surged Additional 50% Reduction,Belize,BLZ,2020-07-04,v3
2020-03-29,cumulative_infections,130.85,687.25,1021.5,1213.78,1419,4246.6,Surged Maintain Status Quo,Belize,BLZ,2020-07-04,v3
2020-03-29,deaths,0,0,0,0.14,0,1,Surged Maintain Status Quo,Belize,BLZ,2020-07-04,v3
2020-03-29,hospital_demand,0.48,5,7,8.17,10,24.62,Surged Maintain Status Quo,Belize,BLZ,2020-07-04,v3
2020-03-29,hospital_incidence,0,0,0,0.03,0,0.52,Surged Maintain Status Quo,Belize,BLZ,2020-07-04,v3
2020-03-29,ICU_demand,0,1,2,2.27,3,7,Surged Maintain Status Quo,Belize,BLZ,2020-07-04,v3
2020-03-29,ICU_incidence,0,0,0,0.01,0,0,Surged Maintain Status Quo,Belize,BLZ,2020-07-04,v3
2020-03-29,infections,7.9,39.75,56.5,66.31,84,174.25,Surged Maintain Status Quo,Belize,BLZ,2020-07-04,v3
2020-03-29,Rt,0.05,0.12,0.2,0.25,0.35,0.62,Surged Maintain Status Quo,Belize,BLZ,2020-07-04,v3
2020-03-29,cumulative_infections,130.85,687.25,1021.5,1213.78,1419,4246.6,Surged Relax Interventions 50%,Belize,BLZ,2020-07-04,v3
2020-03-29,deaths,0,0,0,0.14,0,1,Surged Relax Interventions 50%,Belize,BLZ,2020-07-04,v3
2020-03-29,hospital_demand,0.48,5,7,8.17,10,24.62,Surged Relax Interventions 50%,Belize,BLZ,2020-07-04,v3
2020-03-29,hospital_incidence,0,0,0,0.03,0,0.52,Surged Relax Interventions 50%,Belize,BLZ,2020-07-04,v3
2020-03-29,ICU_demand,0,1,2,2.27,3,7,Surged Relax Interventions 50%,Belize,BLZ,2020-07-04,v3
2020-03-29,ICU_incidence,0,0,0,0.01,0,0,Surged Relax Interventions 50%,Belize,BLZ,2020-07-04,v3
2020-03-29,infections,7.9,39.75,56.5,66.31,84,174.25,Surged Relax Interventions 50%,Belize,BLZ,2020-07-04,v3
2020-03-29,Rt,0.05,0.12,0.2,0.25,0.35,0.62,Surged Relax Interventions 50%,Belize,BLZ,2020-07-04,v3
2020-03-30,cumulative_infections,212.65,567,1093.5,1291.03,1757.75,3688.75,Additional 50% Reduction,Belize,BLZ,2020-07-04,v3
2020-03-30,deaths,0,0,0,0.1,0,1,Additional 50% Reduction,Belize,BLZ,2020-07-04,v3
2020-03-30,hospital_demand,0.48,3,7,8.05,12,22.57,Additional 50% Reduction,Belize,BLZ,2020-07-04,v3
2020-03-30,hospital_incidence,0,0,0,0.04,0,1,Additional 50% Reduction,Belize,BLZ,2020-07-04,v3
2020-03-30,ICU_demand,0,1,2,2.25,3,6,Additional 50% Reduction,Belize,BLZ,2020-07-04,v3
2020-03-30,ICU_incidence,0,0,0,0.04,0,1,Additional 50% Reduction,Belize,BLZ,2020-07-04,v3
2020-03-30,infections,12.9,25.75,51,58.99,91.25,151.15,Additional 50% Reduction,Belize,BLZ,2020-07-04,v3
2020-03-30,Rt,0.12,0.22,0.32,0.38,0.48,0.89,Additional 50% Reduction,Belize,BLZ,2020-07-04,v3
2020-03-30,cumulative_infections,212.65,567,1093.5,1291.03,1757.75,3688.75,Maintain Status Quo,Belize,BLZ,2020-07-04,v3
2020-03-30,deaths,0,0,0,0.1,0,1,Maintain Status Quo,Belize,BLZ,2020-07-04,v3
2020-03-30,hospital_demand,0.48,3,7,8.05,12,22.57,Maintain Status Quo,Belize,BLZ,2020-07-04,v3
2020-03-30,hospital_incidence,0,0,0,0.04,0,1,Maintain Status Quo,Belize,BLZ,2020-07-04,v3
2020-03-30,ICU_demand,0,1,2,2.25,3,6,Maintain Status Quo,Belize,BLZ,2020-07-04,v3
2020-03-30,ICU_incidence,0,0,0,0.04,0,1,Maintain Status Quo,Belize,BLZ,2020-07-04,v3
2020-03-30,infections,12.9,25.75,51,58.99,91.25,151.15,Maintain Status Quo,Belize,BLZ,2020-07-04,v3
2020-03-30,Rt,0.12,0.22,0.32,0.38,0.48,0.89,Maintain Status Quo,Belize,BLZ,2020-07-04,v3
2020-03-30,cumulative_infections,212.65,567,1093.5,1291.03,1757.75,3688.75,Relax Interventions 50%,Belize,BLZ,2020-07-04,v3
2020-03-30,deaths,0,0,0,0.1,0,1,Relax Interventions 50%,Belize,BLZ,2020-07-04,v3
2020-03-30,hospital_demand,0.48,3,7,8.05,12,22.57,Relax Interventions 50%,Belize,BLZ,2020-07-04,v3
2020-03-30,hospital_incidence,0,0,0,0.04,0,1,Relax Interventions 50%,Belize,BLZ,2020-07-04,v3
2020-03-30,ICU_demand,0,1,2,2.25,3,6,Relax Interventions 50%,Belize,BLZ,2020-07-04,v3
2020-03-30,ICU_incidence,0,0,0,0.04,0,1,Relax Interventions 50%,Belize,BLZ,2020-07-04,v3
2020-03-30,infections,12.9,25.75,51,58.99,91.25,151.15,Relax Interventions 50%,Belize,BLZ,2020-07-04,v3
2020-03-30,Rt,0.12,0.22,0.32,0.38,0.48,0.89,Relax Interventions 50%,Belize,BLZ,2020-07-04,v3
2020-03-30,cumulative_infections,138.38,732,1064.5,1271.04,1475.25,4382.05,Surged Additional 50% Reduction,Belize,BLZ,2020-07-04,v3
2020-03-30,deaths,0,0,0,0.17,0,1,Surged Additional 50% Reduction,Belize,BLZ,2020-07-04,v3
2020-03-30,hospital_demand,1,4,7,8.42,10,27.72,Surged Additional 50% Reduction,Belize,BLZ,2020-07-04,v3
2020-03-30,hospital_incidence,0,0,0,0.07,0,1,Surged Additional 50% Reduction,Belize,BLZ,2020-07-04,v3
2020-03-30,ICU_demand,0,1,2,2.35,3,8.05,Surged Additional 50% Reduction,Belize,BLZ,2020-07-04,v3
2020-03-30,ICU_incidence,0,0,0,0.02,0,0,Surged Additional 50% Reduction,Belize,BLZ,2020-07-04,v3
2020-03-30,infections,8.95,30,48,57.26,71,152.92,Surged Additional 50% Reduction,Belize,BLZ,2020-07-04,v3
2020-03-30,Rt,0.1,0.22,0.33,0.37,0.51,0.81,Surged Additional 50% Reduction,Belize,BLZ,2020-07-04,v3
2020-03-30,cumulative_infections,138.38,732,1064.5,1271.04,1475.25,4382.05,Surged Maintain Status Quo,Belize,BLZ,2020-07-04,v3
2020-03-30,deaths,0,0,0,0.17,0,1,Surged Maintain Status Quo,Belize,BLZ,2020-07-04,v3
2020-03-30,hospital_demand,1,4,7,8.42,10,27.72,Surged Maintain Status Quo,Belize,BLZ,2020-07-04,v3
2020-03-30,hospital_incidence,0,0,0,0.07,0,1,Surged Maintain Status Quo,Belize,BLZ,2020-07-04,v3
2020-03-30,ICU_demand,0,1,2,2.35,3,8.05,Surged Maintain Status Quo,Belize,BLZ,2020-07-04,v3
2020-03-30,ICU_incidence,0,0,0,0.02,0,0,Surged Maintain Status Quo,Belize,BLZ,2020-07-04,v3
2020-03-30,infections,8.95,30,48,57.26,71,152.92,Surged Maintain Status Quo,Belize,BLZ,2020-07-04,v3
2020-03-30,Rt,0.1,0.22,0.33,0.37,0.51,0.81,Surged Maintain Status Quo,Belize,BLZ,2020-07-04,v3
2020-03-30,cumulative_infections,138.38,732,1064.5,1271.04,1475.25,4382.05,Surged Relax Interventions 50%,Belize,BLZ,2020-07-04,v3
2020-03-30,deaths,0,0,0,0.17,0,1,Surged Relax Interventions 50%,Belize,BLZ,2020-07-04,v3
2020-03-30,hospital_demand,1,4,7,8.42,10,27.72,Surged Relax Interventions 50%,Belize,BLZ,2020-07-04,v3
2020-03-30,hospital_incidence,0,0,0,0.07,0,1,Surged Relax Interventions 50%,Belize,BLZ,2020-07-04,v3
2020-03-30,ICU_demand,0,1,2,2.35,3,8.05,Surged Relax Interventions 50%,Belize,BLZ,2020-07-04,v3
2020-03-30,ICU_incidence,0,0,0,0.02,0,0,Surged Relax Interventions 50%,Belize,BLZ,2020-07-04,v3
2020-03-30,infections,8.95,30,48,57.26,71,152.92,Surged Relax Interventions 50%,Belize,BLZ,2020-07-04,v3
2020-03-30,Rt,0.1,0.22,0.33,0.37,0.51,0.81,Surged Relax Interventions 50%,Belize,BLZ,2020-07-04,v3
2020-03-31,cumulative_infections,225.93,590,1141.5,1339.91,1814.5,3810.62,Additional 50% Reduction,Belize,BLZ,2020-07-04,v3
2020-03-31,deaths,0,0,0,0.18,0,1,Additional 50% Reduction,Belize,BLZ,2020-07-04,v3
2020-03-31,hospital_demand,0.48,3,6,8.23,12,21.57,Additional 50% Reduction,Belize,BLZ,2020-07-04,v3
2020-03-31,hospital_incidence,0,0,0,0.03,0,0.52,Additional 50% Reduction,Belize,BLZ,2020-07-04,v3
2020-03-31,ICU_demand,0,1,2,2.55,4,7,Additional 50% Reduction,Belize,BLZ,2020-07-04,v3
2020-03-31,ICU_incidence,0,0,0,0.03,0,0.52,Additional 50% Reduction,Belize,BLZ,2020-07-04,v3
2020-03-31,infections,6.9,25,40,48.88,67.25,126.2,Additional 50% Reduction,Belize,BLZ,2020-07-04,v3
2020-03-31,Rt,0.16,0.28,0.4,0.45,0.57,0.98,Additional 50% Reduction,Belize,BLZ,2020-07-04,v3
2020-03-31,cumulative_infections,225.93,590,1141.5,1339.91,1814.5,3810.62,Maintain Status Quo,Belize,BLZ,2020-07-04,v3
2020-03-31,deaths,0,0,0,0.18,0,1,Maintain Status Quo,Belize,BLZ,2020-07-04,v3
2020-03-31,hospital_demand,0.48,3,6,8.23,12,21.57,Maintain Status Quo,Belize,BLZ,2020-07-04,v3
2020-03-31,hospital_incidence,0,0,0,0.03,0,0.52,Maintain Status Quo,Belize,BLZ,2020-07-04,v3
2020-03-31,ICU_demand,0,1,2,2.55,4,7,Maintain Status Quo,Belize,BLZ,2020-07-04,v3
2020-03-31,ICU_incidence,0,0,0,0.03,0,0.52,Maintain Status Quo,Belize,BLZ,2020-07-04,v3
2020-03-31,infections,6.9,25,40,48.88,67.25,126.2,Maintain Status Quo,Belize,BLZ,2020-07-04,v3
2020-03-31,Rt,0.16,0.28,0.4,0.45,0.57,0.98,Maintain Status Quo,Belize,BLZ,2020-07-04,v3
2020-03-31,cumulative_infections,225.93,590,1141.5,1339.91,1814.5,3810.62,Relax Interventions 50%,Belize,BLZ,2020-07-04,v3
2020-03-31,deaths,0,0,0,0.18,0,1,Relax Interventions 50%,Belize,BLZ,2020-07-04,v3
2020-03-31,hospital_demand,0.48,3,6,8.23,12,21.57,Relax Interventions 50%,Belize,BLZ,2020-07-04,v3
2020-03-31,hospital_incidence,0,0,0,0.03,0,0.52,Relax Interventions 50%,Belize,BLZ,2020-07-04,v3
2020-03-31,ICU_demand,0,1,2,2.55,4,7,Relax Interventions 50%,Belize,BLZ,2020-07-04,v3
2020-03-31,ICU_incidence,0,0,0,0.03,0,0.52,Relax Interventions 50%,Belize,BLZ,2020-07-04,v3
2020-03-31,infections,6.9,25,40,48.88,67.25,126.2,Relax Interventions 50%,Belize,BLZ,2020-07-04,v3
2020-03-31,Rt,0.16,0.28,0.4,0.45,0.57,0.98,Relax Interventions 50%,Belize,BLZ,2020-07-04,v3
2020-03-31,cumulative_infections,144.38,780,1113,1317.75,1519,4478.65,Surged Additional 50% Reduction,Belize,BLZ,2020-07-04,v3
2020-03-31,deaths,0,0,0,0.1,0,1,Surged Additional 50% Reduction,Belize,BLZ,2020-07-04,v3
2020-03-31,hospital_demand,1,5,7.5,9.04,10.25,32.2,Surged Additional 50% Reduction,Belize,BLZ,2020-07-04,v3
2020-03-31,hospital_incidence,0,0,0,0.04,0,0.52,Surged Additional 50% Reduction,Belize,BLZ,2020-07-04,v3
2020-03-31,ICU_demand,0,1,2,2.57,3,8.52,Surged Additional 50% Reduction,Belize,BLZ,2020-07-04,v3
2020-03-31,ICU_incidence,0,0,0,0.06,0,1,Surged Additional 50% Reduction,Belize,BLZ,2020-07-04,v3
2020-03-31,infections,7.9,28,41.5,46.71,63.75,118.02,Surged Additional 50% Reduction,Belize,BLZ,2020-07-04,v3
2020-03-31,Rt,0.13,0.28,0.4,0.44,0.6,0.91,Surged Additional 50% Reduction,Belize,BLZ,2020-07-04,v3
2020-03-31,cumulative_infections,144.38,780,1113,1317.75,1519,4478.65,Surged Maintain Status Quo,Belize,BLZ,2020-07-04,v3
2020-03-31,deaths,0,0,0,0.1,0,1,Surged Maintain Status Quo,Belize,BLZ,2020-07-04,v3
2020-03-31,hospital_demand,1,5,7.5,9.04,10.25,32.2,Surged Maintain Status Quo,Belize,BLZ,2020-07-04,v3
2020-03-31,hospital_incidence,0,0,0,0.04,0,0.52,Surged Maintain Status Quo,Belize,BLZ,2020-07-04,v3
2020-03-31,ICU_demand,0,1,2,2.57,3,8.52,Surged Maintain Status Quo,Belize,BLZ,2020-07-04,v3
2020-03-31,ICU_incidence,0,0,0,0.06,0,1,Surged Maintain Status Quo,Belize,BLZ,2020-07-04,v3
2020-03-31,infections,7.9,28,41.5,46.71,63.75,118.02,Surged Maintain Status Quo,Belize,BLZ,2020-07-04,v3
2020-03-31,Rt,0.13,0.28,0.4,0.44,0.6,0.91,Surged Maintain Status Quo,Belize,BLZ,2020-07-04,v3
2020-03-31,cumulative_infections,144.38,780,1113,1317.75,1519,4478.65,Surged Relax Interventions 50%,Belize,BLZ,2020-07-04,v3
2020-03-31,deaths,0,0,0,0.1,0,1,Surged Relax Interventions 50%,Belize,BLZ,2020-07-04,v3
2020-03-31,hospital_demand,1,5,7.5,9.04,10.25,32.2,Surged Relax Interventions 50%,Belize,BLZ,2020-07-04,v3
2020-03-31,hospital_incidence,0,0,0,0.04,0,0.52,Surged Relax Interventions 50%,Belize,BLZ,2020-07-04,v3
2020-03-31,ICU_demand,0,1,2,2.57,3,8.52,Surged Relax Interventions 50%,Belize,BLZ,2020-07-04,v3
2020-03-31,ICU_incidence,0,0,0,0.06,0,1,Surged Relax Interventions 50%,Belize,BLZ,2020-07-04,v3
2020-03-31,infections,7.9,28,41.5,46.71,63.75,118.02,Surged Relax Interventions 50%,Belize,BLZ,2020-07-04,v3
2020-03-31,Rt,0.13,0.28,0.4,0.44,0.6,0.91,Surged Relax Interventions 50%,Belize,BLZ,2020-07-04,v3
2020-04-01,cumulative_infections,237.3,611.25,1190.5,1381.88,1887.5,3947.02,Additional 50% Reduction,Belize,BLZ,2020-07-04,v3
2020-04-01,deaths,0,0,0,0.13,0,1,Additional 50% Reduction,Belize,BLZ,2020-07-04,v3
2020-04-01,hospital_demand,1,4,7,8.35,12,21.52,Additional 50% Reduction,Belize,BLZ,2020-07-04,v3
2020-04-01,hospital_incidence,0,0,0,0.05,0,1,Additional 50% Reduction,Belize,BLZ,2020-07-04,v3
2020-04-01,ICU_demand,0,1,2,2.79,4,6.52,Additional 50% Reduction,Belize,BLZ,2020-07-04,v3
2020-04-01,ICU_incidence,0,0,0,0.01,0,0,Additional 50% Reduction,Belize,BLZ,2020-07-04,v3
2020-04-01,infections,8,19,35,41.97,55.25,120.1,Additional 50% Reduction,Belize,BLZ,2020-07-04,v3
2020-04-01,Rt,0.14,0.25,0.36,0.42,0.52,0.94,Additional 50% Reduction,Belize,BLZ,2020-07-04,v3
2020-04-01,cumulative_infections,237.3,611.25,1190.5,1381.88,1887.5,3947.02,Maintain Status Quo,Belize,BLZ,2020-07-04,v3
2020-04-01,deaths,0,0,0,0.13,0,1,Maintain Status Quo,Belize,BLZ,2020-07-04,v3
2020-04-01,hospital_demand,1,4,7,8.35,12,21.52,Maintain Status Quo,Belize,BLZ,2020-07-04,v3
2020-04-01,hospital_incidence,0,0,0,0.05,0,1,Maintain Status Quo,Belize,BLZ,2020-07-04,v3
2020-04-01,ICU_demand,0,1,2,2.79,4,6.52,Maintain Status Quo,Belize,BLZ,2020-07-04,v3
2020-04-01,ICU_incidence,0,0,0,0.01,0,0,Maintain Status Quo,Belize,BLZ,2020-07-04,v3
2020-04-01,infections,8,19,35,41.97,55.25,120.1,Maintain Status Quo,Belize,BLZ,2020-07-04,v3
2020-04-01,Rt,0.14,0.25,0.36,0.42,0.52,0.94,Maintain Status Quo,Belize,BLZ,2020-07-04,v3
2020-04-01,cumulative_infections,237.3,611.25,1190.5,1381.88,1887.5,3947.02,Relax Interventions 50%,Belize,BLZ,2020-07-04,v3
2020-04-01,deaths,0,0,0,0.13,0,1,Relax Interventions 50%,Belize,BLZ,2020-07-04,v3
2020-04-01,hospital_demand,1,4,7,8.35,12,21.52,Relax Interventions 50%,Belize,BLZ,2020-07-04,v3
2020-04-01,hospital_incidence,0,0,0,0.05,0,1,Relax Interventions 50%,Belize,BLZ,2020-07-04,v3
2020-04-01,ICU_demand,0,1,2,2.79,4,6.52,Relax Interventions 50%,Belize,BLZ,2020-07-04,v3
2020-04-01,ICU_incidence,0,0,0,0.01,0,0,Relax Interventions 50%,Belize,BLZ,2020-07-04,v3
2020-04-01,infections,8,19,35,41.97,55.25,120.1,Relax Interventions 50%,Belize,BLZ,2020-07-04,v3
2020-04-01,Rt,0.14,0.25,0.36,0.42,0.52,0.94,Relax Interventions 50%,Belize,BLZ,2020-07-04,v3
2020-04-01,cumulative_infections,157.95,808,1160.5,1358.08,1568.25,4549.42,Surged Additional 50% Reduction,Belize,BLZ,2020-07-04,v3
2020-04-01,deaths,0,0,0,0.18,0,2,Surged Additional 50% Reduction,Belize,BLZ,2020-07-04,v3
2020-04-01,hospital_demand,1,5,8,9.38,11,35.1,Surged Additional 50% Reduction,Belize,BLZ,2020-07-04,v3
2020-04-01,hospital_incidence,0,0,0,0.02,0,0,Surged Additional 50% Reduction,Belize,BLZ,2020-07-04,v3
2020-04-01,ICU_demand,0,1,2,2.73,3.25,8.52,Surged Additional 50% Reduction,Belize,BLZ,2020-07-04,v3
2020-04-01,ICU_incidence,0,0,0,0.02,0,0,Surged Additional 50% Reduction,Belize,BLZ,2020-07-04,v3
2020-04-01,infections,11,21,35,40.33,55.25,101.05,Surged Additional 50% Reduction,Belize,BLZ,2020-07-04,v3
2020-04-01,Rt,0.11,0.25,0.37,0.41,0.56,0.86,Surged Additional 50% Reduction,Belize,BLZ,2020-07-04,v3
2020-04-01,cumulative_infections,157.95,808,1160.5,1358.08,1568.25,4549.42,Surged Maintain Status Quo,Belize,BLZ,2020-07-04,v3
2020-04-01,deaths,0,0,0,0.18,0,2,Surged Maintain Status Quo,Belize,BLZ,2020-07-04,v3
2020-04-01,hospital_demand,1,5,8,9.38,11,35.1,Surged Maintain Status Quo,Belize,BLZ,2020-07-04,v3
2020-04-01,hospital_incidence,0,0,0,0.02,0,0,Surged Maintain Status Quo,Belize,BLZ,2020-07-04,v3
2020-04-01,ICU_demand,0,1,2,2.73,3.25,8.52,Surged Maintain Status Quo,Belize,BLZ,2020-07-04,v3
2020-04-01,ICU_incidence,0,0,0,0.02,0,0,Surged Maintain Status Quo,Belize,BLZ,2020-07-04,v3
2020-04-01,infections,11,21,35,40.33,55.25,101.05,Surged Maintain Status Quo,Belize,BLZ,2020-07-04,v3
2020-04-01,Rt,0.11,0.25,0.37,0.41,0.56,0.86,Surged Maintain Status Quo,Belize,BLZ,2020-07-04,v3
2020-04-01,cumulative_infections,157.95,808,1160.5,1358.08,1568.25,4549.42,Surged Relax Interventions 50%,Belize,BLZ,2020-07-04,v3
2020-04-01,deaths,0,0,0,0.18,0,2,Surged Relax Interventions 50%,Belize,BLZ,2020-07-04,v3
2020-04-01,hospital_demand,1,5,8,9.38,11,35.1,Surged Relax Interventions 50%,Belize,BLZ,2020-07-04,v3
2020-04-01,hospital_incidence,0,0,0,0.02,0,0,Surged Relax Interventions 50%,Belize,BLZ,2020-07-04,v3
2020-04-01,ICU_demand,0,1,2,2.73,3.25,8.52,Surged Relax Interventions 50%,Belize,BLZ,2020-07-04,v3
2020-04-01,ICU_incidence,0,0,0,0.02,0,0,Surged Relax Interventions 50%,Belize,BLZ,2020-07-04,v3
2020-04-01,infections,11,21,35,40.33,55.25,101.05,Surged Relax Interventions 50%,Belize,BLZ,2020-07-04,v3
2020-04-01,Rt,0.11,0.25,0.37,0.41,0.56,0.86,Surged Relax Interventions 50%,Belize,BLZ,2020-07-04,v3
2020-04-02,cumulative_infections,244.1,637.5,1222.5,1418.78,1911.5,4052.25,Additional 50% Reduction,Belize,BLZ,2020-07-04,v3
2020-04-02,deaths,0,0,0,0.17,0,1,Additional 50% Reduction,Belize,BLZ,2020-07-04,v3
2020-04-02,hospital_demand,1,4,7,8.6,12,22.62,Additional 50% Reduction,Belize,BLZ,2020-07-04,v3
2020-04-02,hospital_incidence,0,0,0,0.03,0,0.52,Additional 50% Reduction,Belize,BLZ,2020-07-04,v3
2020-04-02,ICU_demand,0,2,3,2.98,4,7,Additional 50% Reduction,Belize,BLZ,2020-07-04,v3
2020-04-02,ICU_incidence,0,0,0,0.01,0,0,Additional 50% Reduction,Belize,BLZ,2020-07-04,v3
2020-04-02,infections,6.47,18.5,29,36.9,50,95.57,Additional 50% Reduction,Belize,BLZ,2020-07-04,v3
2020-04-02,Rt,0.03,0.07,0.12,0.18,0.23,0.62,Additional 50% Reduction,Belize,BLZ,2020-07-04,v3
2020-04-02,cumulative_infections,244.1,637.5,1222.5,1418.78,1911.5,4052.25,Maintain Status Quo,Belize,BLZ,2020-07-04,v3
2020-04-02,deaths,0,0,0,0.17,0,1,Maintain Status Quo,Belize,BLZ,2020-07-04,v3
2020-04-02,hospital_demand,1,4,7,8.6,12,22.62,Maintain Status Quo,Belize,BLZ,2020-07-04,v3
2020-04-02,hospital_incidence,0,0,0,0.03,0,0.52,Maintain Status Quo,Belize,BLZ,2020-07-04,v3
2020-04-02,ICU_demand,0,2,3,2.98,4,7,Maintain Status Quo,Belize,BLZ,2020-07-04,v3
2020-04-02,ICU_incidence,0,0,0,0.01,0,0,Maintain Status Quo,Belize,BLZ,2020-07-04,v3
2020-04-02,infections,6.47,18.5,29,36.9,50,95.57,Maintain Status Quo,Belize,BLZ,2020-07-04,v3
2020-04-02,Rt,0.03,0.07,0.12,0.18,0.23,0.62,Maintain Status Quo,Belize,BLZ,2020-07-04,v3
2020-04-02,cumulative_infections,244.1,637.5,1222.5,1418.78,1911.5,4052.25,Relax Interventions 50%,Belize,BLZ,2020-07-04,v3
2020-04-02,deaths,0,0,0,0.17,0,1,Relax Interventions 50%,Belize,BLZ,2020-07-04,v3
2020-04-02,hospital_demand,1,4,7,8.6,12,22.62,Relax Interventions 50%,Belize,BLZ,2020-07-04,v3
2020-04-02,hospital_incidence,0,0,0,0.03,0,0.52,Relax Interventions 50%,Belize,BLZ,2020-07-04,v3
2020-04-02,ICU_demand,0,2,3,2.98,4,7,Relax Interventions 50%,Belize,BLZ,2020-07-04,v3
2020-04-02,ICU_incidence,0,0,0,0.01,0,0,Relax Interventions 50%,Belize,BLZ,2020-07-04,v3
2020-04-02,infections,6.47,18.5,29,36.9,50,95.57,Relax Interventions 50%,Belize,BLZ,2020-07-04,v3
2020-04-02,Rt,0.03,0.07,0.12,0.18,0.23,0.62,Relax Interventions 50%,Belize,BLZ,2020-07-04,v3
2020-04-02,cumulative_infections,167.48,838,1193,1393.61,1621.5,4610.57,Surged Additional 50% Reduction,Belize,BLZ,2020-07-04,v3
2020-04-02,deaths,0,0,0,0.15,0,1,Surged Additional 50% Reduction,Belize,BLZ,2020-07-04,v3
2020-04-02,hospital_demand,1,5,8,9.47,11,36.05,Surged Additional 50% Reduction,Belize,BLZ,2020-07-04,v3
2020-04-02,hospital_incidence,0,0,0,0.04,0,1,Surged Additional 50% Reduction,Belize,BLZ,2020-07-04,v3
2020-04-02,ICU_demand,0,1.75,3,2.99,4,8.52,Surged Additional 50% Reduction,Belize,BLZ,2020-07-04,v3
2020-04-02,ICU_incidence,0,0,0,0.01,0,0,Surged Additional 50% Reduction,Belize,BLZ,2020-07-04,v3
2020-04-02,infections,5.95,20,32,35.53,48,80,Surged Additional 50% Reduction,Belize,BLZ,2020-07-04,v3
2020-04-02,Rt,0.02,0.07,0.12,0.17,0.24,0.47,Surged Additional 50% Reduction,Belize,BLZ,2020-07-04,v3
2020-04-02,cumulative_infections,167.48,838,1193,1393.61,1621.5,4610.57,Surged Maintain Status Quo,Belize,BLZ,2020-07-04,v3
2020-04-02,deaths,0,0,0,0.15,0,1,Surged Maintain Status Quo,Belize,BLZ,2020-07-04,v3
2020-04-02,hospital_demand,1,5,8,9.47,11,36.05,Surged Maintain Status Quo,Belize,BLZ,2020-07-04,v3
2020-04-02,hospital_incidence,0,0,0,0.04,0,1,Surged Maintain Status Quo,Belize,BLZ,2020-07-04,v3
2020-04-02,ICU_demand,0,1.75,3,2.99,4,8.52,Surged Maintain Status Quo,Belize,BLZ,2020-07-04,v3
2020-04-02,ICU_incidence,0,0,0,0.01,0,0,Surged Maintain Status Quo,Belize,BLZ,2020-07-04,v3
2020-04-02,infections,5.95,20,32,35.53,48,80,Surged Maintain Status Quo,Belize,BLZ,2020-07-04,v3
2020-04-02,Rt,0.02,0.07,0.12,0.17,0.24,0.47,Surged Maintain Status Quo,Belize,BLZ,2020-07-04,v3
2020-04-02,cumulative_infections,167.48,838,1193,1393.61,1621.5,4610.57,Surged Relax Interventions 50%,Belize,BLZ,2020-07-04,v3
2020-04-02,deaths,0,0,0,0.15,0,1,Surged Relax Interventions 50%,Belize,BLZ,2020-07-04,v3
2020-04-02,hospital_demand,1,5,8,9.47,11,36.05,Surged Relax Interventions 50%,Belize,BLZ,2020-07-04,v3
2020-04-02,hospital_incidence,0,0,0,0.04,0,1,Surged Relax Interventions 50%,Belize,BLZ,2020-07-04,v3
2020-04-02,ICU_demand,0,1.75,3,2.99,4,8.52,Surged Relax Interventions 50%,Belize,BLZ,2020-07-04,v3
2020-04-02,ICU_incidence,0,0,0,0.01,0,0,Surged Relax Interventions 50%,Belize,BLZ,2020-07-04,v3
2020-04-02,infections,5.95,20,32,35.53,48,80,Surged Relax Interventions 50%,Belize,BLZ,2020-07-04,v3
2020-04-02,Rt,0.02,0.07,0.12,0.17,0.24,0.47,Surged Relax Interventions 50%,Belize,BLZ,2020-07-04,v3
2020-04-03,cumulative_infections,254,666.75,1259,1451.68,1937,4148.32,Additional 50% Reduction,Belize,BLZ,2020-07-04,v3
2020-04-03,deaths,0,0,0,0.11,0,1,Additional 50% Reduction,Belize,BLZ,2020-07-04,v3
2020-04-03,hospital_demand,1,4,7,8.83,13,25.1,Additional 50% Reduction,Belize,BLZ,2020-07-04,v3
2020-04-03,hospital_incidence,0,0,0,0.03,0,0.52,Additional 50% Reduction,Belize,BLZ,2020-07-04,v3
2020-04-03,ICU_demand,0,2,3,2.99,4,6,Additional 50% Reduction,Belize,BLZ,2020-07-04,v3
2020-04-03,ICU_incidence,0,0,0,0,0,0,Additional 50% Reduction,Belize,BLZ,2020-07-04,v3
2020-04-03,infections,6,16,27.5,32.9,39.25,88,Additional 50% Reduction,Belize,BLZ,2020-07-04,v3
2020-04-03,Rt,0.03,0.08,0.13,0.18,0.24,0.63,Additional 50% Reduction,Belize,BLZ,2020-07-04,v3
2020-04-03,cumulative_infections,254,666.75,1259,1451.68,1937,4148.32,Maintain Status Quo,Belize,BLZ,2020-07-04,v3
2020-04-03,deaths,0,0,0,0.11,0,1,Maintain Status Quo,Belize,BLZ,2020-07-04,v3
2020-04-03,hospital_demand,1,4,7,8.83,13,25.1,Maintain Status Quo,Belize,BLZ,2020-07-04,v3
2020-04-03,hospital_incidence,0,0,0,0.03,0,0.52,Maintain Status Quo,Belize,BLZ,2020-07-04,v3
2020-04-03,ICU_demand,0,2,3,2.99,4,6,Maintain Status Quo,Belize,BLZ,2020-07-04,v3
2020-04-03,ICU_incidence,0,0,0,0,0,0,Maintain Status Quo,Belize,BLZ,2020-07-04,v3
2020-04-03,infections,6,16,27.5,32.9,39.25,88,Maintain Status Quo,Belize,BLZ,2020-07-04,v3
2020-04-03,Rt,0.03,0.08,0.13,0.18,0.24,0.63,Maintain Status Quo,Belize,BLZ,2020-07-04,v3
2020-04-03,cumulative_infections,254,666.75,1259,1451.68,1937,4148.32,Relax Interventions 50%,Belize,BLZ,2020-07-04,v3
2020-04-03,deaths,0,0,0,0.11,0,1,Relax Interventions 50%,Belize,BLZ,2020-07-04,v3
2020-04-03,hospital_demand,1,4,7,8.83,13,25.1,Relax Interventions 50%,Belize,BLZ,2020-07-04,v3
2020-04-03,hospital_incidence,0,0,0,0.03,0,0.52,Relax Interventions 50%,Belize,BLZ,2020-07-04,v3
2020-04-03,ICU_demand,0,2,3,2.99,4,6,Relax Interventions 50%,Belize,BLZ,2020-07-04,v3
2020-04-03,ICU_incidence,0,0,0,0,0,0,Relax Interventions 50%,Belize,BLZ,2020-07-04,v3
2020-04-03,infections,6,16,27.5,32.9,39.25,88,Relax Interventions 50%,Belize,BLZ,2020-07-04,v3
2020-04-03,Rt,0.03,0.08,0.13,0.18,0.24,0.63,Relax Interventions 50%,Belize,BLZ,2020-07-04,v3
2020-04-03,cumulative_infections,180.75,857,1226,1425.05,1659.75,4651.95,Surged Additional 50% Reduction,Belize,BLZ,2020-07-04,v3
2020-04-03,deaths,0,0,0,0.16,0,1,Surged Additional 50% Reduction,Belize,BLZ,2020-07-04,v3
2020-04-03,hospital_demand,1.48,5,7,9.46,12,35.57,Surged Additional 50% Reduction,Belize,BLZ,2020-07-04,v3
2020-04-03,hospital_incidence,0,0,0,0.06,0,1,Surged Additional 50% Reduction,Belize,BLZ,2020-07-04,v3
2020-04-03,ICU_demand,0,2,3,3.06,4,8,Surged Additional 50% Reduction,Belize,BLZ,2020-07-04,v3
2020-04-03,ICU_incidence,0,0,0,0.01,0,0,Surged Additional 50% Reduction,Belize,BLZ,2020-07-04,v3
2020-04-03,infections,5,16.75,27,31.44,42,83.2,Surged Additional 50% Reduction,Belize,BLZ,2020-07-04,v3
2020-04-03,Rt,0.03,0.07,0.13,0.17,0.25,0.49,Surged Additional 50% Reduction,Belize,BLZ,2020-07-04,v3
2020-04-03,cumulative_infections,180.75,857,1226,1425.05,1659.75,4651.95,Surged Maintain Status Quo,Belize,BLZ,2020-07-04,v3
2020-04-03,deaths,0,0,0,0.16,0,1,Surged Maintain Status Quo,Belize,BLZ,2020-07-04,v3
2020-04-03,hospital_demand,1.48,5,7,9.46,12,35.57,Surged Maintain Status Quo,Belize,BLZ,2020-07-04,v3
2020-04-03,hospital_incidence,0,0,0,0.06,0,1,Surged Maintain Status Quo,Belize,BLZ,2020-07-04,v3
2020-04-03,ICU_demand,0,2,3,3.06,4,8,Surged Maintain Status Quo,Belize,BLZ,2020-07-04,v3
2020-04-03,ICU_incidence,0,0,0,0.01,0,0,Surged Maintain Status Quo,Belize,BLZ,2020-07-04,v3
2020-04-03,infections,5,16.75,27,31.44,42,83.2,Surged Maintain Status Quo,Belize,BLZ,2020-07-04,v3
2020-04-03,Rt,0.03,0.07,0.13,0.17,0.25,0.49,Surged Maintain Status Quo,Belize,BLZ,2020-07-04,v3
2020-04-03,cumulative_infections,180.75,857,1226,1425.05,1659.75,4651.95,Surged Relax Interventions 50%,Belize,BLZ,2020-07-04,v3
2020-04-03,deaths,0,0,0,0.16,0,1,Surged Relax Interventions 50%,Belize,BLZ,2020-07-04,v3
2020-04-03,hospital_demand,1.48,5,7,9.46,12,35.57,Surged Relax Interventions 50%,Belize,BLZ,2020-07-04,v3
2020-04-03,hospital_incidence,0,0,0,0.06,0,1,Surged Relax Interventions 50%,Belize,BLZ,2020-07-04,v3
2020-04-03,ICU_demand,0,2,3,3.06,4,8,Surged Relax Interventions 50%,Belize,BLZ,2020-07-04,v3
2020-04-03,ICU_incidence,0,0,0,0.01,0,0,Surged Relax Interventions 50%,Belize,BLZ,2020-07-04,v3
2020-04-03,infections,5,16.75,27,31.44,42,83.2,Surged Relax Interventions 50%,Belize,BLZ,2020-07-04,v3
2020-04-03,Rt,0.03,0.07,0.13,0.17,0.25,0.49,Surged Relax Interventions 50%,Belize,BLZ,2020-07-04,v3
2020-04-04,cumulative_infections,261.8,685.75,1294,1479.37,1974,4224.87,Additional 50% Reduction,Belize,BLZ,2020-07-04,v3
2020-04-04,deaths,0,0,0,0.22,0,1,Additional 50% Reduction,Belize,BLZ,2020-07-04,v3
2020-04-04,hospital_demand,0.48,4,7,8.63,12,23.57,Additional 50% Reduction,Belize,BLZ,2020-07-04,v3
2020-04-04,hospital_incidence,0,0,0,0.02,0,0,Additional 50% Reduction,Belize,BLZ,2020-07-04,v3
2020-04-04,ICU_demand,0.48,2,2.5,2.98,4,7,Additional 50% Reduction,Belize,BLZ,2020-07-04,v3
2020-04-04,ICU_incidence,0,0,0,0,0,0,Additional 50% Reduction,Belize,BLZ,2020-07-04,v3
2020-04-04,infections,5,12,21,27.69,36,72.52,Additional 50% Reduction,Belize,BLZ,2020-07-04,v3
2020-04-04,Rt,0.03,0.07,0.11,0.17,0.22,0.6,Additional 50% Reduction,Belize,BLZ,2020-07-04,v3
2020-04-04,cumulative_infections,261.8,685.75,1294,1479.37,1974,4224.87,Maintain Status Quo,Belize,BLZ,2020-07-04,v3
2020-04-04,deaths,0,0,0,0.22,0,1,Maintain Status Quo,Belize,BLZ,2020-07-04,v3
2020-04-04,hospital_demand,0.48,4,7,8.63,12,23.57,Maintain Status Quo,Belize,BLZ,2020-07-04,v3
2020-04-04,hospital_incidence,0,0,0,0.02,0,0,Maintain Status Quo,Belize,BLZ,2020-07-04,v3
2020-04-04,ICU_demand,0.48,2,2.5,2.98,4,7,Maintain Status Quo,Belize,BLZ,2020-07-04,v3
2020-04-04,ICU_incidence,0,0,0,0,0,0,Maintain Status Quo,Belize,BLZ,2020-07-04,v3
2020-04-04,infections,5,12,21,27.69,36,72.52,Maintain Status Quo,Belize,BLZ,2020-07-04,v3
2020-04-04,Rt,0.03,0.07,0.11,0.17,0.22,0.6,Maintain Status Quo,Belize,BLZ,2020-07-04,v3
2020-04-04,cumulative_infections,261.8,685.75,1294,1479.37,1974,4224.87,Relax Interventions 50%,Belize,BLZ,2020-07-04,v3
2020-04-04,deaths,0,0,0,0.22,0,1,Relax Interventions 50%,Belize,BLZ,2020-07-04,v3
2020-04-04,hospital_demand,0.48,4,7,8.63,12,23.57,Relax Interventions 50%,Belize,BLZ,2020-07-04,v3
2020-04-04,hospital_incidence,0,0,0,0.02,0,0,Relax Interventions 50%,Belize,BLZ,2020-07-04,v3
2020-04-04,ICU_demand,0.48,2,2.5,2.98,4,7,Relax Interventions 50%,Belize,BLZ,2020-07-04,v3
2020-04-04,ICU_incidence,0,0,0,0,0,0,Relax Interventions 50%,Belize,BLZ,2020-07-04,v3
2020-04-04,infections,5,12,21,27.69,36,72.52,Relax Interventions 50%,Belize,BLZ,2020-07-04,v3
2020-04-04,Rt,0.03,0.07,0.11,0.17,0.22,0.6,Relax Interventions 50%,Belize,BLZ,2020-07-04,v3
2020-04-04,cumulative_infections,190.55,870.25,1251,1451.66,1690.25,4687.88,Surged Additional 50% Reduction,Belize,BLZ,2020-07-04,v3
2020-04-04,deaths,0,0,0,0.2,0,1,Surged Additional 50% Reduction,Belize,BLZ,2020-07-04,v3
2020-04-04,hospital_demand,1.48,4.75,7.5,9.47,11.25,35.15,Surged Additional 50% Reduction,Belize,BLZ,2020-07-04,v3
2020-04-04,hospital_incidence,0,0,0,0.04,0,1,Surged Additional 50% Reduction,Belize,BLZ,2020-07-04,v3
2020-04-04,ICU_demand,0,2,3,3.08,4,8.52,Surged Additional 50% Reduction,Belize,BLZ,2020-07-04,v3
2020-04-04,ICU_incidence,0,0,0,0.01,0,0,Surged Additional 50% Reduction,Belize,BLZ,2020-07-04,v3
2020-04-04,infections,3.48,12.75,22.5,26.61,34.25,69.2,Surged Additional 50% Reduction,Belize,BLZ,2020-07-04,v3
2020-04-04,Rt,0.02,0.06,0.11,0.16,0.23,0.46,Surged Additional 50% Reduction,Belize,BLZ,2020-07-04,v3
2020-04-04,cumulative_infections,190.55,870.25,1251,1451.66,1690.25,4687.88,Surged Maintain Status Quo,Belize,BLZ,2020-07-04,v3
2020-04-04,deaths,0,0,0,0.2,0,1,Surged Maintain Status Quo,Belize,BLZ,2020-07-04,v3
2020-04-04,hospital_demand,1.48,4.75,7.5,9.47,11.25,35.15,Surged Maintain Status Quo,Belize,BLZ,2020-07-04,v3
2020-04-04,hospital_incidence,0,0,0,0.04,0,1,Surged Maintain Status Quo,Belize,BLZ,2020-07-04,v3
2020-04-04,ICU_demand,0,2,3,3.08,4,8.52,Surged Maintain Status Quo,Belize,BLZ,2020-07-04,v3
2020-04-04,ICU_incidence,0,0,0,0.01,0,0,Surged Maintain Status Quo,Belize,BLZ,2020-07-04,v3
2020-04-04,infections,3.48,12.75,22.5,26.61,34.25,69.2,Surged Maintain Status Quo,Belize,BLZ,2020-07-04,v3
2020-04-04,Rt,0.02,0.06,0.11,0.16,0.23,0.46,Surged Maintain Status Quo,Belize,BLZ,2020-07-04,v3
2020-04-04,cumulative_infections,190.55,870.25,1251,1451.66,1690.25,4687.88,Surged Relax Interventions 50%,Belize,BLZ,2020-07-04,v3
2020-04-04,deaths,0,0,0,0.2,0,1,Surged Relax Interventions 50%,Belize,BLZ,2020-07-04,v3
2020-04-04,hospital_demand,1.48,4.75,7.5,9.47,11.25,35.15,Surged Relax Interventions 50%,Belize,BLZ,2020-07-04,v3
2020-04-04,hospital_incidence,0,0,0,0.04,0,1,Surged Relax Interventions 50%,Belize,BLZ,2020-07-04,v3
2020-04-04,ICU_demand,0,2,3,3.08,4,8.52,Surged Relax Interventions 50%,Belize,BLZ,2020-07-04,v3
2020-04-04,ICU_incidence,0,0,0,0.01,0,0,Surged Relax Interventions 50%,Belize,BLZ,2020-07-04,v3
2020-04-04,infections,3.48,12.75,22.5,26.61,34.25,69.2,Surged Relax Interventions 50%,Belize,BLZ,2020-07-04,v3
2020-04-04,Rt,0.02,0.06,0.11,0.16,0.23,0.46,Surged Relax Interventions 50%,Belize,BLZ,2020-07-04,v3
2020-04-05,cumulative_infections,269.65,701.5,1320,1502.84,2003.75,4295.3,Additional 50% Reduction,Belize,BLZ,2020-07-04,v3
2020-04-05,deaths,0,0,0,0.25,0,1,Additional 50% Reduction,Belize,BLZ,2020-07-04,v3
2020-04-05,hospital_demand,1,4,7,8.41,12,22.62,Additional 50% Reduction,Belize,BLZ,2020-07-04,v3
2020-04-05,hospital_incidence,0,0,0,0.02,0,0,Additional 50% Reduction,Belize,BLZ,2020-07-04,v3
2020-04-05,ICU_demand,0.48,2,2,2.8,4,6.52,Additional 50% Reduction,Belize,BLZ,2020-07-04,v3
2020-04-05,ICU_incidence,0,0,0,0.01,0,0,Additional 50% Reduction,Belize,BLZ,2020-07-04,v3
2020-04-05,infections,2.95,11,17.5,23.47,31,73.05,Additional 50% Reduction,Belize,BLZ,2020-07-04,v3
2020-04-05,Rt,0.02,0.05,0.08,0.14,0.18,0.54,Additional 50% Reduction,Belize,BLZ,2020-07-04,v3
2020-04-05,cumulative_infections,269.65,701.5,1320,1502.84,2003.75,4295.3,Maintain Status Quo,Belize,BLZ,2020-07-04,v3
2020-04-05,deaths,0,0,0,0.25,0,1,Maintain Status Quo,Belize,BLZ,2020-07-04,v3
2020-04-05,hospital_demand,1,4,7,8.41,12,22.62,Maintain Status Quo,Belize,BLZ,2020-07-04,v3
2020-04-05,hospital_incidence,0,0,0,0.02,0,0,Maintain Status Quo,Belize,BLZ,2020-07-04,v3
2020-04-05,ICU_demand,0.48,2,2,2.8,4,6.52,Maintain Status Quo,Belize,BLZ,2020-07-04,v3
2020-04-05,ICU_incidence,0,0,0,0.01,0,0,Maintain Status Quo,Belize,BLZ,2020-07-04,v3
2020-04-05,infections,2.95,11,17.5,23.47,31,73.05,Maintain Status Quo,Belize,BLZ,2020-07-04,v3
2020-04-05,Rt,0.02,0.05,0.08,0.14,0.18,0.54,Maintain Status Quo,Belize,BLZ,2020-07-04,v3
2020-04-05,cumulative_infections,269.65,701.5,1320,1502.84,2003.75,4295.3,Relax Interventions 50%,Belize,BLZ,2020-07-04,v3
2020-04-05,deaths,0,0,0,0.25,0,1,Relax Interventions 50%,Belize,BLZ,2020-07-04,v3
2020-04-05,hospital_demand,1,4,7,8.41,12,22.62,Relax Interventions 50%,Belize,BLZ,2020-07-04,v3
2020-04-05,hospital_incidence,0,0,0,0.02,0,0,Relax Interventions 50%,Belize,BLZ,2020-07-04,v3
2020-04-05,ICU_demand,0.48,2,2,2.8,4,6.52,Relax Interventions 50%,Belize,BLZ,2020-07-04,v3
2020-04-05,ICU_incidence,0,0,0,0.01,0,0,Relax Interventions 50%,Belize,BLZ,2020-07-04,v3
2020-04-05,infections,2.95,11,17.5,23.47,31,73.05,Relax Interventions 50%,Belize,BLZ,2020-07-04,v3
2020-04-05,Rt,0.02,0.05,0.08,0.14,0.18,0.54,Relax Interventions 50%,Belize,BLZ,2020-07-04,v3
2020-04-05,cumulative_infections,201.78,888.5,1274,1473.15,1706,4713.25,Surged Additional 50% Reduction,Belize,BLZ,2020-07-04,v3
2020-04-05,deaths,0,0,0,0.22,0,2,Surged Additional 50% Reduction,Belize,BLZ,2020-07-04,v3
2020-04-05,hospital_demand,1,4,8,9.24,11,32.72,Surged Additional 50% Reduction,Belize,BLZ,2020-07-04,v3
2020-04-05,hospital_incidence,0,0,0,0.02,0,0,Surged Additional 50% Reduction,Belize,BLZ,2020-07-04,v3
2020-04-05,ICU_demand,0,2,3,2.95,4,7,Surged Additional 50% Reduction,Belize,BLZ,2020-07-04,v3
2020-04-05,ICU_incidence,0,0,0,0.01,0,0,Surged Additional 50% Reduction,Belize,BLZ,2020-07-04,v3
2020-04-05,infections,4.47,9.75,17.5,21.49,26.5,63.52,Surged Additional 50% Reduction,Belize,BLZ,2020-07-04,v3
2020-04-05,Rt,0.01,0.05,0.08,0.13,0.18,0.39,Surged Additional 50% Reduction,Belize,BLZ,2020-07-04,v3
2020-04-05,cumulative_infections,201.78,888.5,1274,1473.15,1706,4713.25,Surged Maintain Status Quo,Belize,BLZ,2020-07-04,v3
2020-04-05,deaths,0,0,0,0.22,0,2,Surged Maintain Status Quo,Belize,BLZ,2020-07-04,v3
2020-04-05,hospital_demand,1,4,8,9.24,11,32.72,Surged Maintain Status Quo,Belize,BLZ,2020-07-04,v3
2020-04-05,hospital_incidence,0,0,0,0.02,0,0,Surged Maintain Status Quo,Belize,BLZ,2020-07-04,v3
2020-04-05,ICU_demand,0,2,3,2.95,4,7,Surged Maintain Status Quo,Belize,BLZ,2020-07-04,v3
2020-04-05,ICU_incidence,0,0,0,0.01,0,0,Surged Maintain Status Quo,Belize,BLZ,2020-07-04,v3
2020-04-05,infections,4.47,9.75,17.5,21.49,26.5,63.52,Surged Maintain Status Quo,Belize,BLZ,2020-07-04,v3
2020-04-05,Rt,0.01,0.05,0.08,0.13,0.18,0.39,Surged Maintain Status Quo,Belize,BLZ,2020-07-04,v3
2020-04-05,cumulative_infections,201.78,888.5,1274,1473.15,1706,4713.25,Surged Relax Interventions 50%,Belize,BLZ,2020-07-04,v3
2020-04-05,deaths,0,0,0,0.22,0,2,Surged Relax Interventions 50%,Belize,BLZ,2020-07-04,v3
2020-04-05,hospital_demand,1,4,8,9.24,11,32.72,Surged Relax Interventions 50%,Belize,BLZ,2020-07-04,v3
2020-04-05,hospital_incidence,0,0,0,0.02,0,0,Surged Relax Interventions 50%,Belize,BLZ,2020-07-04,v3
2020-04-05,ICU_demand,0,2,3,2.95,4,7,Surged Relax Interventions 50%,Belize,BLZ,2020-07-04,v3
2020-04-05,ICU_incidence,0,0,0,0.01,0,0,Surged Relax Interventions 50%,Belize,BLZ,2020-07-04,v3
2020-04-05,infections,4.47,9.75,17.5,21.49,26.5,63.52,Surged Relax Interventions 50%,Belize,BLZ,2020-07-04,v3
2020-04-05,Rt,0.01,0.05,0.08,0.13,0.18,0.39,Surged Relax Interventions 50%,Belize,BLZ,2020-07-04,v3
2020-04-06,cumulative_infections,274.17,709.75,1341,1521.54,2021.25,4341.7,Additional 50% Reduction,Belize,BLZ,2020-07-04,v3
2020-04-06,deaths,1,1,1,1.05,1,2,Additional 50% Reduction,Belize,BLZ,2020-07-04,v3
2020-04-06,hospital_demand,0.48,4,6,7.86,11,21.52,Additional 50% Reduction,Belize,BLZ,2020-07-04,v3
2020-04-06,hospital_incidence,0,0,0,0.02,0,0,Additional 50% Reduction,Belize,BLZ,2020-07-04,v3
2020-04-06,ICU_demand,0,1,2,2.09,3,5,Additional 50% Reduction,Belize,BLZ,2020-07-04,v3
2020-04-06,ICU_incidence,0,0,0,0,0,0,Additional 50% Reduction,Belize,BLZ,2020-07-04,v3
2020-04-06,infections,2,7,15,18.7,23.75,53.2,Additional 50% Reduction,Belize,BLZ,2020-07-04,v3
2020-04-06,Rt,0.03,0.07,0.12,0.18,0.23,0.62,Additional 50% Reduction,Belize,BLZ,2020-07-04,v3
2020-04-06,cumulative_infections,274.17,709.75,1341,1521.54,2021.25,4341.7,Maintain Status Quo,Belize,BLZ,2020-07-04,v3
2020-04-06,deaths,1,1,1,1.05,1,2,Maintain Status Quo,Belize,BLZ,2020-07-04,v3
2020-04-06,hospital_demand,0.48,4,6,7.86,11,21.52,Maintain Status Quo,Belize,BLZ,2020-07-04,v3
2020-04-06,hospital_incidence,0,0,0,0.02,0,0,Maintain Status Quo,Belize,BLZ,2020-07-04,v3
2020-04-06,ICU_demand,0,1,2,2.09,3,5,Maintain Status Quo,Belize,BLZ,2020-07-04,v3
2020-04-06,ICU_incidence,0,0,0,0,0,0,Maintain Status Quo,Belize,BLZ,2020-07-04,v3
2020-04-06,infections,2,7,15,18.7,23.75,53.2,Maintain Status Quo,Belize,BLZ,2020-07-04,v3
2020-04-06,Rt,0.03,0.07,0.12,0.18,0.23,0.62,Maintain Status Quo,Belize,BLZ,2020-07-04,v3
2020-04-06,cumulative_infections,274.17,709.75,1341,1521.54,2021.25,4341.7,Relax Interventions 50%,Belize,BLZ,2020-07-04,v3
2020-04-06,deaths,1,1,1,1.05,1,2,Relax Interventions 50%,Belize,BLZ,2020-07-04,v3
2020-04-06,hospital_demand,0.48,4,6,7.86,11,21.52,Relax Interventions 50%,Belize,BLZ,2020-07-04,v3
2020-04-06,hospital_incidence,0,0,0,0.02,0,0,Relax Interventions 50%,Belize,BLZ,2020-07-04,v3
2020-04-06,ICU_demand,0,1,2,2.09,3,5,Relax Interventions 50%,Belize,BLZ,2020-07-04,v3
2020-04-06,ICU_incidence,0,0,0,0,0,0,Relax Interventions 50%,Belize,BLZ,2020-07-04,v3
2020-04-06,infections,2,7,15,18.7,23.75,53.2,Relax Interventions 50%,Belize,BLZ,2020-07-04,v3
2020-04-06,Rt,0.03,0.07,0.12,0.18,0.23,0.62,Relax Interventions 50%,Belize,BLZ,2020-07-04,v3
2020-04-06,cumulative_infections,214.52,908.75,1295.5,1490.85,1736.75,4729.67,Surged Additional 50% Reduction,Belize,BLZ,2020-07-04,v3
2020-04-06,deaths,1,1,1,1.04,1,2,Surged Additional 50% Reduction,Belize,BLZ,2020-07-04,v3
2020-04-06,hospital_demand,1,4,7,8.47,10,28.62,Surged Additional 50% Reduction,Belize,BLZ,2020-07-04,v3
2020-04-06,hospital_incidence,0,0,0,0.03,0,0.52,Surged Additional 50% Reduction,Belize,BLZ,2020-07-04,v3
2020-04-06,ICU_demand,0,1,2,2.45,3.25,7,Surged Additional 50% Reduction,Belize,BLZ,2020-07-04,v3
2020-04-06,ICU_incidence,0,0,0,0.01,0,0,Surged Additional 50% Reduction,Belize,BLZ,2020-07-04,v3
2020-04-06,infections,2.48,8.75,15,17.7,26,48.52,Surged Additional 50% Reduction,Belize,BLZ,2020-07-04,v3
2020-04-06,Rt,0.02,0.07,0.12,0.17,0.24,0.47,Surged Additional 50% Reduction,Belize,BLZ,2020-07-04,v3
2020-04-06,cumulative_infections,214.52,908.75,1295.5,1490.85,1736.75,4729.67,Surged Maintain Status Quo,Belize,BLZ,2020-07-04,v3
2020-04-06,deaths,1,1,1,1.04,1,2,Surged Maintain Status Quo,Belize,BLZ,2020-07-04,v3
2020-04-06,hospital_demand,1,4,7,8.47,10,28.62,Surged Maintain Status Quo,Belize,BLZ,2020-07-04,v3
2020-04-06,hospital_incidence,0,0,0,0.03,0,0.52,Surged Maintain Status Quo,Belize,BLZ,2020-07-04,v3
2020-04-06,ICU_demand,0,1,2,2.45,3.25,7,Surged Maintain Status Quo,Belize,BLZ,2020-07-04,v3
2020-04-06,ICU_incidence,0,0,0,0.01,0,0,Surged Maintain Status Quo,Belize,BLZ,2020-07-04,v3
2020-04-06,infections,2.48,8.75,15,17.7,26,48.52,Surged Maintain Status Quo,Belize,BLZ,2020-07-04,v3
2020-04-06,Rt,0.02,0.07,0.12,0.17,0.24,0.47,Surged Maintain Status Quo,Belize,BLZ,2020-07-04,v3
2020-04-06,cumulative_infections,214.52,908.75,1295.5,1490.85,1736.75,4729.67,Surged Relax Interventions 50%,Belize,BLZ,2020-07-04,v3
2020-04-06,deaths,1,1,1,1.04,1,2,Surged Relax Interventions 50%,Belize,BLZ,2020-07-04,v3
2020-04-06,hospital_demand,1,4,7,8.47,10,28.62,Surged Relax Interventions 50%,Belize,BLZ,2020-07-04,v3
2020-04-06,hospital_incidence,0,0,0,0.03,0,0.52,Surged Relax Interventions 50%,Belize,BLZ,2020-07-04,v3
2020-04-06,ICU_demand,0,1,2,2.45,3.25,7,Surged Relax Interventions 50%,Belize,BLZ,2020-07-04,v3
2020-04-06,ICU_incidence,0,0,0,0.01,0,0,Surged Relax Interventions 50%,Belize,BLZ,2020-07-04,v3
2020-04-06,infections,2.48,8.75,15,17.7,26,48.52,Surged Relax Interventions 50%,Belize,BLZ,2020-07-04,v3
2020-04-06,Rt,0.02,0.07,0.12,0.17,0.24,0.47,Surged Relax Interventions 50%,Belize,BLZ,2020-07-04,v3
2020-04-07,cumulative_infections,277.6,719,1364.5,1536.89,2046,4363.7,Additional 50% Reduction,Belize,BLZ,2020-07-04,v3
2020-04-07,deaths,0,0,0,0.03,0,0.52,Additional 50% Reduction,Belize,BLZ,2020-07-04,v3
2020-04-07,hospital_demand,0,3.75,7,7.5,11,19,Additional 50% Reduction,Belize,BLZ,2020-07-04,v3
2020-04-07,hospital_incidence,0,0,0,0.04,0,1,Additional 50% Reduction,Belize,BLZ,2020-07-04,v3
2020-04-07,ICU_demand,0,1,2,2.08,3,5,Additional 50% Reduction,Belize,BLZ,2020-07-04,v3
2020-04-07,ICU_incidence,0,0,0,0,0,0,Additional 50% Reduction,Belize,BLZ,2020-07-04,v3
2020-04-07,infections,2,6,10,15.35,22,54.05,Additional 50% Reduction,Belize,BLZ,2020-07-04,v3
2020-04-07,Rt,0.02,0.07,0.1,0.16,0.21,0.59,Additional 50% Reduction,Belize,BLZ,2020-07-04,v3
2020-04-07,cumulative_infections,277.6,719,1364.5,1536.89,2046,4363.7,Maintain Status Quo,Belize,BLZ,2020-07-04,v3
2020-04-07,deaths,0,0,0,0.03,0,0.52,Maintain Status Quo,Belize,BLZ,2020-07-04,v3
2020-04-07,hospital_demand,0,3.75,7,7.5,11,19,Maintain Status Quo,Belize,BLZ,2020-07-04,v3
2020-04-07,hospital_incidence,0,0,0,0.04,0,1,Maintain Status Quo,Belize,BLZ,2020-07-04,v3
2020-04-07,ICU_demand,0,1,2,2.08,3,5,Maintain Status Quo,Belize,BLZ,2020-07-04,v3
2020-04-07,ICU_incidence,0,0,0,0,0,0,Maintain Status Quo,Belize,BLZ,2020-07-04,v3
2020-04-07,infections,2,6,10,15.35,22,54.05,Maintain Status Quo,Belize,BLZ,2020-07-04,v3
2020-04-07,Rt,0.02,0.07,0.1,0.16,0.21,0.59,Maintain Status Quo,Belize,BLZ,2020-07-04,v3
2020-04-07,cumulative_infections,277.6,719,1364.5,1536.89,2046,4363.7,Relax Interventions 50%,Belize,BLZ,2020-07-04,v3
2020-04-07,deaths,0,0,0,0.03,0,0.52,Relax Interventions 50%,Belize,BLZ,2020-07-04,v3
2020-04-07,hospital_demand,0,3.75,7,7.5,11,19,Relax Interventions 50%,Belize,BLZ,2020-07-04,v3
2020-04-07,hospital_incidence,0,0,0,0.04,0,1,Relax Interventions 50%,Belize,BLZ,2020-07-04,v3
2020-04-07,ICU_demand,0,1,2,2.08,3,5,Relax Interventions 50%,Belize,BLZ,2020-07-04,v3
2020-04-07,ICU_incidence,0,0,0,0,0,0,Relax Interventions 50%,Belize,BLZ,2020-07-04,v3
2020-04-07,infections,2,6,10,15.35,22,54.05,Relax Interventions 50%,Belize,BLZ,2020-07-04,v3
2020-04-07,Rt,0.02,0.07,0.1,0.16,0.21,0.59,Relax Interventions 50%,Belize,BLZ,2020-07-04,v3
2020-04-07,cumulative_infections,222.85,916,1308,1504.79,1763.25,4742.67,Surged Additional 50% Reduction,Belize,BLZ,2020-07-04,v3
2020-04-07,deaths,0,0,0,0.12,0,1,Surged Additional 50% Reduction,Belize,BLZ,2020-07-04,v3
2020-04-07,hospital_demand,1,4,6.5,8.04,10,25.62,Surged Additional 50% Reduction,Belize,BLZ,2020-07-04,v3
2020-04-07,hospital_incidence,0,0,0,0.05,0,1,Surged Additional 50% Reduction,Belize,BLZ,2020-07-04,v3
2020-04-07,ICU_demand,0,1,2,2.41,3,7,Surged Additional 50% Reduction,Belize,BLZ,2020-07-04,v3
2020-04-07,ICU_incidence,0,0,0,0.01,0,0,Surged Additional 50% Reduction,Belize,BLZ,2020-07-04,v3
2020-04-07,infections,1,7,12,13.94,19,34.52,Surged Additional 50% Reduction,Belize,BLZ,2020-07-04,v3
2020-04-07,Rt,0.02,0.06,0.11,0.15,0.22,0.44,Surged Additional 50% Reduction,Belize,BLZ,2020-07-04,v3
2020-04-07,cumulative_infections,222.85,916,1308,1504.79,1763.25,4742.67,Surged Maintain Status Quo,Belize,BLZ,2020-07-04,v3
2020-04-07,deaths,0,0,0,0.12,0,1,Surged Maintain Status Quo,Belize,BLZ,2020-07-04,v3
2020-04-07,hospital_demand,1,4,6.5,8.04,10,25.62,Surged Maintain Status Quo,Belize,BLZ,2020-07-04,v3
2020-04-07,hospital_incidence,0,0,0,0.05,0,1,Surged Maintain Status Quo,Belize,BLZ,2020-07-04,v3
2020-04-07,ICU_demand,0,1,2,2.41,3,7,Surged Maintain Status Quo,Belize,BLZ,2020-07-04,v3
2020-04-07,ICU_incidence,0,0,0,0.01,0,0,Surged Maintain Status Quo,Belize,BLZ,2020-07-04,v3
2020-04-07,infections,1,7,12,13.94,19,34.52,Surged Maintain Status Quo,Belize,BLZ,2020-07-04,v3
2020-04-07,Rt,0.02,0.06,0.11,0.15,0.22,0.44,Surged Maintain Status Quo,Belize,BLZ,2020-07-04,v3
2020-04-07,cumulative_infections,222.85,916,1308,1504.79,1763.25,4742.67,Surged Relax Interventions 50%,Belize,BLZ,2020-07-04,v3
2020-04-07,deaths,0,0,0,0.12,0,1,Surged Relax Interventions 50%,Belize,BLZ,2020-07-04,v3
2020-04-07,hospital_demand,1,4,6.5,8.04,10,25.62,Surged Relax Interventions 50%,Belize,BLZ,2020-07-04,v3
2020-04-07,hospital_incidence,0,0,0,0.05,0,1,Surged Relax Interventions 50%,Belize,BLZ,2020-07-04,v3
2020-04-07,ICU_demand,0,1,2,2.41,3,7,Surged Relax Interventions 50%,Belize,BLZ,2020-07-04,v3
2020-04-07,ICU_incidence,0,0,0,0.01,0,0,Surged Relax Interventions 50%,Belize,BLZ,2020-07-04,v3
2020-04-07,infections,1,7,12,13.94,19,34.52,Surged Relax Interventions 50%,Belize,BLZ,2020-07-04,v3
2020-04-07,Rt,0.02,0.06,0.11,0.15,0.22,0.44,Surged Relax Interventions 50%,Belize,BLZ,2020-07-04,v3
2020-04-08,cumulative_infections,279.6,728,1381,1550.06,2054.5,4382.55,Additional 50% Reduction,Belize,BLZ,2020-07-04,v3
2020-04-08,deaths,0,0,0,0.05,0,1,Additional 50% Reduction,Belize,BLZ,2020-07-04,v3
2020-04-08,hospital_demand,0,3,6.5,7.17,10,17.52,Additional 50% Reduction,Belize,BLZ,2020-07-04,v3
2020-04-08,hospital_incidence,0,0,0,0.03,0,0.52,Additional 50% Reduction,Belize,BLZ,2020-07-04,v3
2020-04-08,ICU_demand,0,1,2,2.03,3,5,Additional 50% Reduction,Belize,BLZ,2020-07-04,v3
2020-04-08,ICU_incidence,0,0,0,0,0,0,Additional 50% Reduction,Belize,BLZ,2020-07-04,v3
2020-04-08,infections,1.48,5.75,9,13.17,17.25,49.1,Additional 50% Reduction,Belize,BLZ,2020-07-04,v3
2020-04-08,Rt,0.03,0.07,0.11,0.17,0.21,0.6,Additional 50% Reduction,Belize,BLZ,2020-07-04,v3
2020-04-08,cumulative_infections,279.6,728,1381,1550.06,2054.5,4382.55,Maintain Status Quo,Belize,BLZ,2020-07-04,v3
2020-04-08,deaths,0,0,0,0.05,0,1,Maintain Status Quo,Belize,BLZ,2020-07-04,v3
2020-04-08,hospital_demand,0,3,6.5,7.17,10,17.52,Maintain Status Quo,Belize,BLZ,2020-07-04,v3
2020-04-08,hospital_incidence,0,0,0,0.03,0,0.52,Maintain Status Quo,Belize,BLZ,2020-07-04,v3
2020-04-08,ICU_demand,0,1,2,2.03,3,5,Maintain Status Quo,Belize,BLZ,2020-07-04,v3
2020-04-08,ICU_incidence,0,0,0,0,0,0,Maintain Status Quo,Belize,BLZ,2020-07-04,v3
2020-04-08,infections,1.48,5.75,9,13.17,17.25,49.1,Maintain Status Quo,Belize,BLZ,2020-07-04,v3
2020-04-08,Rt,0.03,0.07,0.11,0.17,0.21,0.6,Maintain Status Quo,Belize,BLZ,2020-07-04,v3
2020-04-08,cumulative_infections,279.6,728,1381,1550.06,2054.5,4382.55,Relax Interventions 50%,Belize,BLZ,2020-07-04,v3
2020-04-08,deaths,0,0,0,0.05,0,1,Relax Interventions 50%,Belize,BLZ,2020-07-04,v3
2020-04-08,hospital_demand,0,3,6.5,7.17,10,17.52,Relax Interventions 50%,Belize,BLZ,2020-07-04,v3
2020-04-08,hospital_incidence,0,0,0,0.03,0,0.52,Relax Interventions 50%,Belize,BLZ,2020-07-04,v3
2020-04-08,ICU_demand,0,1,2,2.03,3,5,Relax Interventions 50%,Belize,BLZ,2020-07-04,v3
2020-04-08,ICU_incidence,0,0,0,0,0,0,Relax Interventions 50%,Belize,BLZ,2020-07-04,v3
2020-04-08,infections,1.48,5.75,9,13.17,17.25,49.1,Relax Interventions 50%,Belize,BLZ,2020-07-04,v3
2020-04-08,Rt,0.03,0.07,0.11,0.17,0.21,0.6,Relax Interventions 50%,Belize,BLZ,2020-07-04,v3
2020-04-08,cumulative_infections,230.18,921.5,1322.5,1516.87,1781.25,4752.82,Surged Additional 50% Reduction,Belize,BLZ,2020-07-04,v3
2020-04-08,deaths,0,0,0,0.05,0,1,Surged Additional 50% Reduction,Belize,BLZ,2020-07-04,v3
2020-04-08,hospital_demand,0.48,4,6,7.6,9.25,23.52,Surged Additional 50% Reduction,Belize,BLZ,2020-07-04,v3
2020-04-08,hospital_incidence,0,0,0,0.04,0,1,Surged Additional 50% Reduction,Belize,BLZ,2020-07-04,v3
2020-04-08,ICU_demand,0,1,2,2.37,3,7,Surged Additional 50% Reduction,Belize,BLZ,2020-07-04,v3
2020-04-08,ICU_incidence,0,0,0,0.02,0,0,Surged Additional 50% Reduction,Belize,BLZ,2020-07-04,v3
2020-04-08,infections,1,5,9.5,12.08,16.5,38,Surged Additional 50% Reduction,Belize,BLZ,2020-07-04,v3
2020-04-08,Rt,0.02,0.06,0.11,0.16,0.23,0.45,Surged Additional 50% Reduction,Belize,BLZ,2020-07-04,v3
2020-04-08,cumulative_infections,230.18,921.5,1322.5,1516.87,1781.25,4752.82,Surged Maintain Status Quo,Belize,BLZ,2020-07-04,v3
2020-04-08,deaths,0,0,0,0.05,0,1,Surged Maintain Status Quo,Belize,BLZ,2020-07-04,v3
2020-04-08,hospital_demand,0.48,4,6,7.6,9.25,23.52,Surged Maintain Status Quo,Belize,BLZ,2020-07-04,v3
2020-04-08,hospital_incidence,0,0,0,0.04,0,1,Surged Maintain Status Quo,Belize,BLZ,2020-07-04,v3
2020-04-08,ICU_demand,0,1,2,2.37,3,7,Surged Maintain Status Quo,Belize,BLZ,2020-07-04,v3
2020-04-08,ICU_incidence,0,0,0,0.02,0,0,Surged Maintain Status Quo,Belize,BLZ,2020-07-04,v3
2020-04-08,infections,1,5,9.5,12.08,16.5,38,Surged Maintain Status Quo,Belize,BLZ,2020-07-04,v3
2020-04-08,Rt,0.02,0.06,0.11,0.16,0.23,0.45,Surged Maintain Status Quo,Belize,BLZ,2020-07-04,v3
2020-04-08,cumulative_infections,230.18,921.5,1322.5,1516.87,1781.25,4752.82,Surged Relax Interventions 50%,Belize,BLZ,2020-07-04,v3
2020-04-08,deaths,0,0,0,0.05,0,1,Surged Relax Interventions 50%,Belize,BLZ,2020-07-04,v3
2020-04-08,hospital_demand,0.48,4,6,7.6,9.25,23.52,Surged Relax Interventions 50%,Belize,BLZ,2020-07-04,v3
2020-04-08,hospital_incidence,0,0,0,0.04,0,1,Surged Relax Interventions 50%,Belize,BLZ,2020-07-04,v3
2020-04-08,ICU_demand,0,1,2,2.37,3,7,Surged Relax Interventions 50%,Belize,BLZ,2020-07-04,v3
2020-04-08,ICU_incidence,0,0,0,0.02,0,0,Surged Relax Interventions 50%,Belize,BLZ,2020-07-04,v3
2020-04-08,infections,1,5,9.5,12.08,16.5,38,Surged Relax Interventions 50%,Belize,BLZ,2020-07-04,v3
2020-04-08,Rt,0.02,0.06,0.11,0.16,0.23,0.45,Surged Relax Interventions 50%,Belize,BLZ,2020-07-04,v3
2020-04-09,cumulative_infections,281.08,731.5,1392.5,1560.47,2059.75,4393.72,Additional 50% Reduction,Belize,BLZ,2020-07-04,v3
2020-04-09,deaths,0,0,0,0.07,0,1,Additional 50% Reduction,Belize,BLZ,2020-07-04,v3
2020-04-09,hospital_demand,0,3,6.5,6.91,10,19,Additional 50% Reduction,Belize,BLZ,2020-07-04,v3
2020-04-09,hospital_incidence,0,0,0,0.01,0,0,Additional 50% Reduction,Belize,BLZ,2020-07-04,v3
2020-04-09,ICU_demand,0,1,2,2.01,3,5,Additional 50% Reduction,Belize,BLZ,2020-07-04,v3
2020-04-09,ICU_incidence,0,0,0,0,0,0,Additional 50% Reduction,Belize,BLZ,2020-07-04,v3
2020-04-09,infections,1,3.75,7,10.41,12,42.72,Additional 50% Reduction,Belize,BLZ,2020-07-04,v3
2020-04-09,Rt,0.05,0.11,0.17,0.24,0.3,0.71,Additional 50% Reduction,Belize,BLZ,2020-07-04,v3
2020-04-09,cumulative_infections,281.08,731.5,1392.5,1560.47,2059.75,4393.72,Maintain Status Quo,Belize,BLZ,2020-07-04,v3
2020-04-09,deaths,0,0,0,0.07,0,1,Maintain Status Quo,Belize,BLZ,2020-07-04,v3
2020-04-09,hospital_demand,0,3,6.5,6.91,10,19,Maintain Status Quo,Belize,BLZ,2020-07-04,v3
2020-04-09,hospital_incidence,0,0,0,0.01,0,0,Maintain Status Quo,Belize,BLZ,2020-07-04,v3
2020-04-09,ICU_demand,0,1,2,2.01,3,5,Maintain Status Quo,Belize,BLZ,2020-07-04,v3
2020-04-09,ICU_incidence,0,0,0,0,0,0,Maintain Status Quo,Belize,BLZ,2020-07-04,v3
2020-04-09,infections,1,3.75,7,10.41,12,42.72,Maintain Status Quo,Belize,BLZ,2020-07-04,v3
2020-04-09,Rt,0.05,0.11,0.17,0.24,0.3,0.71,Maintain Status Quo,Belize,BLZ,2020-07-04,v3
2020-04-09,cumulative_infections,281.08,731.5,1392.5,1560.47,2059.75,4393.72,Relax Interventions 50%,Belize,BLZ,2020-07-04,v3
2020-04-09,deaths,0,0,0,0.07,0,1,Relax Interventions 50%,Belize,BLZ,2020-07-04,v3
2020-04-09,hospital_demand,0,3,6.5,6.91,10,19,Relax Interventions 50%,Belize,BLZ,2020-07-04,v3
2020-04-09,hospital_incidence,0,0,0,0.01,0,0,Relax Interventions 50%,Belize,BLZ,2020-07-04,v3
2020-04-09,ICU_demand,0,1,2,2.01,3,5,Relax Interventions 50%,Belize,BLZ,2020-07-04,v3
2020-04-09,ICU_incidence,0,0,0,0,0,0,Relax Interventions 50%,Belize,BLZ,2020-07-04,v3
2020-04-09,infections,1,3.75,7,10.41,12,42.72,Relax Interventions 50%,Belize,BLZ,2020-07-04,v3
2020-04-09,Rt,0.05,0.11,0.17,0.24,0.3,0.71,Relax Interventions 50%,Belize,BLZ,2020-07-04,v3
2020-04-09,cumulative_infections,236.98,925.5,1330.5,1526.88,1789.75,4758.87,Surged Additional 50% Reduction,Belize,BLZ,2020-07-04,v3
2020-04-09,deaths,0,0,0,0.06,0,1,Surged Additional 50% Reduction,Belize,BLZ,2020-07-04,v3
2020-04-09,hospital_demand,0,3,6,7.31,10,22.05,Surged Additional 50% Reduction,Belize,BLZ,2020-07-04,v3
2020-04-09,hospital_incidence,0,0,0,0.01,0,0,Surged Additional 50% Reduction,Belize,BLZ,2020-07-04,v3
2020-04-09,ICU_demand,0,1,2,2.34,3,7,Surged Additional 50% Reduction,Belize,BLZ,2020-07-04,v3
2020-04-09,ICU_incidence,0,0,0,0,0,0,Surged Additional 50% Reduction,Belize,BLZ,2020-07-04,v3
2020-04-09,infections,0.48,3.75,8,10.01,14,27.05,Surged Additional 50% Reduction,Belize,BLZ,2020-07-04,v3
2020-04-09,Rt,0.04,0.11,0.17,0.23,0.32,0.58,Surged Additional 50% Reduction,Belize,BLZ,2020-07-04,v3
2020-04-09,cumulative_infections,236.98,925.5,1330.5,1526.88,1789.75,4758.87,Surged Maintain Status Quo,Belize,BLZ,2020-07-04,v3
2020-04-09,deaths,0,0,0,0.06,0,1,Surged Maintain Status Quo,Belize,BLZ,2020-07-04,v3
2020-04-09,hospital_demand,0,3,6,7.31,10,22.05,Surged Maintain Status Quo,Belize,BLZ,2020-07-04,v3
2020-04-09,hospital_incidence,0,0,0,0.01,0,0,Surged Maintain Status Quo,Belize,BLZ,2020-07-04,v3
2020-04-09,ICU_demand,0,1,2,2.34,3,7,Surged Maintain Status Quo,Belize,BLZ,2020-07-04,v3
2020-04-09,ICU_incidence,0,0,0,0,0,0,Surged Maintain Status Quo,Belize,BLZ,2020-07-04,v3
2020-04-09,infections,0.48,3.75,8,10.01,14,27.05,Surged Maintain Status Quo,Belize,BLZ,2020-07-04,v3
2020-04-09,Rt,0.04,0.11,0.17,0.23,0.32,0.58,Surged Maintain Status Quo,Belize,BLZ,2020-07-04,v3
2020-04-09,cumulative_infections,236.98,925.5,1330.5,1526.88,1789.75,4758.87,Surged Relax Interventions 50%,Belize,BLZ,2020-07-04,v3
2020-04-09,deaths,0,0,0,0.06,0,1,Surged Relax Interventions 50%,Belize,BLZ,2020-07-04,v3
2020-04-09,hospital_demand,0,3,6,7.31,10,22.05,Surged Relax Interventions 50%,Belize,BLZ,2020-07-04,v3
2020-04-09,hospital_incidence,0,0,0,0.01,0,0,Surged Relax Interventions 50%,Belize,BLZ,2020-07-04,v3
2020-04-09,ICU_demand,0,1,2,2.34,3,7,Surged Relax Interventions 50%,Belize,BLZ,2020-07-04,v3
2020-04-09,ICU_incidence,0,0,0,0,0,0,Surged Relax Interventions 50%,Belize,BLZ,2020-07-04,v3
2020-04-09,infections,0.48,3.75,8,10.01,14,27.05,Surged Relax Interventions 50%,Belize,BLZ,2020-07-04,v3
2020-04-09,Rt,0.04,0.11,0.17,0.23,0.32,0.58,Surged Relax Interventions 50%,Belize,BLZ,2020-07-04,v3
2020-04-10,cumulative_infections,282.55,733.75,1402.5,1569.56,2069.25,4404.05,Additional 50% Reduction,Belize,BLZ,2020-07-04,v3
2020-04-10,deaths,0,0,0,0.05,0,1,Additional 50% Reduction,Belize,BLZ,2020-07-04,v3
2020-04-10,hospital_demand,0,3,6,6.4,9,17.52,Additional 50% Reduction,Belize,BLZ,2020-07-04,v3
2020-04-10,hospital_incidence,0,0,0,0,0,0,Additional 50% Reduction,Belize,BLZ,2020-07-04,v3
2020-04-10,ICU_demand,0,1,2,1.94,3,5,Additional 50% Reduction,Belize,BLZ,2020-07-04,v3
2020-04-10,ICU_incidence,0,0,0,0.01,0,0,Additional 50% Reduction,Belize,BLZ,2020-07-04,v3
2020-04-10,infections,1,3,6,9.09,11,31,Additional 50% Reduction,Belize,BLZ,2020-07-04,v3
2020-04-10,Rt,0,0.01,0.02,0.05,0.07,0.31,Additional 50% Reduction,Belize,BLZ,2020-07-04,v3
2020-04-10,cumulative_infections,282.55,733.75,1402.5,1569.56,2069.25,4404.05,Maintain Status Quo,Belize,BLZ,2020-07-04,v3
2020-04-10,deaths,0,0,0,0.05,0,1,Maintain Status Quo,Belize,BLZ,2020-07-04,v3
2020-04-10,hospital_demand,0,3,6,6.4,9,17.52,Maintain Status Quo,Belize,BLZ,2020-07-04,v3
2020-04-10,hospital_incidence,0,0,0,0,0,0,Maintain Status Quo,Belize,BLZ,2020-07-04,v3
2020-04-10,ICU_demand,0,1,2,1.94,3,5,Maintain Status Quo,Belize,BLZ,2020-07-04,v3
2020-04-10,ICU_incidence,0,0,0,0.01,0,0,Maintain Status Quo,Belize,BLZ,2020-07-04,v3
2020-04-10,infections,1,3,6,9.09,11,31,Maintain Status Quo,Belize,BLZ,2020-07-04,v3
2020-04-10,Rt,0,0.01,0.02,0.05,0.07,0.31,Maintain Status Quo,Belize,BLZ,2020-07-04,v3
2020-04-10,cumulative_infections,282.55,733.75,1402.5,1569.56,2069.25,4404.05,Relax Interventions 50%,Belize,BLZ,2020-07-04,v3
2020-04-10,deaths,0,0,0,0.05,0,1,Relax Interventions 50%,Belize,BLZ,2020-07-04,v3
2020-04-10,hospital_demand,0,3,6,6.4,9,17.52,Relax Interventions 50%,Belize,BLZ,2020-07-04,v3
2020-04-10,hospital_incidence,0,0,0,0,0,0,Relax Interventions 50%,Belize,BLZ,2020-07-04,v3
2020-04-10,ICU_demand,0,1,2,1.94,3,5,Relax Interventions 50%,Belize,BLZ,2020-07-04,v3
2020-04-10,ICU_incidence,0,0,0,0.01,0,0,Relax Interventions 50%,Belize,BLZ,2020-07-04,v3
2020-04-10,infections,1,3,6,9.09,11,31,Relax Interventions 50%,Belize,BLZ,2020-07-04,v3
2020-04-10,Rt,0,0.01,0.02,0.05,0.07,0.31,Relax Interventions 50%,Belize,BLZ,2020-07-04,v3
2020-04-10,cumulative_infections,245.3,927.75,1341,1534.98,1797.75,4765.97,Surged Additional 50% Reduction,Belize,BLZ,2020-07-04,v3
2020-04-10,deaths,0,0,0,0.12,0,1,Surged Additional 50% Reduction,Belize,BLZ,2020-07-04,v3
2020-04-10,hospital_demand,0.48,3,5,6.67,9,19.57,Surged Additional 50% Reduction,Belize,BLZ,2020-07-04,v3
2020-04-10,hospital_incidence,0,0,0,0,0,0,Surged Additional 50% Reduction,Belize,BLZ,2020-07-04,v3
2020-04-10,ICU_demand,0,1,2,2.23,3,7.52,Surged Additional 50% Reduction,Belize,BLZ,2020-07-04,v3
2020-04-10,ICU_incidence,0,0,0,0,0,0,Surged Additional 50% Reduction,Belize,BLZ,2020-07-04,v3
2020-04-10,infections,0.48,3,5,8.1,11,32.1,Surged Additional 50% Reduction,Belize,BLZ,2020-07-04,v3
2020-04-10,Rt,0,0.01,0.02,0.05,0.07,0.2,Surged Additional 50% Reduction,Belize,BLZ,2020-07-04,v3
2020-04-10,cumulative_infections,245.3,927.75,1341,1534.98,1797.75,4765.97,Surged Maintain Status Quo,Belize,BLZ,2020-07-04,v3
2020-04-10,deaths,0,0,0,0.12,0,1,Surged Maintain Status Quo,Belize,BLZ,2020-07-04,v3
2020-04-10,hospital_demand,0.48,3,5,6.67,9,19.57,Surged Maintain Status Quo,Belize,BLZ,2020-07-04,v3
2020-04-10,hospital_incidence,0,0,0,0,0,0,Surged Maintain Status Quo,Belize,BLZ,2020-07-04,v3
2020-04-10,ICU_demand,0,1,2,2.23,3,7.52,Surged Maintain Status Quo,Belize,BLZ,2020-07-04,v3
2020-04-10,ICU_incidence,0,0,0,0,0,0,Surged Maintain Status Quo,Belize,BLZ,2020-07-04,v3
2020-04-10,infections,0.48,3,5,8.1,11,32.1,Surged Maintain Status Quo,Belize,BLZ,2020-07-04,v3
2020-04-10,Rt,0,0.01,0.02,0.05,0.07,0.2,Surged Maintain Status Quo,Belize,BLZ,2020-07-04,v3
2020-04-10,cumulative_infections,245.3,927.75,1341,1534.98,1797.75,4765.97,Surged Relax Interventions 50%,Belize,BLZ,2020-07-04,v3
2020-04-10,deaths,0,0,0,0.12,0,1,Surged Relax Interventions 50%,Belize,BLZ,2020-07-04,v3
2020-04-10,hospital_demand,0.48,3,5,6.67,9,19.57,Surged Relax Interventions 50%,Belize,BLZ,2020-07-04,v3
2020-04-10,hospital_incidence,0,0,0,0,0,0,Surged Relax Interventions 50%,Belize,BLZ,2020-07-04,v3
2020-04-10,ICU_demand,0,1,2,2.23,3,7.52,Surged Relax Interventions 50%,Belize,BLZ,2020-07-04,v3
2020-04-10,ICU_incidence,0,0,0,0,0,0,Surged Relax Interventions 50%,Belize,BLZ,2020-07-04,v3
2020-04-10,infections,0.48,3,5,8.1,11,32.1,Surged Relax Interventions 50%,Belize,BLZ,2020-07-04,v3
2020-04-10,Rt,0,0.01,0.02,0.05,0.07,0.2,Surged Relax Interventions 50%,Belize,BLZ,2020-07-04,v3
2020-04-11,cumulative_infections,284.02,735.5,1414.5,1576.8,2093.75,4414.25,Additional 50% Reduction,Belize,BLZ,2020-07-04,v3
2020-04-11,deaths,1,1,1,1.05,1,2,Additional 50% Reduction,Belize,BLZ,2020-07-04,v3
2020-04-11,hospital_demand,0,3,5,5.52,8,15.52,Additional 50% Reduction,Belize,BLZ,2020-07-04,v3
2020-04-11,hospital_incidence,0,0,0,0.01,0,0,Additional 50% Reduction,Belize,BLZ,2020-07-04,v3
2020-04-11,ICU_demand,0,0,1,1.2,2,4,Additional 50% Reduction,Belize,BLZ,2020-07-04,v3
2020-04-11,ICU_incidence,0,0,0,0,0,0,Additional 50% Reduction,Belize,BLZ,2020-07-04,v3
2020-04-11,infections,0,2,5,7.24,9,28,Additional 50% Reduction,Belize,BLZ,2020-07-04,v3
2020-04-11,Rt,0.02,0.06,0.09,0.14,0.18,0.56,Additional 50% Reduction,Belize,BLZ,2020-07-04,v3
2020-04-11,cumulative_infections,284.02,735.5,1414.5,1576.8,2093.75,4414.25,Maintain Status Quo,Belize,BLZ,2020-07-04,v3
2020-04-11,deaths,1,1,1,1.05,1,2,Maintain Status Quo,Belize,BLZ,2020-07-04,v3
2020-04-11,hospital_demand,0,3,5,5.52,8,15.52,Maintain Status Quo,Belize,BLZ,2020-07-04,v3
2020-04-11,hospital_incidence,0,0,0,0.01,0,0,Maintain Status Quo,Belize,BLZ,2020-07-04,v3
2020-04-11,ICU_demand,0,0,1,1.2,2,4,Maintain Status Quo,Belize,BLZ,2020-07-04,v3
2020-04-11,ICU_incidence,0,0,0,0,0,0,Maintain Status Quo,Belize,BLZ,2020-07-04,v3
2020-04-11,infections,0,2,5,7.24,9,28,Maintain Status Quo,Belize,BLZ,2020-07-04,v3
2020-04-11,Rt,0.02,0.06,0.09,0.14,0.18,0.56,Maintain Status Quo,Belize,BLZ,2020-07-04,v3
2020-04-11,cumulative_infections,284.02,735.5,1414.5,1576.8,2093.75,4414.25,Relax Interventions 50%,Belize,BLZ,2020-07-04,v3
2020-04-11,deaths,1,1,1,1.05,1,2,Relax Interventions 50%,Belize,BLZ,2020-07-04,v3
2020-04-11,hospital_demand,0,3,5,5.52,8,15.52,Relax Interventions 50%,Belize,BLZ,2020-07-04,v3
2020-04-11,hospital_incidence,0,0,0,0.01,0,0,Relax Interventions 50%,Belize,BLZ,2020-07-04,v3
2020-04-11,ICU_demand,0,0,1,1.2,2,4,Relax Interventions 50%,Belize,BLZ,2020-07-04,v3
2020-04-11,ICU_incidence,0,0,0,0,0,0,Relax Interventions 50%,Belize,BLZ,2020-07-04,v3
2020-04-11,infections,0,2,5,7.24,9,28,Relax Interventions 50%,Belize,BLZ,2020-07-04,v3
2020-04-11,Rt,0.02,0.06,0.09,0.14,0.18,0.56,Relax Interventions 50%,Belize,BLZ,2020-07-04,v3
2020-04-11,cumulative_infections,247.68,928.5,1347.5,1541.59,1804.5,4768.02,Surged Additional 50% Reduction,Belize,BLZ,2020-07-04,v3
2020-04-11,deaths,1,1,1,1.01,1,1.52,Surged Additional 50% Reduction,Belize,BLZ,2020-07-04,v3
2020-04-11,hospital_demand,0,3,5,5.76,9,17.05,Surged Additional 50% Reduction,Belize,BLZ,2020-07-04,v3
2020-04-11,hospital_incidence,0,0,0,0.01,0,0,Surged Additional 50% Reduction,Belize,BLZ,2020-07-04,v3
2020-04-11,ICU_demand,0,0,1,1.51,2,6.52,Surged Additional 50% Reduction,Belize,BLZ,2020-07-04,v3
2020-04-11,ICU_incidence,0,0,0,0,0,0,Surged Additional 50% Reduction,Belize,BLZ,2020-07-04,v3
2020-04-11,infections,0,2,5,6.61,9.25,21.05,Surged Additional 50% Reduction,Belize,BLZ,2020-07-04,v3
2020-04-11,Rt,0.02,0.05,0.09,0.13,0.19,0.4,Surged Additional 50% Reduction,Belize,BLZ,2020-07-04,v3
2020-04-11,cumulative_infections,247.68,928.5,1347.5,1541.59,1804.5,4768.02,Surged Maintain Status Quo,Belize,BLZ,2020-07-04,v3
2020-04-11,deaths,1,1,1,1.01,1,1.52,Surged Maintain Status Quo,Belize,BLZ,2020-07-04,v3
2020-04-11,hospital_demand,0,3,5,5.76,9,17.05,Surged Maintain Status Quo,Belize,BLZ,2020-07-04,v3
2020-04-11,hospital_incidence,0,0,0,0.01,0,0,Surged Maintain Status Quo,Belize,BLZ,2020-07-04,v3
2020-04-11,ICU_demand,0,0,1,1.51,2,6.52,Surged Maintain Status Quo,Belize,BLZ,2020-07-04,v3
2020-04-11,ICU_incidence,0,0,0,0,0,0,Surged Maintain Status Quo,Belize,BLZ,2020-07-04,v3
2020-04-11,infections,0,2,5,6.61,9.25,21.05,Surged Maintain Status Quo,Belize,BLZ,2020-07-04,v3
2020-04-11,Rt,0.02,0.05,0.09,0.13,0.19,0.4,Surged Maintain Status Quo,Belize,BLZ,2020-07-04,v3
2020-04-11,cumulative_infections,247.68,928.5,1347.5,1541.59,1804.5,4768.02,Surged Relax Interventions 50%,Belize,BLZ,2020-07-04,v3
2020-04-11,deaths,1,1,1,1.01,1,1.52,Surged Relax Interventions 50%,Belize,BLZ,2020-07-04,v3
2020-04-11,hospital_demand,0,3,5,5.76,9,17.05,Surged Relax Interventions 50%,Belize,BLZ,2020-07-04,v3
2020-04-11,hospital_incidence,0,0,0,0.01,0,0,Surged Relax Interventions 50%,Belize,BLZ,2020-07-04,v3
2020-04-11,ICU_demand,0,0,1,1.51,2,6.52,Surged Relax Interventions 50%,Belize,BLZ,2020-07-04,v3
2020-04-11,ICU_incidence,0,0,0,0,0,0,Surged Relax Interventions 50%,Belize,BLZ,2020-07-04,v3
2020-04-11,infections,0,2,5,6.61,9.25,21.05,Surged Relax Interventions 50%,Belize,BLZ,2020-07-04,v3
2020-04-11,Rt,0.02,0.05,0.09,0.13,0.19,0.4,Surged Relax Interventions 50%,Belize,BLZ,2020-07-04,v3
2020-04-12,cumulative_infections,284.02,737.75,1424,1582.95,2105.75,4416.77,Additional 50% Reduction,Belize,BLZ,2020-07-04,v3
2020-04-12,deaths,0,0,0,0.01,0,0,Additional 50% Reduction,Belize,BLZ,2020-07-04,v3
2020-04-12,hospital_demand,0,2,4,5.1,8,14,Additional 50% Reduction,Belize,BLZ,2020-07-04,v3
2020-04-12,hospital_incidence,0,0,0,0.01,0,0,Additional 50% Reduction,Belize,BLZ,2020-07-04,v3
2020-04-12,ICU_demand,0,0,1,1.07,2,4,Additional 50% Reduction,Belize,BLZ,2020-07-04,v3
2020-04-12,ICU_incidence,0,0,0,0,0,0,Additional 50% Reduction,Belize,BLZ,2020-07-04,v3
2020-04-12,infections,0,1.75,4,6.15,7,33,Additional 50% Reduction,Belize,BLZ,2020-07-04,v3
2020-04-12,Rt,0,0.02,0.03,0.06,0.08,0.35,Additional 50% Reduction,Belize,BLZ,2020-07-04,v3
2020-04-12,cumulative_infections,284.02,737.75,1424,1582.95,2105.75,4416.77,Maintain Status Quo,Belize,BLZ,2020-07-04,v3
2020-04-12,deaths,0,0,0,0.01,0,0,Maintain Status Quo,Belize,BLZ,2020-07-04,v3
2020-04-12,hospital_demand,0,2,4,5.1,8,14,Maintain Status Quo,Belize,BLZ,2020-07-04,v3
2020-04-12,hospital_incidence,0,0,0,0.01,0,0,Maintain Status Quo,Belize,BLZ,2020-07-04,v3
2020-04-12,ICU_demand,0,0,1,1.07,2,4,Maintain Status Quo,Belize,BLZ,2020-07-04,v3
2020-04-12,ICU_incidence,0,0,0,0,0,0,Maintain Status Quo,Belize,BLZ,2020-07-04,v3
2020-04-12,infections,0,1.75,4,6.15,7,33,Maintain Status Quo,Belize,BLZ,2020-07-04,v3
2020-04-12,Rt,0,0.02,0.03,0.06,0.08,0.35,Maintain Status Quo,Belize,BLZ,2020-07-04,v3
2020-04-12,cumulative_infections,284.02,737.75,1424,1582.95,2105.75,4416.77,Relax Interventions 50%,Belize,BLZ,2020-07-04,v3
2020-04-12,deaths,0,0,0,0.01,0,0,Relax Interventions 50%,Belize,BLZ,2020-07-04,v3
2020-04-12,hospital_demand,0,2,4,5.1,8,14,Relax Interventions 50%,Belize,BLZ,2020-07-04,v3
2020-04-12,hospital_incidence,0,0,0,0.01,0,0,Relax Interventions 50%,Belize,BLZ,2020-07-04,v3
2020-04-12,ICU_demand,0,0,1,1.07,2,4,Relax Interventions 50%,Belize,BLZ,2020-07-04,v3
2020-04-12,ICU_incidence,0,0,0,0,0,0,Relax Interventions 50%,Belize,BLZ,2020-07-04,v3
2020-04-12,infections,0,1.75,4,6.15,7,33,Relax Interventions 50%,Belize,BLZ,2020-07-04,v3
2020-04-12,Rt,0,0.02,0.03,0.06,0.08,0.35,Relax Interventions 50%,Belize,BLZ,2020-07-04,v3
2020-04-12,cumulative_infections,250.68,930.25,1351,1547.34,1807,4771.07,Surged Additional 50% Reduction,Belize,BLZ,2020-07-04,v3
2020-04-12,deaths,0,0,0,0.07,0,1,Surged Additional 50% Reduction,Belize,BLZ,2020-07-04,v3
2020-04-12,hospital_demand,0,2,4,5.37,8,16.57,Surged Additional 50% Reduction,Belize,BLZ,2020-07-04,v3
2020-04-12,hospital_incidence,0,0,0,0.01,0,0,Surged Additional 50% Reduction,Belize,BLZ,2020-07-04,v3
2020-04-12,ICU_demand,0,0,1,1.39,2,5.52,Surged Additional 50% Reduction,Belize,BLZ,2020-07-04,v3
2020-04-12,ICU_incidence,0,0,0,0,0,0,Surged Additional 50% Reduction,Belize,BLZ,2020-07-04,v3
2020-04-12,infections,0,1,3.5,5.75,8,18.05,Surged Additional 50% Reduction,Belize,BLZ,2020-07-04,v3
2020-04-12,Rt,0,0.01,0.03,0.06,0.08,0.23,Surged Additional 50% Reduction,Belize,BLZ,2020-07-04,v3
2020-04-12,cumulative_infections,250.68,930.25,1351,1547.34,1807,4771.07,Surged Maintain Status Quo,Belize,BLZ,2020-07-04,v3
2020-04-12,deaths,0,0,0,0.07,0,1,Surged Maintain Status Quo,Belize,BLZ,2020-07-04,v3
2020-04-12,hospital_demand,0,2,4,5.37,8,16.57,Surged Maintain Status Quo,Belize,BLZ,2020-07-04,v3
2020-04-12,hospital_incidence,0,0,0,0.01,0,0,Surged Maintain Status Quo,Belize,BLZ,2020-07-04,v3
2020-04-12,ICU_demand,0,0,1,1.39,2,5.52,Surged Maintain Status Quo,Belize,BLZ,2020-07-04,v3
2020-04-12,ICU_incidence,0,0,0,0,0,0,Surged Maintain Status Quo,Belize,BLZ,2020-07-04,v3
2020-04-12,infections,0,1,3.5,5.75,8,18.05,Surged Maintain Status Quo,Belize,BLZ,2020-07-04,v3
2020-04-12,Rt,0,0.01,0.03,0.06,0.08,0.23,Surged Maintain Status Quo,Belize,BLZ,2020-07-04,v3
2020-04-12,cumulative_infections,250.68,930.25,1351,1547.34,1807,4771.07,Surged Relax Interventions 50%,Belize,BLZ,2020-07-04,v3
2020-04-12,deaths,0,0,0,0.07,0,1,Surged Relax Interventions 50%,Belize,BLZ,2020-07-04,v3
2020-04-12,hospital_demand,0,2,4,5.37,8,16.57,Surged Relax Interventions 50%,Belize,BLZ,2020-07-04,v3
2020-04-12,hospital_incidence,0,0,0,0.01,0,0,Surged Relax Interventions 50%,Belize,BLZ,2020-07-04,v3
2020-04-12,ICU_demand,0,0,1,1.39,2,5.52,Surged Relax Interventions 50%,Belize,BLZ,2020-07-04,v3
2020-04-12,ICU_incidence,0,0,0,0,0,0,Surged Relax Interventions 50%,Belize,BLZ,2020-07-04,v3
2020-04-12,infections,0,1,3.5,5.75,8,18.05,Surged Relax Interventions 50%,Belize,BLZ,2020-07-04,v3
2020-04-12,Rt,0,0.01,0.03,0.06,0.08,0.23,Surged Relax Interventions 50%,Belize,BLZ,2020-07-04,v3
2020-04-13,cumulative_infections,285.08,738.5,1428.5,1587.59,2119,4422.77,Additional 50% Reduction,Belize,BLZ,2020-07-04,v3
2020-04-13,deaths,0,0,0,0.08,0,1,Additional 50% Reduction,Belize,BLZ,2020-07-04,v3
2020-04-13,hospital_demand,0,2,4,4.64,7,12,Additional 50% Reduction,Belize,BLZ,2020-07-04,v3
2020-04-13,hospital_incidence,0,0,0,0,0,0,Additional 50% Reduction,Belize,BLZ,2020-07-04,v3
2020-04-13,ICU_demand,0,0,1,0.96,1,4.52,Additional 50% Reduction,Belize,BLZ,2020-07-04,v3
2020-04-13,ICU_incidence,0,0,0,0,0,0,Additional 50% Reduction,Belize,BLZ,2020-07-04,v3
2020-04-13,infections,0,1,3,4.64,6,21.15,Additional 50% Reduction,Belize,BLZ,2020-07-04,v3
2020-04-13,Rt,0.01,0.03,0.04,0.08,0.11,0.41,Additional 50% Reduction,Belize,BLZ,2020-07-04,v3
2020-04-13,cumulative_infections,285.08,738.5,1428.5,1587.59,2119,4422.77,Maintain Status Quo,Belize,BLZ,2020-07-04,v3
2020-04-13,deaths,0,0,0,0.08,0,1,Maintain Status Quo,Belize,BLZ,2020-07-04,v3
2020-04-13,hospital_demand,0,2,4,4.64,7,12,Maintain Status Quo,Belize,BLZ,2020-07-04,v3
2020-04-13,hospital_incidence,0,0,0,0,0,0,Maintain Status Quo,Belize,BLZ,2020-07-04,v3
2020-04-13,ICU_demand,0,0,1,0.96,1,4.52,Maintain Status Quo,Belize,BLZ,2020-07-04,v3
2020-04-13,ICU_incidence,0,0,0,0,0,0,Maintain Status Quo,Belize,BLZ,2020-07-04,v3
2020-04-13,infections,0,1,3,4.64,6,21.15,Maintain Status Quo,Belize,BLZ,2020-07-04,v3
2020-04-13,Rt,0.01,0.03,0.04,0.08,0.11,0.41,Maintain Status Quo,Belize,BLZ,2020-07-04,v3
2020-04-13,cumulative_infections,285.08,738.5,1428.5,1587.59,2119,4422.77,Relax Interventions 50%,Belize,BLZ,2020-07-04,v3
2020-04-13,deaths,0,0,0,0.08,0,1,Relax Interventions 50%,Belize,BLZ,2020-07-04,v3
2020-04-13,hospital_demand,0,2,4,4.64,7,12,Relax Interventions 50%,Belize,BLZ,2020-07-04,v3
2020-04-13,hospital_incidence,0,0,0,0,0,0,Relax Interventions 50%,Belize,BLZ,2020-07-04,v3
2020-04-13,ICU_demand,0,0,1,0.96,1,4.52,Relax Interventions 50%,Belize,BLZ,2020-07-04,v3
2020-04-13,ICU_incidence,0,0,0,0,0,0,Relax Interventions 50%,Belize,BLZ,2020-07-04,v3
2020-04-13,infections,0,1,3,4.64,6,21.15,Relax Interventions 50%,Belize,BLZ,2020-07-04,v3
2020-04-13,Rt,0.01,0.03,0.04,0.08,0.11,0.41,Relax Interventions 50%,Belize,BLZ,2020-07-04,v3
2020-04-13,cumulative_infections,252.62,930.75,1353,1552.12,1809.5,4774.55,Surged Additional 50% Reduction,Belize,BLZ,2020-07-04,v3
2020-04-13,deaths,0,0,0,0.05,0,1,Surged Additional 50% Reduction,Belize,BLZ,2020-07-04,v3
2020-04-13,hospital_demand,0,2,4,4.77,7,13.62,Surged Additional 50% Reduction,Belize,BLZ,2020-07-04,v3
2020-04-13,hospital_incidence,0,0,0,0.02,0,0,Surged Additional 50% Reduction,Belize,BLZ,2020-07-04,v3
2020-04-13,ICU_demand,0,0,1,1.34,2,5.52,Surged Additional 50% Reduction,Belize,BLZ,2020-07-04,v3
2020-04-13,ICU_incidence,0,0,0,0,0,0,Surged Additional 50% Reduction,Belize,BLZ,2020-07-04,v3
2020-04-13,infections,0,1,3,4.78,7,20,Surged Additional 50% Reduction,Belize,BLZ,2020-07-04,v3
2020-04-13,Rt,0.01,0.02,0.04,0.08,0.11,0.28,Surged Additional 50% Reduction,Belize,BLZ,2020-07-04,v3
2020-04-13,cumulative_infections,252.62,930.75,1353,1552.12,1809.5,4774.55,Surged Maintain Status Quo,Belize,BLZ,2020-07-04,v3
2020-04-13,deaths,0,0,0,0.05,0,1,Surged Maintain Status Quo,Belize,BLZ,2020-07-04,v3
2020-04-13,hospital_demand,0,2,4,4.77,7,13.62,Surged Maintain Status Quo,Belize,BLZ,2020-07-04,v3
2020-04-13,hospital_incidence,0,0,0,0.02,0,0,Surged Maintain Status Quo,Belize,BLZ,2020-07-04,v3
2020-04-13,ICU_demand,0,0,1,1.34,2,5.52,Surged Maintain Status Quo,Belize,BLZ,2020-07-04,v3
2020-04-13,ICU_incidence,0,0,0,0,0,0,Surged Maintain Status Quo,Belize,BLZ,2020-07-04,v3
2020-04-13,infections,0,1,3,4.78,7,20,Surged Maintain Status Quo,Belize,BLZ,2020-07-04,v3
2020-04-13,Rt,0.01,0.02,0.04,0.08,0.11,0.28,Surged Maintain Status Quo,Belize,BLZ,2020-07-04,v3
2020-04-13,cumulative_infections,252.62,930.75,1353,1552.12,1809.5,4774.55,Surged Relax Interventions 50%,Belize,BLZ,2020-07-04,v3
2020-04-13,deaths,0,0,0,0.05,0,1,Surged Relax Interventions 50%,Belize,BLZ,2020-07-04,v3
2020-04-13,hospital_demand,0,2,4,4.77,7,13.62,Surged Relax Interventions 50%,Belize,BLZ,2020-07-04,v3
2020-04-13,hospital_incidence,0,0,0,0.02,0,0,Surged Relax Interventions 50%,Belize,BLZ,2020-07-04,v3
2020-04-13,ICU_demand,0,0,1,1.34,2,5.52,Surged Relax Interventions 50%,Belize,BLZ,2020-07-04,v3
2020-04-13,ICU_incidence,0,0,0,0,0,0,Surged Relax Interventions 50%,Belize,BLZ,2020-07-04,v3
2020-04-13,infections,0,1,3,4.78,7,20,Surged Relax Interventions 50%,Belize,BLZ,2020-07-04,v3
2020-04-13,Rt,0.01,0.02,0.04,0.08,0.11,0.28,Surged Relax Interventions 50%,Belize,BLZ,2020-07-04,v3
2020-04-14,cumulative_infections,285.6,741,1436.5,1591.94,2129,4425.35,Additional 50% Reduction,Belize,BLZ,2020-07-04,v3
2020-04-14,deaths,0,0,0,0.02,0,0,Additional 50% Reduction,Belize,BLZ,2020-07-04,v3
2020-04-14,hospital_demand,0,2,3,4.16,7,10,Additional 50% Reduction,Belize,BLZ,2020-07-04,v3
2020-04-14,hospital_incidence,0,0,0,0,0,0,Additional 50% Reduction,Belize,BLZ,2020-07-04,v3
2020-04-14,ICU_demand,0,0,1,0.92,1,3.52,Additional 50% Reduction,Belize,BLZ,2020-07-04,v3
2020-04-14,ICU_incidence,0,0,0,0,0,0,Additional 50% Reduction,Belize,BLZ,2020-07-04,v3
2020-04-14,infections,0,1,2,4.35,6,20,Additional 50% Reduction,Belize,BLZ,2020-07-04,v3
2020-04-14,Rt,0.03,0.07,0.11,0.16,0.21,0.59,Additional 50% Reduction,Belize,BLZ,2020-07-04,v3
2020-04-14,cumulative_infections,285.6,741,1436.5,1591.94,2129,4425.35,Maintain Status Quo,Belize,BLZ,2020-07-04,v3
2020-04-14,deaths,0,0,0,0.02,0,0,Maintain Status Quo,Belize,BLZ,2020-07-04,v3
2020-04-14,hospital_demand,0,2,3,4.16,7,10,Maintain Status Quo,Belize,BLZ,2020-07-04,v3
2020-04-14,hospital_incidence,0,0,0,0,0,0,Maintain Status Quo,Belize,BLZ,2020-07-04,v3
2020-04-14,ICU_demand,0,0,1,0.92,1,3.52,Maintain Status Quo,Belize,BLZ,2020-07-04,v3
2020-04-14,ICU_incidence,0,0,0,0,0,0,Maintain Status Quo,Belize,BLZ,2020-07-04,v3
2020-04-14,infections,0,1,2,4.35,6,20,Maintain Status Quo,Belize,BLZ,2020-07-04,v3
2020-04-14,Rt,0.03,0.07,0.11,0.16,0.21,0.59,Maintain Status Quo,Belize,BLZ,2020-07-04,v3
2020-04-14,cumulative_infections,285.6,741,1436.5,1591.94,2129,4425.35,Relax Interventions 50%,Belize,BLZ,2020-07-04,v3
2020-04-14,deaths,0,0,0,0.02,0,0,Relax Interventions 50%,Belize,BLZ,2020-07-04,v3
2020-04-14,hospital_demand,0,2,3,4.16,7,10,Relax Interventions 50%,Belize,BLZ,2020-07-04,v3
2020-04-14,hospital_incidence,0,0,0,0,0,0,Relax Interventions 50%,Belize,BLZ,2020-07-04,v3
2020-04-14,ICU_demand,0,0,1,0.92,1,3.52,Relax Interventions 50%,Belize,BLZ,2020-07-04,v3
2020-04-14,ICU_incidence,0,0,0,0,0,0,Relax Interventions 50%,Belize,BLZ,2020-07-04,v3
2020-04-14,infections,0,1,2,4.35,6,20,Relax Interventions 50%,Belize,BLZ,2020-07-04,v3
2020-04-14,Rt,0.03,0.07,0.11,0.16,0.21,0.59,Relax Interventions 50%,Belize,BLZ,2020-07-04,v3
2020-04-14,cumulative_infections,254.62,932.25,1354.5,1555.86,1814.5,4778.45,Surged Additional 50% Reduction,Belize,BLZ,2020-07-04,v3
2020-04-14,deaths,0,0,0,0.08,0,1,Surged Additional 50% Reduction,Belize,BLZ,2020-07-04,v3
2020-04-14,hospital_demand,0,2,3.5,4.29,6.25,12.57,Surged Additional 50% Reduction,Belize,BLZ,2020-07-04,v3
2020-04-14,hospital_incidence,0,0,0,0.01,0,0,Surged Additional 50% Reduction,Belize,BLZ,2020-07-04,v3
2020-04-14,ICU_demand,0,0,1,1.22,2,5,Surged Additional 50% Reduction,Belize,BLZ,2020-07-04,v3
2020-04-14,ICU_incidence,0,0,0,0.01,0,0,Surged Additional 50% Reduction,Belize,BLZ,2020-07-04,v3
2020-04-14,infections,0,0.75,2,3.74,6,17.05,Surged Additional 50% Reduction,Belize,BLZ,2020-07-04,v3
2020-04-14,Rt,0.02,0.06,0.11,0.15,0.22,0.45,Surged Additional 50% Reduction,Belize,BLZ,2020-07-04,v3
2020-04-14,cumulative_infections,254.62,932.25,1354.5,1555.86,1814.5,4778.45,Surged Maintain Status Quo,Belize,BLZ,2020-07-04,v3
2020-04-14,deaths,0,0,0,0.08,0,1,Surged Maintain Status Quo,Belize,BLZ,2020-07-04,v3
2020-04-14,hospital_demand,0,2,3.5,4.29,6.25,12.57,Surged Maintain Status Quo,Belize,BLZ,2020-07-04,v3
2020-04-14,hospital_incidence,0,0,0,0.01,0,0,Surged Maintain Status Quo,Belize,BLZ,2020-07-04,v3
2020-04-14,ICU_demand,0,0,1,1.22,2,5,Surged Maintain Status Quo,Belize,BLZ,2020-07-04,v3
2020-04-14,ICU_incidence,0,0,0,0.01,0,0,Surged Maintain Status Quo,Belize,BLZ,2020-07-04,v3
2020-04-14,infections,0,0.75,2,3.74,6,17.05,Surged Maintain Status Quo,Belize,BLZ,2020-07-04,v3
2020-04-14,Rt,0.02,0.06,0.11,0.15,0.22,0.45,Surged Maintain Status Quo,Belize,BLZ,2020-07-04,v3
2020-04-14,cumulative_infections,254.62,932.25,1354.5,1555.86,1814.5,4778.45,Surged Relax Interventions 50%,Belize,BLZ,2020-07-04,v3
2020-04-14,deaths,0,0,0,0.08,0,1,Surged Relax Interventions 50%,Belize,BLZ,2020-07-04,v3
2020-04-14,hospital_demand,0,2,3.5,4.29,6.25,12.57,Surged Relax Interventions 50%,Belize,BLZ,2020-07-04,v3
2020-04-14,hospital_incidence,0,0,0,0.01,0,0,Surged Relax Interventions 50%,Belize,BLZ,2020-07-04,v3
2020-04-14,ICU_demand,0,0,1,1.22,2,5,Surged Relax Interventions 50%,Belize,BLZ,2020-07-04,v3
2020-04-14,ICU_incidence,0,0,0,0.01,0,0,Surged Relax Interventions 50%,Belize,BLZ,2020-07-04,v3
2020-04-14,infections,0,0.75,2,3.74,6,17.05,Surged Relax Interventions 50%,Belize,BLZ,2020-07-04,v3
2020-04-14,Rt,0.02,0.06,0.11,0.15,0.22,0.45,Surged Relax Interventions 50%,Belize,BLZ,2020-07-04,v3
2020-04-15,cumulative_infections,286.6,741.75,1440,1595.1,2136.5,4428.35,Additional 50% Reduction,Belize,BLZ,2020-07-04,v3
2020-04-15,deaths,0,0,0,0.07,0,1,Additional 50% Reduction,Belize,BLZ,2020-07-04,v3
2020-04-15,hospital_demand,0,1,3,3.67,6,10.52,Additional 50% Reduction,Belize,BLZ,2020-07-04,v3
2020-04-15,hospital_incidence,0,0,0,0,0,0,Additional 50% Reduction,Belize,BLZ,2020-07-04,v3
2020-04-15,ICU_demand,0,0,0,0.83,1,3.52,Additional 50% Reduction,Belize,BLZ,2020-07-04,v3
2020-04-15,ICU_incidence,0,0,0,0,0,0,Additional 50% Reduction,Belize,BLZ,2020-07-04,v3
2020-04-15,infections,0,0,1,3.16,4,17.52,Additional 50% Reduction,Belize,BLZ,2020-07-04,v3
2020-04-15,Rt,0.03,0.07,0.11,0.17,0.22,0.6,Additional 50% Reduction,Belize,BLZ,2020-07-04,v3
2020-04-15,cumulative_infections,286.6,741.75,1440,1595.1,2136.5,4428.35,Maintain Status Quo,Belize,BLZ,2020-07-04,v3
2020-04-15,deaths,0,0,0,0.07,0,1,Maintain Status Quo,Belize,BLZ,2020-07-04,v3
2020-04-15,hospital_demand,0,1,3,3.67,6,10.52,Maintain Status Quo,Belize,BLZ,2020-07-04,v3
2020-04-15,hospital_incidence,0,0,0,0,0,0,Maintain Status Quo,Belize,BLZ,2020-07-04,v3
2020-04-15,ICU_demand,0,0,0,0.83,1,3.52,Maintain Status Quo,Belize,BLZ,2020-07-04,v3
2020-04-15,ICU_incidence,0,0,0,0,0,0,Maintain Status Quo,Belize,BLZ,2020-07-04,v3
2020-04-15,infections,0,0,1,3.16,4,17.52,Maintain Status Quo,Belize,BLZ,2020-07-04,v3
2020-04-15,Rt,0.03,0.07,0.11,0.17,0.22,0.6,Maintain Status Quo,Belize,BLZ,2020-07-04,v3
2020-04-15,cumulative_infections,286.6,741.75,1440,1595.1,2136.5,4428.35,Relax Interventions 50%,Belize,BLZ,2020-07-04,v3
2020-04-15,deaths,0,0,0,0.07,0,1,Relax Interventions 50%,Belize,BLZ,2020-07-04,v3
2020-04-15,hospital_demand,0,1,3,3.67,6,10.52,Relax Interventions 50%,Belize,BLZ,2020-07-04,v3
2020-04-15,hospital_incidence,0,0,0,0,0,0,Relax Interventions 50%,Belize,BLZ,2020-07-04,v3
2020-04-15,ICU_demand,0,0,0,0.83,1,3.52,Relax Interventions 50%,Belize,BLZ,2020-07-04,v3
2020-04-15,ICU_incidence,0,0,0,0,0,0,Relax Interventions 50%,Belize,BLZ,2020-07-04,v3
2020-04-15,infections,0,0,1,3.16,4,17.52,Relax Interventions 50%,Belize,BLZ,2020-07-04,v3
2020-04-15,Rt,0.03,0.07,0.11,0.17,0.22,0.6,Relax Interventions 50%,Belize,BLZ,2020-07-04,v3
2020-04-15,cumulative_infections,255.1,932.75,1356,1558.62,1815.5,4779.5,Surged Additional 50% Reduction,Belize,BLZ,2020-07-04,v3
2020-04-15,deaths,0,0,0,0.06,0,1,Surged Additional 50% Reduction,Belize,BLZ,2020-07-04,v3
2020-04-15,hospital_demand,0,2,4,3.95,6,11.1,Surged Additional 50% Reduction,Belize,BLZ,2020-07-04,v3
2020-04-15,hospital_incidence,0,0,0,0.01,0,0,Surged Additional 50% Reduction,Belize,BLZ,2020-07-04,v3
2020-04-15,ICU_demand,0,0,1,1.08,2,4,Surged Additional 50% Reduction,Belize,BLZ,2020-07-04,v3
2020-04-15,ICU_incidence,0,0,0,0,0,0,Surged Additional 50% Reduction,Belize,BLZ,2020-07-04,v3
2020-04-15,infections,0,0,2,2.76,3.25,12.52,Surged Additional 50% Reduction,Belize,BLZ,2020-07-04,v3
2020-04-15,Rt,0.02,0.07,0.12,0.16,0.24,0.46,Surged Additional 50% Reduction,Belize,BLZ,2020-07-04,v3
2020-04-15,cumulative_infections,255.1,932.75,1356,1558.62,1815.5,4779.5,Surged Maintain Status Quo,Belize,BLZ,2020-07-04,v3
2020-04-15,deaths,0,0,0,0.06,0,1,Surged Maintain Status Quo,Belize,BLZ,2020-07-04,v3
2020-04-15,hospital_demand,0,2,4,3.95,6,11.1,Surged Maintain Status Quo,Belize,BLZ,2020-07-04,v3
2020-04-15,hospital_incidence,0,0,0,0.01,0,0,Surged Maintain Status Quo,Belize,BLZ,2020-07-04,v3
2020-04-15,ICU_demand,0,0,1,1.08,2,4,Surged Maintain Status Quo,Belize,BLZ,2020-07-04,v3
2020-04-15,ICU_incidence,0,0,0,0,0,0,Surged Maintain Status Quo,Belize,BLZ,2020-07-04,v3
2020-04-15,infections,0,0,2,2.76,3.25,12.52,Surged Maintain Status Quo,Belize,BLZ,2020-07-04,v3
2020-04-15,Rt,0.02,0.07,0.12,0.16,0.24,0.46,Surged Maintain Status Quo,Belize,BLZ,2020-07-04,v3
2020-04-15,cumulative_infections,255.1,932.75,1356,1558.62,1815.5,4779.5,Surged Relax Interventions 50%,Belize,BLZ,2020-07-04,v3
2020-04-15,deaths,0,0,0,0.06,0,1,Surged Relax Interventions 50%,Belize,BLZ,2020-07-04,v3
2020-04-15,hospital_demand,0,2,4,3.95,6,11.1,Surged Relax Interventions 50%,Belize,BLZ,2020-07-04,v3
2020-04-15,hospital_incidence,0,0,0,0.01,0,0,Surged Relax Interventions 50%,Belize,BLZ,2020-07-04,v3
2020-04-15,ICU_demand,0,0,1,1.08,2,4,Surged Relax Interventions 50%,Belize,BLZ,2020-07-04,v3
2020-04-15,ICU_incidence,0,0,0,0,0,0,Surged Relax Interventions 50%,Belize,BLZ,2020-07-04,v3
2020-04-15,infections,0,0,2,2.76,3.25,12.52,Surged Relax Interventions 50%,Belize,BLZ,2020-07-04,v3
2020-04-15,Rt,0.02,0.07,0.12,0.16,0.24,0.46,Surged Relax Interventions 50%,Belize,BLZ,2020-07-04,v3
2020-04-16,cumulative_infections,286.6,745.75,1443,1598.16,2141.25,4430.92,Additional 50% Reduction,Belize,BLZ,2020-07-04,v3
2020-04-16,deaths,0,0,0,0.03,0,0.52,Additional 50% Reduction,Belize,BLZ,2020-07-04,v3
2020-04-16,hospital_demand,0,1,3,3.39,5.25,9,Additional 50% Reduction,Belize,BLZ,2020-07-04,v3
2020-04-16,hospital_incidence,0,0,0,0.01,0,0,Additional 50% Reduction,Belize,BLZ,2020-07-04,v3
2020-04-16,ICU_demand,0,0,0,0.76,1,3,Additional 50% Reduction,Belize,BLZ,2020-07-04,v3
2020-04-16,ICU_incidence,0,0,0,0,0,0,Additional 50% Reduction,Belize,BLZ,2020-07-04,v3
2020-04-16,infections,0,0,1,3.06,3,17.05,Additional 50% Reduction,Belize,BLZ,2020-07-04,v3
2020-04-16,Rt,0.03,0.07,0.11,0.17,0.22,0.6,Additional 50% Reduction,Belize,BLZ,2020-07-04,v3
2020-04-16,cumulative_infections,286.6,745.75,1443,1598.16,2141.25,4430.92,Maintain Status Quo,Belize,BLZ,2020-07-04,v3
2020-04-16,deaths,0,0,0,0.03,0,0.52,Maintain Status Quo,Belize,BLZ,2020-07-04,v3
2020-04-16,hospital_demand,0,1,3,3.39,5.25,9,Maintain Status Quo,Belize,BLZ,2020-07-04,v3
2020-04-16,hospital_incidence,0,0,0,0.01,0,0,Maintain Status Quo,Belize,BLZ,2020-07-04,v3
2020-04-16,ICU_demand,0,0,0,0.76,1,3,Maintain Status Quo,Belize,BLZ,2020-07-04,v3
2020-04-16,ICU_incidence,0,0,0,0,0,0,Maintain Status Quo,Belize,BLZ,2020-07-04,v3
2020-04-16,infections,0,0,1,3.06,3,17.05,Maintain Status Quo,Belize,BLZ,2020-07-04,v3
2020-04-16,Rt,0.03,0.07,0.11,0.17,0.22,0.6,Maintain Status Quo,Belize,BLZ,2020-07-04,v3
2020-04-16,cumulative_infections,286.6,745.75,1443,1598.16,2141.25,4430.92,Relax Interventions 50%,Belize,BLZ,2020-07-04,v3
2020-04-16,deaths,0,0,0,0.03,0,0.52,Relax Interventions 50%,Belize,BLZ,2020-07-04,v3
2020-04-16,hospital_demand,0,1,3,3.39,5.25,9,Relax Interventions 50%,Belize,BLZ,2020-07-04,v3
2020-04-16,hospital_incidence,0,0,0,0.01,0,0,Relax Interventions 50%,Belize,BLZ,2020-07-04,v3
2020-04-16,ICU_demand,0,0,0,0.76,1,3,Relax Interventions 50%,Belize,BLZ,2020-07-04,v3
2020-04-16,ICU_incidence,0,0,0,0,0,0,Relax Interventions 50%,Belize,BLZ,2020-07-04,v3
2020-04-16,infections,0,0,1,3.06,3,17.05,Relax Interventions 50%,Belize,BLZ,2020-07-04,v3
2020-04-16,Rt,0.03,0.07,0.11,0.17,0.22,0.6,Relax Interventions 50%,Belize,BLZ,2020-07-04,v3
2020-04-16,cumulative_infections,255.57,933,1356.5,1560.89,1818.5,4780.97,Surged Additional 50% Reduction,Belize,BLZ,2020-07-04,v3
2020-04-16,deaths,0,0,0,0.04,0,1,Surged Additional 50% Reduction,Belize,BLZ,2020-07-04,v3
2020-04-16,hospital_demand,0,2,3,3.66,5,9,Surged Additional 50% Reduction,Belize,BLZ,2020-07-04,v3
2020-04-16,hospital_incidence,0,0,0,0,0,0,Surged Additional 50% Reduction,Belize,BLZ,2020-07-04,v3
2020-04-16,ICU_demand,0,0,1,1,1,4,Surged Additional 50% Reduction,Belize,BLZ,2020-07-04,v3
2020-04-16,ICU_incidence,0,0,0,0,0,0,Surged Additional 50% Reduction,Belize,BLZ,2020-07-04,v3
2020-04-16,infections,0,0,1,2.27,3,12.05,Surged Additional 50% Reduction,Belize,BLZ,2020-07-04,v3
2020-04-16,Rt,0.02,0.07,0.12,0.16,0.24,0.46,Surged Additional 50% Reduction,Belize,BLZ,2020-07-04,v3
2020-04-16,cumulative_infections,255.57,933,1356.5,1560.89,1818.5,4780.97,Surged Maintain Status Quo,Belize,BLZ,2020-07-04,v3
2020-04-16,deaths,0,0,0,0.04,0,1,Surged Maintain Status Quo,Belize,BLZ,2020-07-04,v3
2020-04-16,hospital_demand,0,2,3,3.66,5,9,Surged Maintain Status Quo,Belize,BLZ,2020-07-04,v3
2020-04-16,hospital_incidence,0,0,0,0,0,0,Surged Maintain Status Quo,Belize,BLZ,2020-07-04,v3
2020-04-16,ICU_demand,0,0,1,1,1,4,Surged Maintain Status Quo,Belize,BLZ,2020-07-04,v3
2020-04-16,ICU_incidence,0,0,0,0,0,0,Surged Maintain Status Quo,Belize,BLZ,2020-07-04,v3
2020-04-16,infections,0,0,1,2.27,3,12.05,Surged Maintain Status Quo,Belize,BLZ,2020-07-04,v3
2020-04-16,Rt,0.02,0.07,0.12,0.16,0.24,0.46,Surged Maintain Status Quo,Belize,BLZ,2020-07-04,v3
2020-04-16,cumulative_infections,255.57,933,1356.5,1560.89,1818.5,4780.97,Surged Relax Interventions 50%,Belize,BLZ,2020-07-04,v3
2020-04-16,deaths,0,0,0,0.04,0,1,Surged Relax Interventions 50%,Belize,BLZ,2020-07-04,v3
2020-04-16,hospital_demand,0,2,3,3.66,5,9,Surged Relax Interventions 50%,Belize,BLZ,2020-07-04,v3
2020-04-16,hospital_incidence,0,0,0,0,0,0,Surged Relax Interventions 50%,Belize,BLZ,2020-07-04,v3
2020-04-16,ICU_demand,0,0,1,1,1,4,Surged Relax Interventions 50%,Belize,BLZ,2020-07-04,v3
2020-04-16,ICU_incidence,0,0,0,0,0,0,Surged Relax Interventions 50%,Belize,BLZ,2020-07-04,v3
2020-04-16,infections,0,0,1,2.27,3,12.05,Surged Relax Interventions 50%,Belize,BLZ,2020-07-04,v3
2020-04-16,Rt,0.02,0.07,0.12,0.16,0.24,0.46,Surged Relax Interventions 50%,Belize,BLZ,2020-07-04,v3
2020-04-17,cumulative_infections,286.6,746,1448,1600.53,2144.75,4431.92,Additional 50% Reduction,Belize,BLZ,2020-07-04,v3
2020-04-17,deaths,0,0,0,0.05,0,1,Additional 50% Reduction,Belize,BLZ,2020-07-04,v3
2020-04-17,hospital_demand,0,1,3,3.05,4.25,9,Additional 50% Reduction,Belize,BLZ,2020-07-04,v3
2020-04-17,hospital_incidence,0,0,0,0,0,0,Additional 50% Reduction,Belize,BLZ,2020-07-04,v3
2020-04-17,ICU_demand,0,0,0,0.73,1,3,Additional 50% Reduction,Belize,BLZ,2020-07-04,v3
2020-04-17,ICU_incidence,0,0,0,0,0,0,Additional 50% Reduction,Belize,BLZ,2020-07-04,v3
2020-04-17,infections,0,0,1,2.37,3,15.62,Additional 50% Reduction,Belize,BLZ,2020-07-04,v3
2020-04-17,Rt,0.03,0.07,0.11,0.17,0.22,0.6,Additional 50% Reduction,Belize,BLZ,2020-07-04,v3
2020-04-17,cumulative_infections,286.6,746,1448,1600.53,2144.75,4431.92,Maintain Status Quo,Belize,BLZ,2020-07-04,v3
2020-04-17,deaths,0,0,0,0.05,0,1,Maintain Status Quo,Belize,BLZ,2020-07-04,v3
2020-04-17,hospital_demand,0,1,3,3.05,4.25,9,Maintain Status Quo,Belize,BLZ,2020-07-04,v3
2020-04-17,hospital_incidence,0,0,0,0,0,0,Maintain Status Quo,Belize,BLZ,2020-07-04,v3
2020-04-17,ICU_demand,0,0,0,0.73,1,3,Maintain Status Quo,Belize,BLZ,2020-07-04,v3
2020-04-17,ICU_incidence,0,0,0,0,0,0,Maintain Status Quo,Belize,BLZ,2020-07-04,v3
2020-04-17,infections,0,0,1,2.37,3,15.62,Maintain Status Quo,Belize,BLZ,2020-07-04,v3
2020-04-17,Rt,0.03,0.07,0.11,0.17,0.22,0.6,Maintain Status Quo,Belize,BLZ,2020-07-04,v3
2020-04-17,cumulative_infections,286.6,746,1448,1600.53,2144.75,4431.92,Relax Interventions 50%,Belize,BLZ,2020-07-04,v3
2020-04-17,deaths,0,0,0,0.05,0,1,Relax Interventions 50%,Belize,BLZ,2020-07-04,v3
2020-04-17,hospital_demand,0,1,3,3.05,4.25,9,Relax Interventions 50%,Belize,BLZ,2020-07-04,v3
2020-04-17,hospital_incidence,0,0,0,0,0,0,Relax Interventions 50%,Belize,BLZ,2020-07-04,v3
2020-04-17,ICU_demand,0,0,0,0.73,1,3,Relax Interventions 50%,Belize,BLZ,2020-07-04,v3
2020-04-17,ICU_incidence,0,0,0,0,0,0,Relax Interventions 50%,Belize,BLZ,2020-07-04,v3
2020-04-17,infections,0,0,1,2.37,3,15.62,Relax Interventions 50%,Belize,BLZ,2020-07-04,v3
2020-04-17,Rt,0.03,0.07,0.11,0.17,0.22,0.6,Relax Interventions 50%,Belize,BLZ,2020-07-04,v3
2020-04-17,cumulative_infections,257.53,933,1356.5,1562.93,1819.25,4782.45,Surged Additional 50% Reduction,Belize,BLZ,2020-07-04,v3
2020-04-17,deaths,0,0,0,0.05,0,1,Surged Additional 50% Reduction,Belize,BLZ,2020-07-04,v3
2020-04-17,hospital_demand,0,1,3,3.25,4,9,Surged Additional 50% Reduction,Belize,BLZ,2020-07-04,v3
2020-04-17,hospital_incidence,0,0,0,0,0,0,Surged Additional 50% Reduction,Belize,BLZ,2020-07-04,v3
2020-04-17,ICU_demand,0,0,1,0.89,1,4,Surged Additional 50% Reduction,Belize,BLZ,2020-07-04,v3
2020-04-17,ICU_incidence,0,0,0,0,0,0,Surged Additional 50% Reduction,Belize,BLZ,2020-07-04,v3
2020-04-17,infections,0,0,1,2.04,2.25,11,Surged Additional 50% Reduction,Belize,BLZ,2020-07-04,v3
2020-04-17,Rt,0.02,0.07,0.12,0.16,0.24,0.46,Surged Additional 50% Reduction,Belize,BLZ,2020-07-04,v3
2020-04-17,cumulative_infections,257.53,933,1356.5,1562.93,1819.25,4782.45,Surged Maintain Status Quo,Belize,BLZ,2020-07-04,v3
2020-04-17,deaths,0,0,0,0.05,0,1,Surged Maintain Status Quo,Belize,BLZ,2020-07-04,v3
2020-04-17,hospital_demand,0,1,3,3.25,4,9,Surged Maintain Status Quo,Belize,BLZ,2020-07-04,v3
2020-04-17,hospital_incidence,0,0,0,0,0,0,Surged Maintain Status Quo,Belize,BLZ,2020-07-04,v3
2020-04-17,ICU_demand,0,0,1,0.89,1,4,Surged Maintain Status Quo,Belize,BLZ,2020-07-04,v3
2020-04-17,ICU_incidence,0,0,0,0,0,0,Surged Maintain Status Quo,Belize,BLZ,2020-07-04,v3
2020-04-17,infections,0,0,1,2.04,2.25,11,Surged Maintain Status Quo,Belize,BLZ,2020-07-04,v3
2020-04-17,Rt,0.02,0.07,0.12,0.16,0.24,0.46,Surged Maintain Status Quo,Belize,BLZ,2020-07-04,v3
2020-04-17,cumulative_infections,257.53,933,1356.5,1562.93,1819.25,4782.45,Surged Relax Interventions 50%,Belize,BLZ,2020-07-04,v3
2020-04-17,deaths,0,0,0,0.05,0,1,Surged Relax Interventions 50%,Belize,BLZ,2020-07-04,v3
2020-04-17,hospital_demand,0,1,3,3.25,4,9,Surged Relax Interventions 50%,Belize,BLZ,2020-07-04,v3
2020-04-17,hospital_incidence,0,0,0,0,0,0,Surged Relax Interventions 50%,Belize,BLZ,2020-07-04,v3
2020-04-17,ICU_demand,0,0,1,0.89,1,4,Surged Relax Interventions 50%,Belize,BLZ,2020-07-04,v3
2020-04-17,ICU_incidence,0,0,0,0,0,0,Surged Relax Interventions 50%,Belize,BLZ,2020-07-04,v3
2020-04-17,infections,0,0,1,2.04,2.25,11,Surged Relax Interventions 50%,Belize,BLZ,2020-07-04,v3
2020-04-17,Rt,0.02,0.07,0.12,0.16,0.24,0.46,Surged Relax Interventions 50%,Belize,BLZ,2020-07-04,v3
2020-04-18,cumulative_infections,286.6,746,1451.5,1602.54,2149.75,4432.87,Additional 50% Reduction,Belize,BLZ,2020-07-04,v3
2020-04-18,deaths,0,0,0,0.01,0,0,Additional 50% Reduction,Belize,BLZ,2020-07-04,v3
2020-04-18,hospital_demand,0,1,2,2.75,4,8,Additional 50% Reduction,Belize,BLZ,2020-07-04,v3
2020-04-18,hospital_incidence,0,0,0,0,0,0,Additional 50% Reduction,Belize,BLZ,2020-07-04,v3
2020-04-18,ICU_demand,0,0,0,0.68,1,3,Additional 50% Reduction,Belize,BLZ,2020-07-04,v3
2020-04-18,ICU_incidence,0,0,0,0,0,0,Additional 50% Reduction,Belize,BLZ,2020-07-04,v3
2020-04-18,infections,0,0,0.5,2.01,2,11,Additional 50% Reduction,Belize,BLZ,2020-07-04,v3
2020-04-18,Rt,0.03,0.08,0.12,0.18,0.23,0.61,Additional 50% Reduction,Belize,BLZ,2020-07-04,v3
2020-04-18,cumulative_infections,286.6,746,1451.5,1602.54,2149.75,4432.87,Maintain Status Quo,Belize,BLZ,2020-07-04,v3
2020-04-18,deaths,0,0,0,0.01,0,0,Maintain Status Quo,Belize,BLZ,2020-07-04,v3
2020-04-18,hospital_demand,0,1,2,2.75,4,8,Maintain Status Quo,Belize,BLZ,2020-07-04,v3
2020-04-18,hospital_incidence,0,0,0,0,0,0,Maintain Status Quo,Belize,BLZ,2020-07-04,v3
2020-04-18,ICU_demand,0,0,0,0.68,1,3,Maintain Status Quo,Belize,BLZ,2020-07-04,v3
2020-04-18,ICU_incidence,0,0,0,0,0,0,Maintain Status Quo,Belize,BLZ,2020-07-04,v3
2020-04-18,infections,0,0,0.5,2.01,2,11,Maintain Status Quo,Belize,BLZ,2020-07-04,v3
2020-04-18,Rt,0.03,0.08,0.12,0.18,0.23,0.61,Maintain Status Quo,Belize,BLZ,2020-07-04,v3
2020-04-18,cumulative_infections,286.6,746,1451.5,1602.54,2149.75,4432.87,Relax Interventions 50%,Belize,BLZ,2020-07-04,v3
2020-04-18,deaths,0,0,0,0.01,0,0,Relax Interventions 50%,Belize,BLZ,2020-07-04,v3
2020-04-18,hospital_demand,0,1,2,2.75,4,8,Relax Interventions 50%,Belize,BLZ,2020-07-04,v3
2020-04-18,hospital_incidence,0,0,0,0,0,0,Relax Interventions 50%,Belize,BLZ,2020-07-04,v3
2020-04-18,ICU_demand,0,0,0,0.68,1,3,Relax Interventions 50%,Belize,BLZ,2020-07-04,v3
2020-04-18,ICU_incidence,0,0,0,0,0,0,Relax Interventions 50%,Belize,BLZ,2020-07-04,v3
2020-04-18,infections,0,0,0.5,2.01,2,11,Relax Interventions 50%,Belize,BLZ,2020-07-04,v3
2020-04-18,Rt,0.03,0.08,0.12,0.18,0.23,0.61,Relax Interventions 50%,Belize,BLZ,2020-07-04,v3
2020-04-18,cumulative_infections,257.53,934,1356.5,1564.65,1819.25,4782.45,Surged Additional 50% Reduction,Belize,BLZ,2020-07-04,v3
2020-04-18,deaths,0,0,0,0.05,0,1,Surged Additional 50% Reduction,Belize,BLZ,2020-07-04,v3
2020-04-18,hospital_demand,0,1,3,2.95,4,7.52,Surged Additional 50% Reduction,Belize,BLZ,2020-07-04,v3
2020-04-18,hospital_incidence,0,0,0,0,0,0,Surged Additional 50% Reduction,Belize,BLZ,2020-07-04,v3
2020-04-18,ICU_demand,0,0,1,0.78,1,3.52,Surged Additional 50% Reduction,Belize,BLZ,2020-07-04,v3
2020-04-18,ICU_incidence,0,0,0,0,0,0,Surged Additional 50% Reduction,Belize,BLZ,2020-07-04,v3
2020-04-18,infections,0,0,1,1.72,2,9.52,Surged Additional 50% Reduction,Belize,BLZ,2020-07-04,v3
2020-04-18,Rt,0.03,0.07,0.13,0.17,0.25,0.48,Surged Additional 50% Reduction,Belize,BLZ,2020-07-04,v3
2020-04-18,cumulative_infections,257.53,934,1356.5,1564.65,1819.25,4782.45,Surged Maintain Status Quo,Belize,BLZ,2020-07-04,v3
2020-04-18,deaths,0,0,0,0.05,0,1,Surged Maintain Status Quo,Belize,BLZ,2020-07-04,v3
2020-04-18,hospital_demand,0,1,3,2.95,4,7.52,Surged Maintain Status Quo,Belize,BLZ,2020-07-04,v3
2020-04-18,hospital_incidence,0,0,0,0,0,0,Surged Maintain Status Quo,Belize,BLZ,2020-07-04,v3
2020-04-18,ICU_demand,0,0,1,0.78,1,3.52,Surged Maintain Status Quo,Belize,BLZ,2020-07-04,v3
2020-04-18,ICU_incidence,0,0,0,0,0,0,Surged Maintain Status Quo,Belize,BLZ,2020-07-04,v3
2020-04-18,infections,0,0,1,1.72,2,9.52,Surged Maintain Status Quo,Belize,BLZ,2020-07-04,v3
2020-04-18,Rt,0.03,0.07,0.13,0.17,0.25,0.48,Surged Maintain Status Quo,Belize,BLZ,2020-07-04,v3
2020-04-18,cumulative_infections,257.53,934,1356.5,1564.65,1819.25,4782.45,Surged Relax Interventions 50%,Belize,BLZ,2020-07-04,v3
2020-04-18,deaths,0,0,0,0.05,0,1,Surged Relax Interventions 50%,Belize,BLZ,2020-07-04,v3
2020-04-18,hospital_demand,0,1,3,2.95,4,7.52,Surged Relax Interventions 50%,Belize,BLZ,2020-07-04,v3
2020-04-18,hospital_incidence,0,0,0,0,0,0,Surged Relax Interventions 50%,Belize,BLZ,2020-07-04,v3
2020-04-18,ICU_demand,0,0,1,0.78,1,3.52,Surged Relax Interventions 50%,Belize,BLZ,2020-07-04,v3
2020-04-18,ICU_incidence,0,0,0,0,0,0,Surged Relax Interventions 50%,Belize,BLZ,2020-07-04,v3
2020-04-18,infections,0,0,1,1.72,2,9.52,Surged Relax Interventions 50%,Belize,BLZ,2020-07-04,v3
2020-04-18,Rt,0.03,0.07,0.13,0.17,0.25,0.48,Surged Relax Interventions 50%,Belize,BLZ,2020-07-04,v3
2020-04-19,cumulative_infections,286.6,746,1455.5,1604.29,2150.5,4433.87,Additional 50% Reduction,Belize,BLZ,2020-07-04,v3
2020-04-19,deaths,0,0,0,0.02,0,0,Additional 50% Reduction,Belize,BLZ,2020-07-04,v3
2020-04-19,hospital_demand,0,1,2,2.45,3.25,8,Additional 50% Reduction,Belize,BLZ,2020-07-04,v3
2020-04-19,hospital_incidence,0,0,0,0,0,0,Additional 50% Reduction,Belize,BLZ,2020-07-04,v3
2020-04-19,ICU_demand,0,0,0,0.64,1,3,Additional 50% Reduction,Belize,BLZ,2020-07-04,v3
2020-04-19,ICU_incidence,0,0,0,0,0,0,Additional 50% Reduction,Belize,BLZ,2020-07-04,v3
2020-04-19,infections,0,0,1,1.75,2,12.52,Additional 50% Reduction,Belize,BLZ,2020-07-04,v3
2020-04-19,Rt,0,0.01,0.03,0.08,0.08,0.5,Additional 50% Reduction,Belize,BLZ,2020-07-04,v3
2020-04-19,cumulative_infections,286.6,746,1455.5,1604.29,2150.5,4433.87,Maintain Status Quo,Belize,BLZ,2020-07-04,v3
2020-04-19,deaths,0,0,0,0.02,0,0,Maintain Status Quo,Belize,BLZ,2020-07-04,v3
2020-04-19,hospital_demand,0,1,2,2.45,3.25,8,Maintain Status Quo,Belize,BLZ,2020-07-04,v3
2020-04-19,hospital_incidence,0,0,0,0,0,0,Maintain Status Quo,Belize,BLZ,2020-07-04,v3
2020-04-19,ICU_demand,0,0,0,0.64,1,3,Maintain Status Quo,Belize,BLZ,2020-07-04,v3
2020-04-19,ICU_incidence,0,0,0,0,0,0,Maintain Status Quo,Belize,BLZ,2020-07-04,v3
2020-04-19,infections,0,0,1,1.75,2,12.52,Maintain Status Quo,Belize,BLZ,2020-07-04,v3
2020-04-19,Rt,0,0.01,0.03,0.08,0.08,0.5,Maintain Status Quo,Belize,BLZ,2020-07-04,v3
2020-04-19,cumulative_infections,286.6,746,1455.5,1604.29,2150.5,4433.87,Relax Interventions 50%,Belize,BLZ,2020-07-04,v3
2020-04-19,deaths,0,0,0,0.02,0,0,Relax Interventions 50%,Belize,BLZ,2020-07-04,v3
2020-04-19,hospital_demand,0,1,2,2.45,3.25,8,Relax Interventions 50%,Belize,BLZ,2020-07-04,v3
2020-04-19,hospital_incidence,0,0,0,0,0,0,Relax Interventions 50%,Belize,BLZ,2020-07-04,v3
2020-04-19,ICU_demand,0,0,0,0.64,1,3,Relax Interventions 50%,Belize,BLZ,2020-07-04,v3
2020-04-19,ICU_incidence,0,0,0,0,0,0,Relax Interventions 50%,Belize,BLZ,2020-07-04,v3
2020-04-19,infections,0,0,1,1.75,2,12.52,Relax Interventions 50%,Belize,BLZ,2020-07-04,v3
2020-04-19,Rt,0,0.01,0.03,0.08,0.08,0.5,Relax Interventions 50%,Belize,BLZ,2020-07-04,v3
2020-04-19,cumulative_infections,258.48,934,1357,1566.22,1820.25,4782.92,Surged Additional 50% Reduction,Belize,BLZ,2020-07-04,v3
2020-04-19,deaths,0,0,0,0.04,0,1,Surged Additional 50% Reduction,Belize,BLZ,2020-07-04,v3
2020-04-19,hospital_demand,0,1,2.5,2.71,4,8.05,Surged Additional 50% Reduction,Belize,BLZ,2020-07-04,v3
2020-04-19,hospital_incidence,0,0,0,0,0,0,Surged Additional 50% Reduction,Belize,BLZ,2020-07-04,v3
2020-04-19,ICU_demand,0,0,0.5,0.68,1,3,Surged Additional 50% Reduction,Belize,BLZ,2020-07-04,v3
2020-04-19,ICU_incidence,0,0,0,0,0,0,Surged Additional 50% Reduction,Belize,BLZ,2020-07-04,v3
2020-04-19,infections,0,0,0,1.57,2,11.52,Surged Additional 50% Reduction,Belize,BLZ,2020-07-04,v3
2020-04-19,Rt,0,0.01,0.04,0.08,0.1,0.27,Surged Additional 50% Reduction,Belize,BLZ,2020-07-04,v3
2020-04-19,cumulative_infections,258.48,934,1357,1566.22,1820.25,4782.92,Surged Maintain Status Quo,Belize,BLZ,2020-07-04,v3
2020-04-19,deaths,0,0,0,0.04,0,1,Surged Maintain Status Quo,Belize,BLZ,2020-07-04,v3
2020-04-19,hospital_demand,0,1,2.5,2.71,4,8.05,Surged Maintain Status Quo,Belize,BLZ,2020-07-04,v3
2020-04-19,hospital_incidence,0,0,0,0,0,0,Surged Maintain Status Quo,Belize,BLZ,2020-07-04,v3
2020-04-19,ICU_demand,0,0,0.5,0.68,1,3,Surged Maintain Status Quo,Belize,BLZ,2020-07-04,v3
2020-04-19,ICU_incidence,0,0,0,0,0,0,Surged Maintain Status Quo,Belize,BLZ,2020-07-04,v3
2020-04-19,infections,0,0,0,1.57,2,11.52,Surged Maintain Status Quo,Belize,BLZ,2020-07-04,v3
2020-04-19,Rt,0,0.01,0.04,0.08,0.1,0.27,Surged Maintain Status Quo,Belize,BLZ,2020-07-04,v3
2020-04-19,cumulative_infections,258.48,934,1357,1566.22,1820.25,4782.92,Surged Relax Interventions 50%,Belize,BLZ,2020-07-04,v3
2020-04-19,deaths,0,0,0,0.04,0,1,Surged Relax Interventions 50%,Belize,BLZ,2020-07-04,v3
2020-04-19,hospital_demand,0,1,2.5,2.71,4,8.05,Surged Relax Interventions 50%,Belize,BLZ,2020-07-04,v3
2020-04-19,hospital_incidence,0,0,0,0,0,0,Surged Relax Interventions 50%,Belize,BLZ,2020-07-04,v3
2020-04-19,ICU_demand,0,0,0.5,0.68,1,3,Surged Relax Interventions 50%,Belize,BLZ,2020-07-04,v3
2020-04-19,ICU_incidence,0,0,0,0,0,0,Surged Relax Interventions 50%,Belize,BLZ,2020-07-04,v3
2020-04-19,infections,0,0,0,1.57,2,11.52,Surged Relax Interventions 50%,Belize,BLZ,2020-07-04,v3
2020-04-19,Rt,0,0.01,0.04,0.08,0.1,0.27,Surged Relax Interventions 50%,Belize,BLZ,2020-07-04,v3
2020-04-20,cumulative_infections,286.6,746.25,1456,1605.7,2152.5,4435.4,Additional 50% Reduction,Belize,BLZ,2020-07-04,v3
2020-04-20,deaths,0,0,0,0.06,0,1,Additional 50% Reduction,Belize,BLZ,2020-07-04,v3
2020-04-20,hospital_demand,0,1,2,2.17,3,7,Additional 50% Reduction,Belize,BLZ,2020-07-04,v3
2020-04-20,hospital_incidence,0,0,0,0.02,0,0,Additional 50% Reduction,Belize,BLZ,2020-07-04,v3
2020-04-20,ICU_demand,0,0,0,0.56,1,3,Additional 50% Reduction,Belize,BLZ,2020-07-04,v3
2020-04-20,ICU_incidence,0,0,0,0,0,0,Additional 50% Reduction,Belize,BLZ,2020-07-04,v3
2020-04-20,infections,0,0,0,1.41,2,9.57,Additional 50% Reduction,Belize,BLZ,2020-07-04,v3
2020-04-20,Rt,0.03,0.08,0.12,0.18,0.23,0.6,Additional 50% Reduction,Belize,BLZ,2020-07-04,v3
2020-04-20,cumulative_infections,286.6,746.25,1456,1605.7,2152.5,4435.4,Maintain Status Quo,Belize,BLZ,2020-07-04,v3
2020-04-20,deaths,0,0,0,0.06,0,1,Maintain Status Quo,Belize,BLZ,2020-07-04,v3
2020-04-20,hospital_demand,0,1,2,2.17,3,7,Maintain Status Quo,Belize,BLZ,2020-07-04,v3
2020-04-20,hospital_incidence,0,0,0,0.02,0,0,Maintain Status Quo,Belize,BLZ,2020-07-04,v3
2020-04-20,ICU_demand,0,0,0,0.56,1,3,Maintain Status Quo,Belize,BLZ,2020-07-04,v3
2020-04-20,ICU_incidence,0,0,0,0,0,0,Maintain Status Quo,Belize,BLZ,2020-07-04,v3
2020-04-20,infections,0,0,0,1.41,2,9.57,Maintain Status Quo,Belize,BLZ,2020-07-04,v3
2020-04-20,Rt,0.03,0.08,0.12,0.18,0.23,0.6,Maintain Status Quo,Belize,BLZ,2020-07-04,v3
2020-04-20,cumulative_infections,286.6,746.25,1456,1605.7,2152.5,4435.4,Relax Interventions 50%,Belize,BLZ,2020-07-04,v3
2020-04-20,deaths,0,0,0,0.06,0,1,Relax Interventions 50%,Belize,BLZ,2020-07-04,v3
2020-04-20,hospital_demand,0,1,2,2.17,3,7,Relax Interventions 50%,Belize,BLZ,2020-07-04,v3
2020-04-20,hospital_incidence,0,0,0,0.02,0,0,Relax Interventions 50%,Belize,BLZ,2020-07-04,v3
2020-04-20,ICU_demand,0,0,0,0.56,1,3,Relax Interventions 50%,Belize,BLZ,2020-07-04,v3
2020-04-20,ICU_incidence,0,0,0,0,0,0,Relax Interventions 50%,Belize,BLZ,2020-07-04,v3
2020-04-20,infections,0,0,0,1.41,2,9.57,Relax Interventions 50%,Belize,BLZ,2020-07-04,v3
2020-04-20,Rt,0.03,0.08,0.12,0.18,0.23,0.6,Relax Interventions 50%,Belize,BLZ,2020-07-04,v3
2020-04-20,cumulative_infections,259.48,934,1357.5,1567.47,1820.75,4783.45,Surged Additional 50% Reduction,Belize,BLZ,2020-07-04,v3
2020-04-20,deaths,0,0,0,0.03,0,0.52,Surged Additional 50% Reduction,Belize,BLZ,2020-07-04,v3
2020-04-20,hospital_demand,0,1,2,2.35,3.25,7.52,Surged Additional 50% Reduction,Belize,BLZ,2020-07-04,v3
2020-04-20,hospital_incidence,0,0,0,0,0,0,Surged Additional 50% Reduction,Belize,BLZ,2020-07-04,v3
2020-04-20,ICU_demand,0,0,0,0.62,1,3,Surged Additional 50% Reduction,Belize,BLZ,2020-07-04,v3
2020-04-20,ICU_incidence,0,0,0,0,0,0,Surged Additional 50% Reduction,Belize,BLZ,2020-07-04,v3
2020-04-20,infections,0,0,0,1.25,1,7.57,Surged Additional 50% Reduction,Belize,BLZ,2020-07-04,v3
2020-04-20,Rt,0.02,0.07,0.12,0.17,0.25,0.47,Surged Additional 50% Reduction,Belize,BLZ,2020-07-04,v3
2020-04-20,cumulative_infections,259.48,934,1357.5,1567.47,1820.75,4783.45,Surged Maintain Status Quo,Belize,BLZ,2020-07-04,v3
2020-04-20,deaths,0,0,0,0.03,0,0.52,Surged Maintain Status Quo,Belize,BLZ,2020-07-04,v3
2020-04-20,hospital_demand,0,1,2,2.35,3.25,7.52,Surged Maintain Status Quo,Belize,BLZ,2020-07-04,v3
2020-04-20,hospital_incidence,0,0,0,0,0,0,Surged Maintain Status Quo,Belize,BLZ,2020-07-04,v3
2020-04-20,ICU_demand,0,0,0,0.62,1,3,Surged Maintain Status Quo,Belize,BLZ,2020-07-04,v3
2020-04-20,ICU_incidence,0,0,0,0,0,0,Surged Maintain Status Quo,Belize,BLZ,2020-07-04,v3
2020-04-20,infections,0,0,0,1.25,1,7.57,Surged Maintain Status Quo,Belize,BLZ,2020-07-04,v3
2020-04-20,Rt,0.02,0.07,0.12,0.17,0.25,0.47,Surged Maintain Status Quo,Belize,BLZ,2020-07-04,v3
2020-04-20,cumulative_infections,259.48,934,1357.5,1567.47,1820.75,4783.45,Surged Relax Interventions 50%,Belize,BLZ,2020-07-04,v3
2020-04-20,deaths,0,0,0,0.03,0,0.52,Surged Relax Interventions 50%,Belize,BLZ,2020-07-04,v3
2020-04-20,hospital_demand,0,1,2,2.35,3.25,7.52,Surged Relax Interventions 50%,Belize,BLZ,2020-07-04,v3
2020-04-20,hospital_incidence,0,0,0,0,0,0,Surged Relax Interventions 50%,Belize,BLZ,2020-07-04,v3
2020-04-20,ICU_demand,0,0,0,0.62,1,3,Surged Relax Interventions 50%,Belize,BLZ,2020-07-04,v3
2020-04-20,ICU_incidence,0,0,0,0,0,0,Surged Relax Interventions 50%,Belize,BLZ,2020-07-04,v3
2020-04-20,infections,0,0,0,1.25,1,7.57,Surged Relax Interventions 50%,Belize,BLZ,2020-07-04,v3
2020-04-20,Rt,0.02,0.07,0.12,0.17,0.25,0.47,Surged Relax Interventions 50%,Belize,BLZ,2020-07-04,v3
2020-04-21,cumulative_infections,287.08,746.5,1457.5,1607.07,2156.75,4435.4,Additional 50% Reduction,Belize,BLZ,2020-07-04,v3
2020-04-21,deaths,0,0,0,0.02,0,0,Additional 50% Reduction,Belize,BLZ,2020-07-04,v3
2020-04-21,hospital_demand,0,1,2,1.98,3,7.52,Additional 50% Reduction,Belize,BLZ,2020-07-04,v3
2020-04-21,hospital_incidence,0,0,0,0,0,0,Additional 50% Reduction,Belize,BLZ,2020-07-04,v3
2020-04-21,ICU_demand,0,0,0,0.51,1,2,Additional 50% Reduction,Belize,BLZ,2020-07-04,v3
2020-04-21,ICU_incidence,0,0,0,0,0,0,Additional 50% Reduction,Belize,BLZ,2020-07-04,v3
2020-04-21,infections,0,0,0,1.37,1,10.52,Additional 50% Reduction,Belize,BLZ,2020-07-04,v3
2020-04-21,Rt,0.03,0.08,0.12,0.18,0.23,0.61,Additional 50% Reduction,Belize,BLZ,2020-07-04,v3
2020-04-21,cumulative_infections,287.08,746.5,1457.5,1607.07,2156.75,4435.4,Maintain Status Quo,Belize,BLZ,2020-07-04,v3
2020-04-21,deaths,0,0,0,0.02,0,0,Maintain Status Quo,Belize,BLZ,2020-07-04,v3
2020-04-21,hospital_demand,0,1,2,1.98,3,7.52,Maintain Status Quo,Belize,BLZ,2020-07-04,v3
2020-04-21,hospital_incidence,0,0,0,0,0,0,Maintain Status Quo,Belize,BLZ,2020-07-04,v3
2020-04-21,ICU_demand,0,0,0,0.51,1,2,Maintain Status Quo,Belize,BLZ,2020-07-04,v3
2020-04-21,ICU_incidence,0,0,0,0,0,0,Maintain Status Quo,Belize,BLZ,2020-07-04,v3
2020-04-21,infections,0,0,0,1.37,1,10.52,Maintain Status Quo,Belize,BLZ,2020-07-04,v3
2020-04-21,Rt,0.03,0.08,0.12,0.18,0.23,0.61,Maintain Status Quo,Belize,BLZ,2020-07-04,v3
2020-04-21,cumulative_infections,287.08,746.5,1457.5,1607.07,2156.75,4435.4,Relax Interventions 50%,Belize,BLZ,2020-07-04,v3
2020-04-21,deaths,0,0,0,0.02,0,0,Relax Interventions 50%,Belize,BLZ,2020-07-04,v3
2020-04-21,hospital_demand,0,1,2,1.98,3,7.52,Relax Interventions 50%,Belize,BLZ,2020-07-04,v3
2020-04-21,hospital_incidence,0,0,0,0,0,0,Relax Interventions 50%,Belize,BLZ,2020-07-04,v3
2020-04-21,ICU_demand,0,0,0,0.51,1,2,Relax Interventions 50%,Belize,BLZ,2020-07-04,v3
2020-04-21,ICU_incidence,0,0,0,0,0,0,Relax Interventions 50%,Belize,BLZ,2020-07-04,v3
2020-04-21,infections,0,0,0,1.37,1,10.52,Relax Interventions 50%,Belize,BLZ,2020-07-04,v3
2020-04-21,Rt,0.03,0.08,0.12,0.18,0.23,0.61,Relax Interventions 50%,Belize,BLZ,2020-07-04,v3
2020-04-21,cumulative_infections,261.48,934,1358,1568.44,1821.25,4783.45,Surged Additional 50% Reduction,Belize,BLZ,2020-07-04,v3
2020-04-21,deaths,0,0,0,0.01,0,0,Surged Additional 50% Reduction,Belize,BLZ,2020-07-04,v3
2020-04-21,hospital_demand,0,0.75,2,2.08,3,6.52,Surged Additional 50% Reduction,Belize,BLZ,2020-07-04,v3
2020-04-21,hospital_incidence,0,0,0,0,0,0,Surged Additional 50% Reduction,Belize,BLZ,2020-07-04,v3
2020-04-21,ICU_demand,0,0,0,0.59,1,3,Surged Additional 50% Reduction,Belize,BLZ,2020-07-04,v3
2020-04-21,ICU_incidence,0,0,0,0,0,0,Surged Additional 50% Reduction,Belize,BLZ,2020-07-04,v3
2020-04-21,infections,0,0,0,0.97,1,6.05,Surged Additional 50% Reduction,Belize,BLZ,2020-07-04,v3
2020-04-21,Rt,0.03,0.07,0.13,0.17,0.25,0.48,Surged Additional 50% Reduction,Belize,BLZ,2020-07-04,v3
2020-04-21,cumulative_infections,261.48,934,1358,1568.44,1821.25,4783.45,Surged Maintain Status Quo,Belize,BLZ,2020-07-04,v3
2020-04-21,deaths,0,0,0,0.01,0,0,Surged Maintain Status Quo,Belize,BLZ,2020-07-04,v3
2020-04-21,hospital_demand,0,0.75,2,2.08,3,6.52,Surged Maintain Status Quo,Belize,BLZ,2020-07-04,v3
2020-04-21,hospital_incidence,0,0,0,0,0,0,Surged Maintain Status Quo,Belize,BLZ,2020-07-04,v3
2020-04-21,ICU_demand,0,0,0,0.59,1,3,Surged Maintain Status Quo,Belize,BLZ,2020-07-04,v3
2020-04-21,ICU_incidence,0,0,0,0,0,0,Surged Maintain Status Quo,Belize,BLZ,2020-07-04,v3
2020-04-21,infections,0,0,0,0.97,1,6.05,Surged Maintain Status Quo,Belize,BLZ,2020-07-04,v3
2020-04-21,Rt,0.03,0.07,0.13,0.17,0.25,0.48,Surged Maintain Status Quo,Belize,BLZ,2020-07-04,v3
2020-04-21,cumulative_infections,261.48,934,1358,1568.44,1821.25,4783.45,Surged Relax Interventions 50%,Belize,BLZ,2020-07-04,v3
2020-04-21,deaths,0,0,0,0.01,0,0,Surged Relax Interventions 50%,Belize,BLZ,2020-07-04,v3
2020-04-21,hospital_demand,0,0.75,2,2.08,3,6.52,Surged Relax Interventions 50%,Belize,BLZ,2020-07-04,v3
2020-04-21,hospital_incidence,0,0,0,0,0,0,Surged Relax Interventions 50%,Belize,BLZ,2020-07-04,v3
2020-04-21,ICU_demand,0,0,0,0.59,1,3,Surged Relax Interventions 50%,Belize,BLZ,2020-07-04,v3
2020-04-21,ICU_incidence,0,0,0,0,0,0,Surged Relax Interventions 50%,Belize,BLZ,2020-07-04,v3
2020-04-21,infections,0,0,0,0.97,1,6.05,Surged Relax Interventions 50%,Belize,BLZ,2020-07-04,v3
2020-04-21,Rt,0.03,0.07,0.13,0.17,0.25,0.48,Surged Relax Interventions 50%,Belize,BLZ,2020-07-04,v3
2020-04-22,cumulative_infections,287.08,746.5,1459,1608.12,2157.75,4435.87,Additional 50% Reduction,Belize,BLZ,2020-07-04,v3
2020-04-22,deaths,0,0,0,0.01,0,0,Additional 50% Reduction,Belize,BLZ,2020-07-04,v3
2020-04-22,hospital_demand,0,0.75,1,1.76,2,6.52,Additional 50% Reduction,Belize,BLZ,2020-07-04,v3
2020-04-22,hospital_incidence,0,0,0,0,0,0,Additional 50% Reduction,Belize,BLZ,2020-07-04,v3
2020-04-22,ICU_demand,0,0,0,0.49,1,2,Additional 50% Reduction,Belize,BLZ,2020-07-04,v3
2020-04-22,ICU_incidence,0,0,0,0.01,0,0,Additional 50% Reduction,Belize,BLZ,2020-07-04,v3
2020-04-22,infections,0,0,0,1.05,1,9.62,Additional 50% Reduction,Belize,BLZ,2020-07-04,v3
2020-04-22,Rt,0.03,0.07,0.11,0.16,0.21,0.6,Additional 50% Reduction,Belize,BLZ,2020-07-04,v3
2020-04-22,cumulative_infections,287.08,746.5,1459,1608.12,2157.75,4435.87,Maintain Status Quo,Belize,BLZ,2020-07-04,v3
2020-04-22,deaths,0,0,0,0.01,0,0,Maintain Status Quo,Belize,BLZ,2020-07-04,v3
2020-04-22,hospital_demand,0,0.75,1,1.76,2,6.52,Maintain Status Quo,Belize,BLZ,2020-07-04,v3
2020-04-22,hospital_incidence,0,0,0,0,0,0,Maintain Status Quo,Belize,BLZ,2020-07-04,v3
2020-04-22,ICU_demand,0,0,0,0.49,1,2,Maintain Status Quo,Belize,BLZ,2020-07-04,v3
2020-04-22,ICU_incidence,0,0,0,0.01,0,0,Maintain Status Quo,Belize,BLZ,2020-07-04,v3
2020-04-22,infections,0,0,0,1.05,1,9.62,Maintain Status Quo,Belize,BLZ,2020-07-04,v3
2020-04-22,Rt,0.03,0.07,0.11,0.16,0.21,0.6,Maintain Status Quo,Belize,BLZ,2020-07-04,v3
2020-04-22,cumulative_infections,287.08,746.5,1459,1608.12,2157.75,4435.87,Relax Interventions 50%,Belize,BLZ,2020-07-04,v3
2020-04-22,deaths,0,0,0,0.01,0,0,Relax Interventions 50%,Belize,BLZ,2020-07-04,v3
2020-04-22,hospital_demand,0,0.75,1,1.76,2,6.52,Relax Interventions 50%,Belize,BLZ,2020-07-04,v3
2020-04-22,hospital_incidence,0,0,0,0,0,0,Relax Interventions 50%,Belize,BLZ,2020-07-04,v3
2020-04-22,ICU_demand,0,0,0,0.49,1,2,Relax Interventions 50%,Belize,BLZ,2020-07-04,v3
2020-04-22,ICU_incidence,0,0,0,0.01,0,0,Relax Interventions 50%,Belize,BLZ,2020-07-04,v3
2020-04-22,infections,0,0,0,1.05,1,9.62,Relax Interventions 50%,Belize,BLZ,2020-07-04,v3
2020-04-22,Rt,0.03,0.07,0.11,0.16,0.21,0.6,Relax Interventions 50%,Belize,BLZ,2020-07-04,v3
2020-04-22,cumulative_infections,262.42,934,1359,1569.31,1821.75,4783.45,Surged Additional 50% Reduction,Belize,BLZ,2020-07-04,v3
2020-04-22,deaths,0,0,0,0.03,0,0.52,Surged Additional 50% Reduction,Belize,BLZ,2020-07-04,v3
2020-04-22,hospital_demand,0,0,1.5,1.82,3,5.52,Surged Additional 50% Reduction,Belize,BLZ,2020-07-04,v3
2020-04-22,hospital_incidence,0,0,0,0,0,0,Surged Additional 50% Reduction,Belize,BLZ,2020-07-04,v3
2020-04-22,ICU_demand,0,0,0,0.55,1,3,Surged Additional 50% Reduction,Belize,BLZ,2020-07-04,v3
2020-04-22,ICU_incidence,0,0,0,0,0,0,Surged Additional 50% Reduction,Belize,BLZ,2020-07-04,v3
2020-04-22,infections,0,0,0,0.87,1,5.52,Surged Additional 50% Reduction,Belize,BLZ,2020-07-04,v3
2020-04-22,Rt,0.02,0.06,0.11,0.16,0.22,0.45,Surged Additional 50% Reduction,Belize,BLZ,2020-07-04,v3
2020-04-22,cumulative_infections,262.42,934,1359,1569.31,1821.75,4783.45,Surged Maintain Status Quo,Belize,BLZ,2020-07-04,v3
2020-04-22,deaths,0,0,0,0.03,0,0.52,Surged Maintain Status Quo,Belize,BLZ,2020-07-04,v3
2020-04-22,hospital_demand,0,0,1.5,1.82,3,5.52,Surged Maintain Status Quo,Belize,BLZ,2020-07-04,v3
2020-04-22,hospital_incidence,0,0,0,0,0,0,Surged Maintain Status Quo,Belize,BLZ,2020-07-04,v3
2020-04-22,ICU_demand,0,0,0,0.55,1,3,Surged Maintain Status Quo,Belize,BLZ,2020-07-04,v3
2020-04-22,ICU_incidence,0,0,0,0,0,0,Surged Maintain Status Quo,Belize,BLZ,2020-07-04,v3
2020-04-22,infections,0,0,0,0.87,1,5.52,Surged Maintain Status Quo,Belize,BLZ,2020-07-04,v3
2020-04-22,Rt,0.02,0.06,0.11,0.16,0.22,0.45,Surged Maintain Status Quo,Belize,BLZ,2020-07-04,v3
2020-04-22,cumulative_infections,262.42,934,1359,1569.31,1821.75,4783.45,Surged Relax Interventions 50%,Belize,BLZ,2020-07-04,v3
2020-04-22,deaths,0,0,0,0.03,0,0.52,Surged Relax Interventions 50%,Belize,BLZ,2020-07-04,v3
2020-04-22,hospital_demand,0,0,1.5,1.82,3,5.52,Surged Relax Interventions 50%,Belize,BLZ,2020-07-04,v3
2020-04-22,hospital_incidence,0,0,0,0,0,0,Surged Relax Interventions 50%,Belize,BLZ,2020-07-04,v3
2020-04-22,ICU_demand,0,0,0,0.55,1,3,Surged Relax Interventions 50%,Belize,BLZ,2020-07-04,v3
2020-04-22,ICU_incidence,0,0,0,0,0,0,Surged Relax Interventions 50%,Belize,BLZ,2020-07-04,v3
2020-04-22,infections,0,0,0,0.87,1,5.52,Surged Relax Interventions 50%,Belize,BLZ,2020-07-04,v3
2020-04-22,Rt,0.02,0.06,0.11,0.16,0.22,0.45,Surged Relax Interventions 50%,Belize,BLZ,2020-07-04,v3
2020-04-23,cumulative_infections,287.08,746.5,1461,1609.19,2158.75,4435.87,Additional 50% Reduction,Belize,BLZ,2020-07-04,v3
2020-04-23,deaths,0,0,0,0.02,0,0,Additional 50% Reduction,Belize,BLZ,2020-07-04,v3
2020-04-23,hospital_demand,0,0,1,1.59,2,6,Additional 50% Reduction,Belize,BLZ,2020-07-04,v3
2020-04-23,hospital_incidence,0,0,0,0,0,0,Additional 50% Reduction,Belize,BLZ,2020-07-04,v3
2020-04-23,ICU_demand,0,0,0,0.44,1,2,Additional 50% Reduction,Belize,BLZ,2020-07-04,v3
2020-04-23,ICU_incidence,0,0,0,0,0,0,Additional 50% Reduction,Belize,BLZ,2020-07-04,v3
2020-04-23,infections,0,0,0,1.07,1,9,Additional 50% Reduction,Belize,BLZ,2020-07-04,v3
2020-04-23,Rt,0.02,0.06,0.1,0.16,0.2,0.59,Additional 50% Reduction,Belize,BLZ,2020-07-04,v3
2020-04-23,cumulative_infections,287.08,746.5,1461,1609.19,2158.75,4435.87,Maintain Status Quo,Belize,BLZ,2020-07-04,v3
2020-04-23,deaths,0,0,0,0.02,0,0,Maintain Status Quo,Belize,BLZ,2020-07-04,v3
2020-04-23,hospital_demand,0,0,1,1.59,2,6,Maintain Status Quo,Belize,BLZ,2020-07-04,v3
2020-04-23,hospital_incidence,0,0,0,0,0,0,Maintain Status Quo,Belize,BLZ,2020-07-04,v3
2020-04-23,ICU_demand,0,0,0,0.44,1,2,Maintain Status Quo,Belize,BLZ,2020-07-04,v3
2020-04-23,ICU_incidence,0,0,0,0,0,0,Maintain Status Quo,Belize,BLZ,2020-07-04,v3
2020-04-23,infections,0,0,0,1.07,1,9,Maintain Status Quo,Belize,BLZ,2020-07-04,v3
2020-04-23,Rt,0.02,0.06,0.1,0.16,0.2,0.59,Maintain Status Quo,Belize,BLZ,2020-07-04,v3
2020-04-23,cumulative_infections,287.08,746.5,1461,1609.19,2158.75,4435.87,Relax Interventions 50%,Belize,BLZ,2020-07-04,v3
2020-04-23,deaths,0,0,0,0.02,0,0,Relax Interventions 50%,Belize,BLZ,2020-07-04,v3
2020-04-23,hospital_demand,0,0,1,1.59,2,6,Relax Interventions 50%,Belize,BLZ,2020-07-04,v3
2020-04-23,hospital_incidence,0,0,0,0,0,0,Relax Interventions 50%,Belize,BLZ,2020-07-04,v3
2020-04-23,ICU_demand,0,0,0,0.44,1,2,Relax Interventions 50%,Belize,BLZ,2020-07-04,v3
2020-04-23,ICU_incidence,0,0,0,0,0,0,Relax Interventions 50%,Belize,BLZ,2020-07-04,v3
2020-04-23,infections,0,0,0,1.07,1,9,Relax Interventions 50%,Belize,BLZ,2020-07-04,v3
2020-04-23,Rt,0.02,0.06,0.1,0.16,0.2,0.59,Relax Interventions 50%,Belize,BLZ,2020-07-04,v3
2020-04-23,cumulative_infections,262.42,934,1359,1570.03,1822.5,4784.4,Surged Additional 50% Reduction,Belize,BLZ,2020-07-04,v3
2020-04-23,deaths,0,0,0,0.04,0,1,Surged Additional 50% Reduction,Belize,BLZ,2020-07-04,v3
2020-04-23,hospital_demand,0,0,1,1.66,2.25,5,Surged Additional 50% Reduction,Belize,BLZ,2020-07-04,v3
2020-04-23,hospital_incidence,0,0,0,0.01,0,0,Surged Additional 50% Reduction,Belize,BLZ,2020-07-04,v3
2020-04-23,ICU_demand,0,0,0,0.5,1,2,Surged Additional 50% Reduction,Belize,BLZ,2020-07-04,v3
2020-04-23,ICU_incidence,0,0,0,0,0,0,Surged Additional 50% Reduction,Belize,BLZ,2020-07-04,v3
2020-04-23,infections,0,0,0,0.72,1,6,Surged Additional 50% Reduction,Belize,BLZ,2020-07-04,v3
2020-04-23,Rt,0.02,0.06,0.1,0.15,0.21,0.44,Surged Additional 50% Reduction,Belize,BLZ,2020-07-04,v3
2020-04-23,cumulative_infections,262.42,934,1359,1570.03,1822.5,4784.4,Surged Maintain Status Quo,Belize,BLZ,2020-07-04,v3
2020-04-23,deaths,0,0,0,0.04,0,1,Surged Maintain Status Quo,Belize,BLZ,2020-07-04,v3
2020-04-23,hospital_demand,0,0,1,1.66,2.25,5,Surged Maintain Status Quo,Belize,BLZ,2020-07-04,v3
2020-04-23,hospital_incidence,0,0,0,0.01,0,0,Surged Maintain Status Quo,Belize,BLZ,2020-07-04,v3
2020-04-23,ICU_demand,0,0,0,0.5,1,2,Surged Maintain Status Quo,Belize,BLZ,2020-07-04,v3
2020-04-23,ICU_incidence,0,0,0,0,0,0,Surged Maintain Status Quo,Belize,BLZ,2020-07-04,v3
2020-04-23,infections,0,0,0,0.72,1,6,Surged Maintain Status Quo,Belize,BLZ,2020-07-04,v3
2020-04-23,Rt,0.02,0.06,0.1,0.15,0.21,0.44,Surged Maintain Status Quo,Belize,BLZ,2020-07-04,v3
2020-04-23,cumulative_infections,262.42,934,1359,1570.03,1822.5,4784.4,Surged Relax Interventions 50%,Belize,BLZ,2020-07-04,v3
2020-04-23,deaths,0,0,0,0.04,0,1,Surged Relax Interventions 50%,Belize,BLZ,2020-07-04,v3
2020-04-23,hospital_demand,0,0,1,1.66,2.25,5,Surged Relax Interventions 50%,Belize,BLZ,2020-07-04,v3
2020-04-23,hospital_incidence,0,0,0,0.01,0,0,Surged Relax Interventions 50%,Belize,BLZ,2020-07-04,v3
2020-04-23,ICU_demand,0,0,0,0.5,1,2,Surged Relax Interventions 50%,Belize,BLZ,2020-07-04,v3
2020-04-23,ICU_incidence,0,0,0,0,0,0,Surged Relax Interventions 50%,Belize,BLZ,2020-07-04,v3
2020-04-23,infections,0,0,0,0.72,1,6,Surged Relax Interventions 50%,Belize,BLZ,2020-07-04,v3
2020-04-23,Rt,0.02,0.06,0.1,0.15,0.21,0.44,Surged Relax Interventions 50%,Belize,BLZ,2020-07-04,v3
2020-04-24,cumulative_infections,287.08,746.5,1462.5,1610.03,2159.5,4435.87,Additional 50% Reduction,Belize,BLZ,2020-07-04,v3
2020-04-24,deaths,0,0,0,0.01,0,0,Additional 50% Reduction,Belize,BLZ,2020-07-04,v3
2020-04-24,hospital_demand,0,0,1,1.42,2,5,Additional 50% Reduction,Belize,BLZ,2020-07-04,v3
2020-04-24,hospital_incidence,0,0,0,0,0,0,Additional 50% Reduction,Belize,BLZ,2020-07-04,v3
2020-04-24,ICU_demand,0,0,0,0.41,1,2,Additional 50% Reduction,Belize,BLZ,2020-07-04,v3
2020-04-24,ICU_incidence,0,0,0,0,0,0,Additional 50% Reduction,Belize,BLZ,2020-07-04,v3
2020-04-24,infections,0,0,0,0.84,1,7.52,Additional 50% Reduction,Belize,BLZ,2020-07-04,v3
2020-04-24,Rt,0.03,0.07,0.11,0.16,0.21,0.6,Additional 50% Reduction,Belize,BLZ,2020-07-04,v3
2020-04-24,cumulative_infections,287.08,746.5,1462.5,1610.03,2159.5,4435.87,Maintain Status Quo,Belize,BLZ,2020-07-04,v3
2020-04-24,deaths,0,0,0,0.01,0,0,Maintain Status Quo,Belize,BLZ,2020-07-04,v3
2020-04-24,hospital_demand,0,0,1,1.42,2,5,Maintain Status Quo,Belize,BLZ,2020-07-04,v3
2020-04-24,hospital_incidence,0,0,0,0,0,0,Maintain Status Quo,Belize,BLZ,2020-07-04,v3
2020-04-24,ICU_demand,0,0,0,0.41,1,2,Maintain Status Quo,Belize,BLZ,2020-07-04,v3
2020-04-24,ICU_incidence,0,0,0,0,0,0,Maintain Status Quo,Belize,BLZ,2020-07-04,v3
2020-04-24,infections,0,0,0,0.84,1,7.52,Maintain Status Quo,Belize,BLZ,2020-07-04,v3
2020-04-24,Rt,0.03,0.07,0.11,0.16,0.21,0.6,Maintain Status Quo,Belize,BLZ,2020-07-04,v3
2020-04-24,cumulative_infections,287.08,746.5,1462.5,1610.03,2159.5,4435.87,Relax Interventions 50%,Belize,BLZ,2020-07-04,v3
2020-04-24,deaths,0,0,0,0.01,0,0,Relax Interventions 50%,Belize,BLZ,2020-07-04,v3
2020-04-24,hospital_demand,0,0,1,1.42,2,5,Relax Interventions 50%,Belize,BLZ,2020-07-04,v3
2020-04-24,hospital_incidence,0,0,0,0,0,0,Relax Interventions 50%,Belize,BLZ,2020-07-04,v3
2020-04-24,ICU_demand,0,0,0,0.41,1,2,Relax Interventions 50%,Belize,BLZ,2020-07-04,v3
2020-04-24,ICU_incidence,0,0,0,0,0,0,Relax Interventions 50%,Belize,BLZ,2020-07-04,v3
2020-04-24,infections,0,0,0,0.84,1,7.52,Relax Interventions 50%,Belize,BLZ,2020-07-04,v3
2020-04-24,Rt,0.03,0.07,0.11,0.16,0.21,0.6,Relax Interventions 50%,Belize,BLZ,2020-07-04,v3
2020-04-24,cumulative_infections,262.95,934,1359,1570.83,1822.75,4784.4,Surged Additional 50% Reduction,Belize,BLZ,2020-07-04,v3
2020-04-24,deaths,0,0,0,0.03,0,0.52,Surged Additional 50% Reduction,Belize,BLZ,2020-07-04,v3
2020-04-24,hospital_demand,0,0,1,1.49,2,5,Surged Additional 50% Reduction,Belize,BLZ,2020-07-04,v3
2020-04-24,hospital_incidence,0,0,0,0,0,0,Surged Additional 50% Reduction,Belize,BLZ,2020-07-04,v3
2020-04-24,ICU_demand,0,0,0,0.42,1,2,Surged Additional 50% Reduction,Belize,BLZ,2020-07-04,v3
2020-04-24,ICU_incidence,0,0,0,0,0,0,Surged Additional 50% Reduction,Belize,BLZ,2020-07-04,v3
2020-04-24,infections,0,0,0,0.8,1,6.52,Surged Additional 50% Reduction,Belize,BLZ,2020-07-04,v3
2020-04-24,Rt,0.02,0.06,0.11,0.16,0.22,0.45,Surged Additional 50% Reduction,Belize,BLZ,2020-07-04,v3
2020-04-24,cumulative_infections,262.95,934,1359,1570.83,1822.75,4784.4,Surged Maintain Status Quo,Belize,BLZ,2020-07-04,v3
2020-04-24,deaths,0,0,0,0.03,0,0.52,Surged Maintain Status Quo,Belize,BLZ,2020-07-04,v3
2020-04-24,hospital_demand,0,0,1,1.49,2,5,Surged Maintain Status Quo,Belize,BLZ,2020-07-04,v3
2020-04-24,hospital_incidence,0,0,0,0,0,0,Surged Maintain Status Quo,Belize,BLZ,2020-07-04,v3
2020-04-24,ICU_demand,0,0,0,0.42,1,2,Surged Maintain Status Quo,Belize,BLZ,2020-07-04,v3
2020-04-24,ICU_incidence,0,0,0,0,0,0,Surged Maintain Status Quo,Belize,BLZ,2020-07-04,v3
2020-04-24,infections,0,0,0,0.8,1,6.52,Surged Maintain Status Quo,Belize,BLZ,2020-07-04,v3
2020-04-24,Rt,0.02,0.06,0.11,0.16,0.22,0.45,Surged Maintain Status Quo,Belize,BLZ,2020-07-04,v3
2020-04-24,cumulative_infections,262.95,934,1359,1570.83,1822.75,4784.4,Surged Relax Interventions 50%,Belize,BLZ,2020-07-04,v3
2020-04-24,deaths,0,0,0,0.03,0,0.52,Surged Relax Interventions 50%,Belize,BLZ,2020-07-04,v3
2020-04-24,hospital_demand,0,0,1,1.49,2,5,Surged Relax Interventions 50%,Belize,BLZ,2020-07-04,v3
2020-04-24,hospital_incidence,0,0,0,0,0,0,Surged Relax Interventions 50%,Belize,BLZ,2020-07-04,v3
2020-04-24,ICU_demand,0,0,0,0.42,1,2,Surged Relax Interventions 50%,Belize,BLZ,2020-07-04,v3
2020-04-24,ICU_incidence,0,0,0,0,0,0,Surged Relax Interventions 50%,Belize,BLZ,2020-07-04,v3
2020-04-24,infections,0,0,0,0.8,1,6.52,Surged Relax Interventions 50%,Belize,BLZ,2020-07-04,v3
2020-04-24,Rt,0.02,0.06,0.11,0.16,0.22,0.45,Surged Relax Interventions 50%,Belize,BLZ,2020-07-04,v3
2020-04-25,cumulative_infections,287.08,746.5,1464.5,1610.67,2159.75,4436.82,Additional 50% Reduction,Belize,BLZ,2020-07-04,v3
2020-04-25,deaths,0,0,0,0,0,0,Additional 50% Reduction,Belize,BLZ,2020-07-04,v3
2020-04-25,hospital_demand,0,0,1,1.35,2,5.52,Additional 50% Reduction,Belize,BLZ,2020-07-04,v3
2020-04-25,hospital_incidence,0,0,0,0,0,0,Additional 50% Reduction,Belize,BLZ,2020-07-04,v3
2020-04-25,ICU_demand,0,0,0,0.38,1,2,Additional 50% Reduction,Belize,BLZ,2020-07-04,v3
2020-04-25,ICU_incidence,0,0,0,0,0,0,Additional 50% Reduction,Belize,BLZ,2020-07-04,v3
2020-04-25,infections,0,0,0,0.64,1,6.57,Additional 50% Reduction,Belize,BLZ,2020-07-04,v3
2020-04-25,Rt,0.03,0.08,0.13,0.18,0.24,0.61,Additional 50% Reduction,Belize,BLZ,2020-07-04,v3
2020-04-25,cumulative_infections,287.08,746.5,1464.5,1610.67,2159.75,4436.82,Maintain Status Quo,Belize,BLZ,2020-07-04,v3
2020-04-25,deaths,0,0,0,0,0,0,Maintain Status Quo,Belize,BLZ,2020-07-04,v3
2020-04-25,hospital_demand,0,0,1,1.35,2,5.52,Maintain Status Quo,Belize,BLZ,2020-07-04,v3
2020-04-25,hospital_incidence,0,0,0,0,0,0,Maintain Status Quo,Belize,BLZ,2020-07-04,v3
2020-04-25,ICU_demand,0,0,0,0.38,1,2,Maintain Status Quo,Belize,BLZ,2020-07-04,v3
2020-04-25,ICU_incidence,0,0,0,0,0,0,Maintain Status Quo,Belize,BLZ,2020-07-04,v3
2020-04-25,infections,0,0,0,0.64,1,6.57,Maintain Status Quo,Belize,BLZ,2020-07-04,v3
2020-04-25,Rt,0.03,0.08,0.13,0.18,0.24,0.61,Maintain Status Quo,Belize,BLZ,2020-07-04,v3
2020-04-25,cumulative_infections,287.08,746.5,1464.5,1610.67,2159.75,4436.82,Relax Interventions 50%,Belize,BLZ,2020-07-04,v3
2020-04-25,deaths,0,0,0,0,0,0,Relax Interventions 50%,Belize,BLZ,2020-07-04,v3
2020-04-25,hospital_demand,0,0,1,1.35,2,5.52,Relax Interventions 50%,Belize,BLZ,2020-07-04,v3
2020-04-25,hospital_incidence,0,0,0,0,0,0,Relax Interventions 50%,Belize,BLZ,2020-07-04,v3
2020-04-25,ICU_demand,0,0,0,0.38,1,2,Relax Interventions 50%,Belize,BLZ,2020-07-04,v3
2020-04-25,ICU_incidence,0,0,0,0,0,0,Relax Interventions 50%,Belize,BLZ,2020-07-04,v3
2020-04-25,infections,0,0,0,0.64,1,6.57,Relax Interventions 50%,Belize,BLZ,2020-07-04,v3
2020-04-25,Rt,0.03,0.08,0.13,0.18,0.24,0.61,Relax Interventions 50%,Belize,BLZ,2020-07-04,v3
2020-04-25,cumulative_infections,262.95,934,1359,1571.36,1823,4784.4,Surged Additional 50% Reduction,Belize,BLZ,2020-07-04,v3
2020-04-25,deaths,0,0,0,0.03,0,0.52,Surged Additional 50% Reduction,Belize,BLZ,2020-07-04,v3
2020-04-25,hospital_demand,0,0,1,1.26,2,4.52,Surged Additional 50% Reduction,Belize,BLZ,2020-07-04,v3
2020-04-25,hospital_incidence,0,0,0,0,0,0,Surged Additional 50% Reduction,Belize,BLZ,2020-07-04,v3
2020-04-25,ICU_demand,0,0,0,0.36,1,2,Surged Additional 50% Reduction,Belize,BLZ,2020-07-04,v3
2020-04-25,ICU_incidence,0,0,0,0,0,0,Surged Additional 50% Reduction,Belize,BLZ,2020-07-04,v3
2020-04-25,infections,0,0,0,0.53,1,4.57,Surged Additional 50% Reduction,Belize,BLZ,2020-07-04,v3
2020-04-25,Rt,0.03,0.08,0.13,0.17,0.26,0.49,Surged Additional 50% Reduction,Belize,BLZ,2020-07-04,v3
2020-04-25,cumulative_infections,262.95,934,1359,1571.36,1823,4784.4,Surged Maintain Status Quo,Belize,BLZ,2020-07-04,v3
2020-04-25,deaths,0,0,0,0.03,0,0.52,Surged Maintain Status Quo,Belize,BLZ,2020-07-04,v3
2020-04-25,hospital_demand,0,0,1,1.26,2,4.52,Surged Maintain Status Quo,Belize,BLZ,2020-07-04,v3
2020-04-25,hospital_incidence,0,0,0,0,0,0,Surged Maintain Status Quo,Belize,BLZ,2020-07-04,v3
2020-04-25,ICU_demand,0,0,0,0.36,1,2,Surged Maintain Status Quo,Belize,BLZ,2020-07-04,v3
2020-04-25,ICU_incidence,0,0,0,0,0,0,Surged Maintain Status Quo,Belize,BLZ,2020-07-04,v3
2020-04-25,infections,0,0,0,0.53,1,4.57,Surged Maintain Status Quo,Belize,BLZ,2020-07-04,v3
2020-04-25,Rt,0.03,0.08,0.13,0.17,0.26,0.49,Surged Maintain Status Quo,Belize,BLZ,2020-07-04,v3
2020-04-25,cumulative_infections,262.95,934,1359,1571.36,1823,4784.4,Surged Relax Interventions 50%,Belize,BLZ,2020-07-04,v3
2020-04-25,deaths,0,0,0,0.03,0,0.52,Surged Relax Interventions 50%,Belize,BLZ,2020-07-04,v3
2020-04-25,hospital_demand,0,0,1,1.26,2,4.52,Surged Relax Interventions 50%,Belize,BLZ,2020-07-04,v3
2020-04-25,hospital_incidence,0,0,0,0,0,0,Surged Relax Interventions 50%,Belize,BLZ,2020-07-04,v3
2020-04-25,ICU_demand,0,0,0,0.36,1,2,Surged Relax Interventions 50%,Belize,BLZ,2020-07-04,v3
2020-04-25,ICU_incidence,0,0,0,0,0,0,Surged Relax Interventions 50%,Belize,BLZ,2020-07-04,v3
2020-04-25,infections,0,0,0,0.53,1,4.57,Surged Relax Interventions 50%,Belize,BLZ,2020-07-04,v3
2020-04-25,Rt,0.03,0.08,0.13,0.17,0.26,0.49,Surged Relax Interventions 50%,Belize,BLZ,2020-07-04,v3
2020-04-26,cumulative_infections,287.08,746.5,1464.5,1611.48,2161.75,4437.3,Additional 50% Reduction,Belize,BLZ,2020-07-04,v3
2020-04-26,deaths,0,0,0,0.02,0,0,Additional 50% Reduction,Belize,BLZ,2020-07-04,v3
2020-04-26,hospital_demand,0,0,1,1.16,2,4.52,Additional 50% Reduction,Belize,BLZ,2020-07-04,v3
2020-04-26,hospital_incidence,0,0,0,0,0,0,Additional 50% Reduction,Belize,BLZ,2020-07-04,v3
2020-04-26,ICU_demand,0,0,0,0.33,1,2,Additional 50% Reduction,Belize,BLZ,2020-07-04,v3
2020-04-26,ICU_incidence,0,0,0,0,0,0,Additional 50% Reduction,Belize,BLZ,2020-07-04,v3
2020-04-26,infections,0,0,0,0.81,0.25,7.57,Additional 50% Reduction,Belize,BLZ,2020-07-04,v3
2020-04-26,Rt,0.02,0.07,0.1,0.16,0.21,0.59,Additional 50% Reduction,Belize,BLZ,2020-07-04,v3
2020-04-26,cumulative_infections,287.08,746.5,1464.5,1611.48,2161.75,4437.3,Maintain Status Quo,Belize,BLZ,2020-07-04,v3
2020-04-26,deaths,0,0,0,0.02,0,0,Maintain Status Quo,Belize,BLZ,2020-07-04,v3
2020-04-26,hospital_demand,0,0,1,1.16,2,4.52,Maintain Status Quo,Belize,BLZ,2020-07-04,v3
2020-04-26,hospital_incidence,0,0,0,0,0,0,Maintain Status Quo,Belize,BLZ,2020-07-04,v3
2020-04-26,ICU_demand,0,0,0,0.33,1,2,Maintain Status Quo,Belize,BLZ,2020-07-04,v3
2020-04-26,ICU_incidence,0,0,0,0,0,0,Maintain Status Quo,Belize,BLZ,2020-07-04,v3
2020-04-26,infections,0,0,0,0.81,0.25,7.57,Maintain Status Quo,Belize,BLZ,2020-07-04,v3
2020-04-26,Rt,0.02,0.07,0.1,0.16,0.21,0.59,Maintain Status Quo,Belize,BLZ,2020-07-04,v3
2020-04-26,cumulative_infections,287.08,746.5,1464.5,1611.48,2161.75,4437.3,Relax Interventions 50%,Belize,BLZ,2020-07-04,v3
2020-04-26,deaths,0,0,0,0.02,0,0,Relax Interventions 50%,Belize,BLZ,2020-07-04,v3
2020-04-26,hospital_demand,0,0,1,1.16,2,4.52,Relax Interventions 50%,Belize,BLZ,2020-07-04,v3
2020-04-26,hospital_incidence,0,0,0,0,0,0,Relax Interventions 50%,Belize,BLZ,2020-07-04,v3
2020-04-26,ICU_demand,0,0,0,0.33,1,2,Relax Interventions 50%,Belize,BLZ,2020-07-04,v3
2020-04-26,ICU_incidence,0,0,0,0,0,0,Relax Interventions 50%,Belize,BLZ,2020-07-04,v3
2020-04-26,infections,0,0,0,0.81,0.25,7.57,Relax Interventions 50%,Belize,BLZ,2020-07-04,v3
2020-04-26,Rt,0.02,0.07,0.1,0.16,0.21,0.59,Relax Interventions 50%,Belize,BLZ,2020-07-04,v3
2020-04-26,cumulative_infections,262.95,934,1359.5,1571.85,1823.25,4784.4,Surged Additional 50% Reduction,Belize,BLZ,2020-07-04,v3
2020-04-26,deaths,0,0,0,0.04,0,1,Surged Additional 50% Reduction,Belize,BLZ,2020-07-04,v3
2020-04-26,hospital_demand,0,0,0.5,1.09,2,4.52,Surged Additional 50% Reduction,Belize,BLZ,2020-07-04,v3
2020-04-26,hospital_incidence,0,0,0,0,0,0,Surged Additional 50% Reduction,Belize,BLZ,2020-07-04,v3
2020-04-26,ICU_demand,0,0,0,0.26,0,1,Surged Additional 50% Reduction,Belize,BLZ,2020-07-04,v3
2020-04-26,ICU_incidence,0,0,0,0,0,0,Surged Additional 50% Reduction,Belize,BLZ,2020-07-04,v3
2020-04-26,infections,0,0,0,0.49,0,5.52,Surged Additional 50% Reduction,Belize,BLZ,2020-07-04,v3
2020-04-26,Rt,0.02,0.06,0.11,0.15,0.22,0.44,Surged Additional 50% Reduction,Belize,BLZ,2020-07-04,v3
2020-04-26,cumulative_infections,262.95,934,1359.5,1571.85,1823.25,4784.4,Surged Maintain Status Quo,Belize,BLZ,2020-07-04,v3
2020-04-26,deaths,0,0,0,0.04,0,1,Surged Maintain Status Quo,Belize,BLZ,2020-07-04,v3
2020-04-26,hospital_demand,0,0,0.5,1.09,2,4.52,Surged Maintain Status Quo,Belize,BLZ,2020-07-04,v3
2020-04-26,hospital_incidence,0,0,0,0,0,0,Surged Maintain Status Quo,Belize,BLZ,2020-07-04,v3
2020-04-26,ICU_demand,0,0,0,0.26,0,1,Surged Maintain Status Quo,Belize,BLZ,2020-07-04,v3
2020-04-26,ICU_incidence,0,0,0,0,0,0,Surged Maintain Status Quo,Belize,BLZ,2020-07-04,v3
2020-04-26,infections,0,0,0,0.49,0,5.52,Surged Maintain Status Quo,Belize,BLZ,2020-07-04,v3
2020-04-26,Rt,0.02,0.06,0.11,0.15,0.22,0.44,Surged Maintain Status Quo,Belize,BLZ,2020-07-04,v3
2020-04-26,cumulative_infections,262.95,934,1359.5,1571.85,1823.25,4784.4,Surged Relax Interventions 50%,Belize,BLZ,2020-07-04,v3
2020-04-26,deaths,0,0,0,0.04,0,1,Surged Relax Interventions 50%,Belize,BLZ,2020-07-04,v3
2020-04-26,hospital_demand,0,0,0.5,1.09,2,4.52,Surged Relax Interventions 50%,Belize,BLZ,2020-07-04,v3
2020-04-26,hospital_incidence,0,0,0,0,0,0,Surged Relax Interventions 50%,Belize,BLZ,2020-07-04,v3
2020-04-26,ICU_demand,0,0,0,0.26,0,1,Surged Relax Interventions 50%,Belize,BLZ,2020-07-04,v3
2020-04-26,ICU_incidence,0,0,0,0,0,0,Surged Relax Interventions 50%,Belize,BLZ,2020-07-04,v3
2020-04-26,infections,0,0,0,0.49,0,5.52,Surged Relax Interventions 50%,Belize,BLZ,2020-07-04,v3
2020-04-26,Rt,0.02,0.06,0.11,0.15,0.22,0.44,Surged Relax Interventions 50%,Belize,BLZ,2020-07-04,v3
2020-04-27,cumulative_infections,287.08,746.5,1465,1612.04,2162,4437.82,Additional 50% Reduction,Belize,BLZ,2020-07-04,v3
2020-04-27,deaths,0,0,0,0.01,0,0,Additional 50% Reduction,Belize,BLZ,2020-07-04,v3
2020-04-27,hospital_demand,0,0,1,1.03,2,4,Additional 50% Reduction,Belize,BLZ,2020-07-04,v3
2020-04-27,hospital_incidence,0,0,0,0,0,0,Additional 50% Reduction,Belize,BLZ,2020-07-04,v3
2020-04-27,ICU_demand,0,0,0,0.3,0,2,Additional 50% Reduction,Belize,BLZ,2020-07-04,v3
2020-04-27,ICU_incidence,0,0,0,0,0,0,Additional 50% Reduction,Belize,BLZ,2020-07-04,v3
2020-04-27,infections,0,0,0,0.56,0,4.52,Additional 50% Reduction,Belize,BLZ,2020-07-04,v3
2020-04-27,Rt,0.06,0.14,0.22,0.26,0.32,0.69,Additional 50% Reduction,Belize,BLZ,2020-07-04,v3
2020-04-27,cumulative_infections,287.08,746.5,1465,1612.04,2162,4437.82,Maintain Status Quo,Belize,BLZ,2020-07-04,v3
2020-04-27,deaths,0,0,0,0.01,0,0,Maintain Status Quo,Belize,BLZ,2020-07-04,v3
2020-04-27,hospital_demand,0,0,1,1.03,2,4,Maintain Status Quo,Belize,BLZ,2020-07-04,v3
2020-04-27,hospital_incidence,0,0,0,0,0,0,Maintain Status Quo,Belize,BLZ,2020-07-04,v3
2020-04-27,ICU_demand,0,0,0,0.3,0,2,Maintain Status Quo,Belize,BLZ,2020-07-04,v3
2020-04-27,ICU_incidence,0,0,0,0,0,0,Maintain Status Quo,Belize,BLZ,2020-07-04,v3
2020-04-27,infections,0,0,0,0.56,0,4.52,Maintain Status Quo,Belize,BLZ,2020-07-04,v3
2020-04-27,Rt,0.06,0.14,0.22,0.26,0.32,0.69,Maintain Status Quo,Belize,BLZ,2020-07-04,v3
2020-04-27,cumulative_infections,287.08,746.5,1465,1612.04,2162,4437.82,Relax Interventions 50%,Belize,BLZ,2020-07-04,v3
2020-04-27,deaths,0,0,0,0.01,0,0,Relax Interventions 50%,Belize,BLZ,2020-07-04,v3
2020-04-27,hospital_demand,0,0,1,1.03,2,4,Relax Interventions 50%,Belize,BLZ,2020-07-04,v3
2020-04-27,hospital_incidence,0,0,0,0,0,0,Relax Interventions 50%,Belize,BLZ,2020-07-04,v3
2020-04-27,ICU_demand,0,0,0,0.3,0,2,Relax Interventions 50%,Belize,BLZ,2020-07-04,v3
2020-04-27,ICU_incidence,0,0,0,0,0,0,Relax Interventions 50%,Belize,BLZ,2020-07-04,v3
2020-04-27,infections,0,0,0,0.56,0,4.52,Relax Interventions 50%,Belize,BLZ,2020-07-04,v3
2020-04-27,Rt,0.06,0.14,0.22,0.26,0.32,0.69,Relax Interventions 50%,Belize,BLZ,2020-07-04,v3
2020-04-27,cumulative_infections,263.42,934,1359.5,1572.32,1824.25,4784.4,Surged Additional 50% Reduction,Belize,BLZ,2020-07-04,v3
2020-04-27,deaths,0,0,0,0.01,0,0,Surged Additional 50% Reduction,Belize,BLZ,2020-07-04,v3
2020-04-27,hospital_demand,0,0,0,0.98,2,4.52,Surged Additional 50% Reduction,Belize,BLZ,2020-07-04,v3
2020-04-27,hospital_incidence,0,0,0,0,0,0,Surged Additional 50% Reduction,Belize,BLZ,2020-07-04,v3
2020-04-27,ICU_demand,0,0,0,0.22,0,1,Surged Additional 50% Reduction,Belize,BLZ,2020-07-04,v3
2020-04-27,ICU_incidence,0,0,0,0,0,0,Surged Additional 50% Reduction,Belize,BLZ,2020-07-04,v3
2020-04-27,infections,0,0,0,0.47,0,3.52,Surged Additional 50% Reduction,Belize,BLZ,2020-07-04,v3
2020-04-27,Rt,0.05,0.12,0.21,0.25,0.34,0.61,Surged Additional 50% Reduction,Belize,BLZ,2020-07-04,v3
2020-04-27,cumulative_infections,263.42,934,1359.5,1572.32,1824.25,4784.4,Surged Maintain Status Quo,Belize,BLZ,2020-07-04,v3
2020-04-27,deaths,0,0,0,0.01,0,0,Surged Maintain Status Quo,Belize,BLZ,2020-07-04,v3
2020-04-27,hospital_demand,0,0,0,0.98,2,4.52,Surged Maintain Status Quo,Belize,BLZ,2020-07-04,v3
2020-04-27,hospital_incidence,0,0,0,0,0,0,Surged Maintain Status Quo,Belize,BLZ,2020-07-04,v3
2020-04-27,ICU_demand,0,0,0,0.22,0,1,Surged Maintain Status Quo,Belize,BLZ,2020-07-04,v3
2020-04-27,ICU_incidence,0,0,0,0,0,0,Surged Maintain Status Quo,Belize,BLZ,2020-07-04,v3
2020-04-27,infections,0,0,0,0.47,0,3.52,Surged Maintain Status Quo,Belize,BLZ,2020-07-04,v3
2020-04-27,Rt,0.05,0.12,0.21,0.25,0.34,0.61,Surged Maintain Status Quo,Belize,BLZ,2020-07-04,v3
2020-04-27,cumulative_infections,263.42,934,1359.5,1572.32,1824.25,4784.4,Surged Relax Interventions 50%,Belize,BLZ,2020-07-04,v3
2020-04-27,deaths,0,0,0,0.01,0,0,Surged Relax Interventions 50%,Belize,BLZ,2020-07-04,v3
2020-04-27,hospital_demand,0,0,0,0.98,2,4.52,Surged Relax Interventions 50%,Belize,BLZ,2020-07-04,v3
2020-04-27,hospital_incidence,0,0,0,0,0,0,Surged Relax Interventions 50%,Belize,BLZ,2020-07-04,v3
2020-04-27,ICU_demand,0,0,0,0.22,0,1,Surged Relax Interventions 50%,Belize,BLZ,2020-07-04,v3
2020-04-27,ICU_incidence,0,0,0,0,0,0,Surged Relax Interventions 50%,Belize,BLZ,2020-07-04,v3
2020-04-27,infections,0,0,0,0.47,0,3.52,Surged Relax Interventions 50%,Belize,BLZ,2020-07-04,v3
2020-04-27,Rt,0.05,0.12,0.21,0.25,0.34,0.61,Surged Relax Interventions 50%,Belize,BLZ,2020-07-04,v3
2020-04-28,cumulative_infections,287.08,750,1466,1612.49,2162.25,4437.82,Additional 50% Reduction,Belize,BLZ,2020-07-04,v3
2020-04-28,deaths,0,0,0,0.02,0,0,Additional 50% Reduction,Belize,BLZ,2020-07-04,v3
2020-04-28,hospital_demand,0,0,1,0.85,1,3,Additional 50% Reduction,Belize,BLZ,2020-07-04,v3
2020-04-28,hospital_incidence,0,0,0,0,0,0,Additional 50% Reduction,Belize,BLZ,2020-07-04,v3
2020-04-28,ICU_demand,0,0,0,0.26,0,2,Additional 50% Reduction,Belize,BLZ,2020-07-04,v3
2020-04-28,ICU_incidence,0,0,0,0,0,0,Additional 50% Reduction,Belize,BLZ,2020-07-04,v3
2020-04-28,infections,0,0,0,0.45,0,5.52,Additional 50% Reduction,Belize,BLZ,2020-07-04,v3
2020-04-28,Rt,0.06,0.14,0.22,0.25,0.32,0.69,Additional 50% Reduction,Belize,BLZ,2020-07-04,v3
2020-04-28,cumulative_infections,287.08,750,1466,1612.49,2162.25,4437.82,Maintain Status Quo,Belize,BLZ,2020-07-04,v3
2020-04-28,deaths,0,0,0,0.02,0,0,Maintain Status Quo,Belize,BLZ,2020-07-04,v3
2020-04-28,hospital_demand,0,0,1,0.85,1,3,Maintain Status Quo,Belize,BLZ,2020-07-04,v3
2020-04-28,hospital_incidence,0,0,0,0,0,0,Maintain Status Quo,Belize,BLZ,2020-07-04,v3
2020-04-28,ICU_demand,0,0,0,0.26,0,2,Maintain Status Quo,Belize,BLZ,2020-07-04,v3
2020-04-28,ICU_incidence,0,0,0,0,0,0,Maintain Status Quo,Belize,BLZ,2020-07-04,v3
2020-04-28,infections,0,0,0,0.45,0,5.52,Maintain Status Quo,Belize,BLZ,2020-07-04,v3
2020-04-28,Rt,0.06,0.14,0.22,0.25,0.32,0.69,Maintain Status Quo,Belize,BLZ,2020-07-04,v3
2020-04-28,cumulative_infections,287.08,750,1466,1612.49,2162.25,4437.82,Relax Interventions 50%,Belize,BLZ,2020-07-04,v3
2020-04-28,deaths,0,0,0,0.02,0,0,Relax Interventions 50%,Belize,BLZ,2020-07-04,v3
2020-04-28,hospital_demand,0,0,1,0.85,1,3,Relax Interventions 50%,Belize,BLZ,2020-07-04,v3
2020-04-28,hospital_incidence,0,0,0,0,0,0,Relax Interventions 50%,Belize,BLZ,2020-07-04,v3
2020-04-28,ICU_demand,0,0,0,0.26,0,2,Relax Interventions 50%,Belize,BLZ,2020-07-04,v3
2020-04-28,ICU_incidence,0,0,0,0,0,0,Relax Interventions 50%,Belize,BLZ,2020-07-04,v3
2020-04-28,infections,0,0,0,0.45,0,5.52,Relax Interventions 50%,Belize,BLZ,2020-07-04,v3
2020-04-28,Rt,0.06,0.14,0.22,0.25,0.32,0.69,Relax Interventions 50%,Belize,BLZ,2020-07-04,v3
2020-04-28,cumulative_infections,263.9,934,1359.5,1572.76,1830,4784.4,Surged Additional 50% Reduction,Belize,BLZ,2020-07-04,v3
2020-04-28,deaths,0,0,0,0.02,0,0,Surged Additional 50% Reduction,Belize,BLZ,2020-07-04,v3
2020-04-28,hospital_demand,0,0,0,0.84,1,4,Surged Additional 50% Reduction,Belize,BLZ,2020-07-04,v3
2020-04-28,hospital_incidence,0,0,0,0,0,0,Surged Additional 50% Reduction,Belize,BLZ,2020-07-04,v3
2020-04-28,ICU_demand,0,0,0,0.18,0,1,Surged Additional 50% Reduction,Belize,BLZ,2020-07-04,v3
2020-04-28,ICU_incidence,0,0,0,0,0,0,Surged Additional 50% Reduction,Belize,BLZ,2020-07-04,v3
2020-04-28,infections,0,0,0,0.44,0,5.05,Surged Additional 50% Reduction,Belize,BLZ,2020-07-04,v3
2020-04-28,Rt,0.05,0.12,0.2,0.24,0.33,0.61,Surged Additional 50% Reduction,Belize,BLZ,2020-07-04,v3
2020-04-28,cumulative_infections,263.9,934,1359.5,1572.76,1830,4784.4,Surged Maintain Status Quo,Belize,BLZ,2020-07-04,v3
2020-04-28,deaths,0,0,0,0.02,0,0,Surged Maintain Status Quo,Belize,BLZ,2020-07-04,v3
2020-04-28,hospital_demand,0,0,0,0.84,1,4,Surged Maintain Status Quo,Belize,BLZ,2020-07-04,v3
2020-04-28,hospital_incidence,0,0,0,0,0,0,Surged Maintain Status Quo,Belize,BLZ,2020-07-04,v3
2020-04-28,ICU_demand,0,0,0,0.18,0,1,Surged Maintain Status Quo,Belize,BLZ,2020-07-04,v3
2020-04-28,ICU_incidence,0,0,0,0,0,0,Surged Maintain Status Quo,Belize,BLZ,2020-07-04,v3
2020-04-28,infections,0,0,0,0.44,0,5.05,Surged Maintain Status Quo,Belize,BLZ,2020-07-04,v3
2020-04-28,Rt,0.05,0.12,0.2,0.24,0.33,0.61,Surged Maintain Status Quo,Belize,BLZ,2020-07-04,v3
2020-04-28,cumulative_infections,263.9,934,1359.5,1572.76,1830,4784.4,Surged Relax Interventions 50%,Belize,BLZ,2020-07-04,v3
2020-04-28,deaths,0,0,0,0.02,0,0,Surged Relax Interventions 50%,Belize,BLZ,2020-07-04,v3
2020-04-28,hospital_demand,0,0,0,0.84,1,4,Surged Relax Interventions 50%,Belize,BLZ,2020-07-04,v3
2020-04-28,hospital_incidence,0,0,0,0,0,0,Surged Relax Interventions 50%,Belize,BLZ,2020-07-04,v3
2020-04-28,ICU_demand,0,0,0,0.18,0,1,Surged Relax Interventions 50%,Belize,BLZ,2020-07-04,v3
2020-04-28,ICU_incidence,0,0,0,0,0,0,Surged Relax Interventions 50%,Belize,BLZ,2020-07-04,v3
2020-04-28,infections,0,0,0,0.44,0,5.05,Surged Relax Interventions 50%,Belize,BLZ,2020-07-04,v3
2020-04-28,Rt,0.05,0.12,0.2,0.24,0.33,0.61,Surged Relax Interventions 50%,Belize,BLZ,2020-07-04,v3
2020-04-29,cumulative_infections,287.08,750.75,1466.5,1612.89,2162.25,4438.35,Additional 50% Reduction,Belize,BLZ,2020-07-04,v3
2020-04-29,deaths,0,0,0,0.02,0,0,Additional 50% Reduction,Belize,BLZ,2020-07-04,v3
2020-04-29,hospital_demand,0,0,0,0.69,1,2,Additional 50% Reduction,Belize,BLZ,2020-07-04,v3
2020-04-29,hospital_incidence,0,0,0,0,0,0,Additional 50% Reduction,Belize,BLZ,2020-07-04,v3
2020-04-29,ICU_demand,0,0,0,0.26,0,2,Additional 50% Reduction,Belize,BLZ,2020-07-04,v3
2020-04-29,ICU_incidence,0,0,0,0,0,0,Additional 50% Reduction,Belize,BLZ,2020-07-04,v3
2020-04-29,infections,0,0,0,0.4,0,4.52,Additional 50% Reduction,Belize,BLZ,2020-07-04,v3
2020-04-29,Rt,0.07,0.17,0.27,0.3,0.37,0.71,Additional 50% Reduction,Belize,BLZ,2020-07-04,v3
2020-04-29,cumulative_infections,287.08,750.75,1466.5,1612.89,2162.25,4438.35,Maintain Status Quo,Belize,BLZ,2020-07-04,v3
2020-04-29,deaths,0,0,0,0.02,0,0,Maintain Status Quo,Belize,BLZ,2020-07-04,v3
2020-04-29,hospital_demand,0,0,0,0.69,1,2,Maintain Status Quo,Belize,BLZ,2020-07-04,v3
2020-04-29,hospital_incidence,0,0,0,0,0,0,Maintain Status Quo,Belize,BLZ,2020-07-04,v3
2020-04-29,ICU_demand,0,0,0,0.26,0,2,Maintain Status Quo,Belize,BLZ,2020-07-04,v3
2020-04-29,ICU_incidence,0,0,0,0,0,0,Maintain Status Quo,Belize,BLZ,2020-07-04,v3
2020-04-29,infections,0,0,0,0.4,0,4.52,Maintain Status Quo,Belize,BLZ,2020-07-04,v3
2020-04-29,Rt,0.07,0.17,0.27,0.3,0.37,0.71,Maintain Status Quo,Belize,BLZ,2020-07-04,v3
2020-04-29,cumulative_infections,287.08,750.75,1466.5,1612.89,2162.25,4438.35,Relax Interventions 50%,Belize,BLZ,2020-07-04,v3
2020-04-29,deaths,0,0,0,0.02,0,0,Relax Interventions 50%,Belize,BLZ,2020-07-04,v3
2020-04-29,hospital_demand,0,0,0,0.69,1,2,Relax Interventions 50%,Belize,BLZ,2020-07-04,v3
2020-04-29,hospital_incidence,0,0,0,0,0,0,Relax Interventions 50%,Belize,BLZ,2020-07-04,v3
2020-04-29,ICU_demand,0,0,0,0.26,0,2,Relax Interventions 50%,Belize,BLZ,2020-07-04,v3
2020-04-29,ICU_incidence,0,0,0,0,0,0,Relax Interventions 50%,Belize,BLZ,2020-07-04,v3
2020-04-29,infections,0,0,0,0.4,0,4.52,Relax Interventions 50%,Belize,BLZ,2020-07-04,v3
2020-04-29,Rt,0.07,0.17,0.27,0.3,0.37,0.71,Relax Interventions 50%,Belize,BLZ,2020-07-04,v3
2020-04-29,cumulative_infections,264.85,934.75,1359.5,1573.17,1831,4784.4,Surged Additional 50% Reduction,Belize,BLZ,2020-07-04,v3
2020-04-29,deaths,0,0,0,0,0,0,Surged Additional 50% Reduction,Belize,BLZ,2020-07-04,v3
2020-04-29,hospital_demand,0,0,0,0.73,1,3,Surged Additional 50% Reduction,Belize,BLZ,2020-07-04,v3
2020-04-29,hospital_incidence,0,0,0,0,0,0,Surged Additional 50% Reduction,Belize,BLZ,2020-07-04,v3
2020-04-29,ICU_demand,0,0,0,0.17,0,1,Surged Additional 50% Reduction,Belize,BLZ,2020-07-04,v3
2020-04-29,ICU_incidence,0,0,0,0,0,0,Surged Additional 50% Reduction,Belize,BLZ,2020-07-04,v3
2020-04-29,infections,0,0,0,0.41,0,3,Surged Additional 50% Reduction,Belize,BLZ,2020-07-04,v3
2020-04-29,Rt,0.07,0.15,0.23,0.29,0.38,0.67,Surged Additional 50% Reduction,Belize,BLZ,2020-07-04,v3
2020-04-29,cumulative_infections,264.85,934.75,1359.5,1573.17,1831,4784.4,Surged Maintain Status Quo,Belize,BLZ,2020-07-04,v3
2020-04-29,deaths,0,0,0,0,0,0,Surged Maintain Status Quo,Belize,BLZ,2020-07-04,v3
2020-04-29,hospital_demand,0,0,0,0.73,1,3,Surged Maintain Status Quo,Belize,BLZ,2020-07-04,v3
2020-04-29,hospital_incidence,0,0,0,0,0,0,Surged Maintain Status Quo,Belize,BLZ,2020-07-04,v3
2020-04-29,ICU_demand,0,0,0,0.17,0,1,Surged Maintain Status Quo,Belize,BLZ,2020-07-04,v3
2020-04-29,ICU_incidence,0,0,0,0,0,0,Surged Maintain Status Quo,Belize,BLZ,2020-07-04,v3
2020-04-29,infections,0,0,0,0.41,0,3,Surged Maintain Status Quo,Belize,BLZ,2020-07-04,v3
2020-04-29,Rt,0.07,0.15,0.23,0.29,0.38,0.67,Surged Maintain Status Quo,Belize,BLZ,2020-07-04,v3
2020-04-29,cumulative_infections,264.85,934.75,1359.5,1573.17,1831,4784.4,Surged Relax Interventions 50%,Belize,BLZ,2020-07-04,v3
2020-04-29,deaths,0,0,0,0,0,0,Surged Relax Interventions 50%,Belize,BLZ,2020-07-04,v3
2020-04-29,hospital_demand,0,0,0,0.73,1,3,Surged Relax Interventions 50%,Belize,BLZ,2020-07-04,v3
2020-04-29,hospital_incidence,0,0,0,0,0,0,Surged Relax Interventions 50%,Belize,BLZ,2020-07-04,v3
2020-04-29,ICU_demand,0,0,0,0.17,0,1,Surged Relax Interventions 50%,Belize,BLZ,2020-07-04,v3
2020-04-29,ICU_incidence,0,0,0,0,0,0,Surged Relax Interventions 50%,Belize,BLZ,2020-07-04,v3
2020-04-29,infections,0,0,0,0.41,0,3,Surged Relax Interventions 50%,Belize,BLZ,2020-07-04,v3
2020-04-29,Rt,0.07,0.15,0.23,0.29,0.38,0.67,Surged Relax Interventions 50%,Belize,BLZ,2020-07-04,v3
2020-04-30,cumulative_infections,287.08,752.25,1466.5,1613.3,2163,4438.35,Additional 50% Reduction,Belize,BLZ,2020-07-04,v3
2020-04-30,deaths,0,0,0,0,0,0,Additional 50% Reduction,Belize,BLZ,2020-07-04,v3
2020-04-30,hospital_demand,0,0,0,0.56,1,2,Additional 50% Reduction,Belize,BLZ,2020-07-04,v3
2020-04-30,hospital_incidence,0,0,0,0,0,0,Additional 50% Reduction,Belize,BLZ,2020-07-04,v3
2020-04-30,ICU_demand,0,0,0,0.24,0,1.52,Additional 50% Reduction,Belize,BLZ,2020-07-04,v3
2020-04-30,ICU_incidence,0,0,0,0,0,0,Additional 50% Reduction,Belize,BLZ,2020-07-04,v3
2020-04-30,infections,0,0,0,0.41,0,4.57,Additional 50% Reduction,Belize,BLZ,2020-07-04,v3
2020-04-30,Rt,0.09,0.25,0.38,0.41,0.52,0.9,Additional 50% Reduction,Belize,BLZ,2020-07-04,v3
2020-04-30,cumulative_infections,287.08,752.25,1466.5,1613.3,2163,4438.35,Maintain Status Quo,Belize,BLZ,2020-07-04,v3
2020-04-30,deaths,0,0,0,0,0,0,Maintain Status Quo,Belize,BLZ,2020-07-04,v3
2020-04-30,hospital_demand,0,0,0,0.56,1,2,Maintain Status Quo,Belize,BLZ,2020-07-04,v3
2020-04-30,hospital_incidence,0,0,0,0,0,0,Maintain Status Quo,Belize,BLZ,2020-07-04,v3
2020-04-30,ICU_demand,0,0,0,0.24,0,1.52,Maintain Status Quo,Belize,BLZ,2020-07-04,v3
2020-04-30,ICU_incidence,0,0,0,0,0,0,Maintain Status Quo,Belize,BLZ,2020-07-04,v3
2020-04-30,infections,0,0,0,0.41,0,4.57,Maintain Status Quo,Belize,BLZ,2020-07-04,v3
2020-04-30,Rt,0.09,0.25,0.38,0.41,0.52,0.9,Maintain Status Quo,Belize,BLZ,2020-07-04,v3
2020-04-30,cumulative_infections,287.08,752.25,1466.5,1613.3,2163,4438.35,Relax Interventions 50%,Belize,BLZ,2020-07-04,v3
2020-04-30,deaths,0,0,0,0,0,0,Relax Interventions 50%,Belize,BLZ,2020-07-04,v3
2020-04-30,hospital_demand,0,0,0,0.56,1,2,Relax Interventions 50%,Belize,BLZ,2020-07-04,v3
2020-04-30,hospital_incidence,0,0,0,0,0,0,Relax Interventions 50%,Belize,BLZ,2020-07-04,v3
2020-04-30,ICU_demand,0,0,0,0.24,0,1.52,Relax Interventions 50%,Belize,BLZ,2020-07-04,v3
2020-04-30,ICU_incidence,0,0,0,0,0,0,Relax Interventions 50%,Belize,BLZ,2020-07-04,v3
2020-04-30,infections,0,0,0,0.41,0,4.57,Relax Interventions 50%,Belize,BLZ,2020-07-04,v3
2020-04-30,Rt,0.09,0.25,0.38,0.41,0.52,0.9,Relax Interventions 50%,Belize,BLZ,2020-07-04,v3
2020-04-30,cumulative_infections,264.85,934.75,1359.5,1573.42,1833.25,4784.4,Surged Additional 50% Reduction,Belize,BLZ,2020-07-04,v3
2020-04-30,deaths,0,0,0,0,0,0,Surged Additional 50% Reduction,Belize,BLZ,2020-07-04,v3
2020-04-30,hospital_demand,0,0,0,0.72,1,3,Surged Additional 50% Reduction,Belize,BLZ,2020-07-04,v3
2020-04-30,hospital_incidence,0,0,0,0,0,0,Surged Additional 50% Reduction,Belize,BLZ,2020-07-04,v3
2020-04-30,ICU_demand,0,0,0,0.12,0,1,Surged Additional 50% Reduction,Belize,BLZ,2020-07-04,v3
2020-04-30,ICU_incidence,0,0,0,0,0,0,Surged Additional 50% Reduction,Belize,BLZ,2020-07-04,v3
2020-04-30,infections,0,0,0,0.25,0,3,Surged Additional 50% Reduction,Belize,BLZ,2020-07-04,v3
2020-04-30,Rt,0.11,0.22,0.32,0.39,0.53,0.83,Surged Additional 50% Reduction,Belize,BLZ,2020-07-04,v3
2020-04-30,cumulative_infections,264.85,934.75,1359.5,1573.42,1833.25,4784.4,Surged Maintain Status Quo,Belize,BLZ,2020-07-04,v3
2020-04-30,deaths,0,0,0,0,0,0,Surged Maintain Status Quo,Belize,BLZ,2020-07-04,v3
2020-04-30,hospital_demand,0,0,0,0.72,1,3,Surged Maintain Status Quo,Belize,BLZ,2020-07-04,v3
2020-04-30,hospital_incidence,0,0,0,0,0,0,Surged Maintain Status Quo,Belize,BLZ,2020-07-04,v3
2020-04-30,ICU_demand,0,0,0,0.12,0,1,Surged Maintain Status Quo,Belize,BLZ,2020-07-04,v3
2020-04-30,ICU_incidence,0,0,0,0,0,0,Surged Maintain Status Quo,Belize,BLZ,2020-07-04,v3
2020-04-30,infections,0,0,0,0.25,0,3,Surged Maintain Status Quo,Belize,BLZ,2020-07-04,v3
2020-04-30,Rt,0.11,0.22,0.32,0.39,0.53,0.83,Surged Maintain Status Quo,Belize,BLZ,2020-07-04,v3
2020-04-30,cumulative_infections,264.85,934.75,1359.5,1573.42,1833.25,4784.4,Surged Relax Interventions 50%,Belize,BLZ,2020-07-04,v3
2020-04-30,deaths,0,0,0,0,0,0,Surged Relax Interventions 50%,Belize,BLZ,2020-07-04,v3
2020-04-30,hospital_demand,0,0,0,0.72,1,3,Surged Relax Interventions 50%,Belize,BLZ,2020-07-04,v3
2020-04-30,hospital_incidence,0,0,0,0,0,0,Surged Relax Interventions 50%,Belize,BLZ,2020-07-04,v3
2020-04-30,ICU_demand,0,0,0,0.12,0,1,Surged Relax Interventions 50%,Belize,BLZ,2020-07-04,v3
2020-04-30,ICU_incidence,0,0,0,0,0,0,Surged Relax Interventions 50%,Belize,BLZ,2020-07-04,v3
2020-04-30,infections,0,0,0,0.25,0,3,Surged Relax Interventions 50%,Belize,BLZ,2020-07-04,v3
2020-04-30,Rt,0.11,0.22,0.32,0.39,0.53,0.83,Surged Relax Interventions 50%,Belize,BLZ,2020-07-04,v3
2020-05-01,cumulative_infections,287.08,753,1467.5,1613.77,2163.25,4438.35,Additional 50% Reduction,Belize,BLZ,2020-07-04,v3
2020-05-01,deaths,0,0,0,0.02,0,0,Additional 50% Reduction,Belize,BLZ,2020-07-04,v3
2020-05-01,hospital_demand,0,0,0,0.51,1,2.52,Additional 50% Reduction,Belize,BLZ,2020-07-04,v3
2020-05-01,hospital_incidence,0,0,0,0,0,0,Additional 50% Reduction,Belize,BLZ,2020-07-04,v3
2020-05-01,ICU_demand,0,0,0,0.21,0,1,Additional 50% Reduction,Belize,BLZ,2020-07-04,v3
2020-05-01,ICU_incidence,0,0,0,0,0,0,Additional 50% Reduction,Belize,BLZ,2020-07-04,v3
2020-05-01,infections,0,0,0,0.47,0,4,Additional 50% Reduction,Belize,BLZ,2020-07-04,v3
2020-05-01,Rt,0.02,0.04,0.08,0.13,0.16,0.58,Additional 50% Reduction,Belize,BLZ,2020-07-04,v3
2020-05-01,cumulative_infections,287.08,753,1467.5,1613.77,2163.25,4438.35,Maintain Status Quo,Belize,BLZ,2020-07-04,v3
2020-05-01,deaths,0,0,0,0.02,0,0,Maintain Status Quo,Belize,BLZ,2020-07-04,v3
2020-05-01,hospital_demand,0,0,0,0.51,1,2.52,Maintain Status Quo,Belize,BLZ,2020-07-04,v3
2020-05-01,hospital_incidence,0,0,0,0,0,0,Maintain Status Quo,Belize,BLZ,2020-07-04,v3
2020-05-01,ICU_demand,0,0,0,0.21,0,1,Maintain Status Quo,Belize,BLZ,2020-07-04,v3
2020-05-01,ICU_incidence,0,0,0,0,0,0,Maintain Status Quo,Belize,BLZ,2020-07-04,v3
2020-05-01,infections,0,0,0,0.47,0,4,Maintain Status Quo,Belize,BLZ,2020-07-04,v3
2020-05-01,Rt,0.02,0.04,0.08,0.13,0.16,0.58,Maintain Status Quo,Belize,BLZ,2020-07-04,v3
2020-05-01,cumulative_infections,287.08,753,1467.5,1613.77,2163.25,4438.35,Relax Interventions 50%,Belize,BLZ,2020-07-04,v3
2020-05-01,deaths,0,0,0,0.02,0,0,Relax Interventions 50%,Belize,BLZ,2020-07-04,v3
2020-05-01,hospital_demand,0,0,0,0.51,1,2.52,Relax Interventions 50%,Belize,BLZ,2020-07-04,v3
2020-05-01,hospital_incidence,0,0,0,0,0,0,Relax Interventions 50%,Belize,BLZ,2020-07-04,v3
2020-05-01,ICU_demand,0,0,0,0.21,0,1,Relax Interventions 50%,Belize,BLZ,2020-07-04,v3
2020-05-01,ICU_incidence,0,0,0,0,0,0,Relax Interventions 50%,Belize,BLZ,2020-07-04,v3
2020-05-01,infections,0,0,0,0.47,0,4,Relax Interventions 50%,Belize,BLZ,2020-07-04,v3
2020-05-01,Rt,0.02,0.04,0.08,0.13,0.16,0.58,Relax Interventions 50%,Belize,BLZ,2020-07-04,v3
2020-05-01,cumulative_infections,264.85,934.75,1359.5,1573.7,1834.75,4784.4,Surged Additional 50% Reduction,Belize,BLZ,2020-07-04,v3
2020-05-01,deaths,0,0,0,0,0,0,Surged Additional 50% Reduction,Belize,BLZ,2020-07-04,v3
2020-05-01,hospital_demand,0,0,0,0.65,1,2.52,Surged Additional 50% Reduction,Belize,BLZ,2020-07-04,v3
2020-05-01,hospital_incidence,0,0,0,0,0,0,Surged Additional 50% Reduction,Belize,BLZ,2020-07-04,v3
2020-05-01,ICU_demand,0,0,0,0.1,0,1,Surged Additional 50% Reduction,Belize,BLZ,2020-07-04,v3
2020-05-01,ICU_incidence,0,0,0,0,0,0,Surged Additional 50% Reduction,Belize,BLZ,2020-07-04,v3
2020-05-01,infections,0,0,0,0.28,0,2,Surged Additional 50% Reduction,Belize,BLZ,2020-07-04,v3
2020-05-01,Rt,0.01,0.04,0.09,0.12,0.17,0.39,Surged Additional 50% Reduction,Belize,BLZ,2020-07-04,v3
2020-05-01,cumulative_infections,264.85,934.75,1359.5,1573.7,1834.75,4784.4,Surged Maintain Status Quo,Belize,BLZ,2020-07-04,v3
2020-05-01,deaths,0,0,0,0,0,0,Surged Maintain Status Quo,Belize,BLZ,2020-07-04,v3
2020-05-01,hospital_demand,0,0,0,0.65,1,2.52,Surged Maintain Status Quo,Belize,BLZ,2020-07-04,v3
2020-05-01,hospital_incidence,0,0,0,0,0,0,Surged Maintain Status Quo,Belize,BLZ,2020-07-04,v3
2020-05-01,ICU_demand,0,0,0,0.1,0,1,Surged Maintain Status Quo,Belize,BLZ,2020-07-04,v3
2020-05-01,ICU_incidence,0,0,0,0,0,0,Surged Maintain Status Quo,Belize,BLZ,2020-07-04,v3
2020-05-01,infections,0,0,0,0.28,0,2,Surged Maintain Status Quo,Belize,BLZ,2020-07-04,v3
2020-05-01,Rt,0.01,0.04,0.09,0.12,0.17,0.39,Surged Maintain Status Quo,Belize,BLZ,2020-07-04,v3
2020-05-01,cumulative_infections,264.85,934.75,1359.5,1573.7,1834.75,4784.4,Surged Relax Interventions 50%,Belize,BLZ,2020-07-04,v3
2020-05-01,deaths,0,0,0,0,0,0,Surged Relax Interventions 50%,Belize,BLZ,2020-07-04,v3
2020-05-01,hospital_demand,0,0,0,0.65,1,2.52,Surged Relax Interventions 50%,Belize,BLZ,2020-07-04,v3
2020-05-01,hospital_incidence,0,0,0,0,0,0,Surged Relax Interventions 50%,Belize,BLZ,2020-07-04,v3
2020-05-01,ICU_demand,0,0,0,0.1,0,1,Surged Relax Interventions 50%,Belize,BLZ,2020-07-04,v3
2020-05-01,ICU_incidence,0,0,0,0,0,0,Surged Relax Interventions 50%,Belize,BLZ,2020-07-04,v3
2020-05-01,infections,0,0,0,0.28,0,2,Surged Relax Interventions 50%,Belize,BLZ,2020-07-04,v3
2020-05-01,Rt,0.01,0.04,0.09,0.12,0.17,0.39,Surged Relax Interventions 50%,Belize,BLZ,2020-07-04,v3
2020-05-02,cumulative_infections,287.08,754.5,1467.5,1614.21,2163.75,4438.35,Additional 50% Reduction,Belize,BLZ,2020-07-04,v3
2020-05-02,deaths,0,0,0,0.01,0,0,Additional 50% Reduction,Belize,BLZ,2020-07-04,v3
2020-05-02,hospital_demand,0,0,0,0.44,1,2,Additional 50% Reduction,Belize,BLZ,2020-07-04,v3
2020-05-02,hospital_incidence,0,0,0,0,0,0,Additional 50% Reduction,Belize,BLZ,2020-07-04,v3
2020-05-02,ICU_demand,0,0,0,0.19,0,1,Additional 50% Reduction,Belize,BLZ,2020-07-04,v3
2020-05-02,ICU_incidence,0,0,0,0,0,0,Additional 50% Reduction,Belize,BLZ,2020-07-04,v3
2020-05-02,infections,0,0,0,0.44,0,5,Additional 50% Reduction,Belize,BLZ,2020-07-04,v3
2020-05-02,Rt,0.08,0.21,0.32,0.35,0.43,0.75,Additional 50% Reduction,Belize,BLZ,2020-07-04,v3
2020-05-02,cumulative_infections,287.08,754.5,1467.5,1614.21,2163.75,4438.35,Maintain Status Quo,Belize,BLZ,2020-07-04,v3
2020-05-02,deaths,0,0,0,0.01,0,0,Maintain Status Quo,Belize,BLZ,2020-07-04,v3
2020-05-02,hospital_demand,0,0,0,0.44,1,2,Maintain Status Quo,Belize,BLZ,2020-07-04,v3
2020-05-02,hospital_incidence,0,0,0,0,0,0,Maintain Status Quo,Belize,BLZ,2020-07-04,v3
2020-05-02,ICU_demand,0,0,0,0.19,0,1,Maintain Status Quo,Belize,BLZ,2020-07-04,v3
2020-05-02,ICU_incidence,0,0,0,0,0,0,Maintain Status Quo,Belize,BLZ,2020-07-04,v3
2020-05-02,infections,0,0,0,0.44,0,5,Maintain Status Quo,Belize,BLZ,2020-07-04,v3
2020-05-02,Rt,0.08,0.21,0.32,0.35,0.43,0.75,Maintain Status Quo,Belize,BLZ,2020-07-04,v3
2020-05-02,cumulative_infections,287.08,754.5,1467.5,1614.21,2163.75,4438.35,Relax Interventions 50%,Belize,BLZ,2020-07-04,v3
2020-05-02,deaths,0,0,0,0.01,0,0,Relax Interventions 50%,Belize,BLZ,2020-07-04,v3
2020-05-02,hospital_demand,0,0,0,0.44,1,2,Relax Interventions 50%,Belize,BLZ,2020-07-04,v3
2020-05-02,hospital_incidence,0,0,0,0,0,0,Relax Interventions 50%,Belize,BLZ,2020-07-04,v3
2020-05-02,ICU_demand,0,0,0,0.19,0,1,Relax Interventions 50%,Belize,BLZ,2020-07-04,v3
2020-05-02,ICU_incidence,0,0,0,0,0,0,Relax Interventions 50%,Belize,BLZ,2020-07-04,v3
2020-05-02,infections,0,0,0,0.44,0,5,Relax Interventions 50%,Belize,BLZ,2020-07-04,v3
2020-05-02,Rt,0.08,0.21,0.32,0.35,0.43,0.75,Relax Interventions 50%,Belize,BLZ,2020-07-04,v3
2020-05-02,cumulative_infections,264.85,934.75,1359.5,1574.12,1841.25,4784.4,Surged Additional 50% Reduction,Belize,BLZ,2020-07-04,v3
2020-05-02,deaths,0,0,0,0,0,0,Surged Additional 50% Reduction,Belize,BLZ,2020-07-04,v3
2020-05-02,hospital_demand,0,0,0,0.54,1,2.52,Surged Additional 50% Reduction,Belize,BLZ,2020-07-04,v3
2020-05-02,hospital_incidence,0,0,0,0,0,0,Surged Additional 50% Reduction,Belize,BLZ,2020-07-04,v3
2020-05-02,ICU_demand,0,0,0,0.09,0,1,Surged Additional 50% Reduction,Belize,BLZ,2020-07-04,v3
2020-05-02,ICU_incidence,0,0,0,0,0,0,Surged Additional 50% Reduction,Belize,BLZ,2020-07-04,v3
2020-05-02,infections,0,0,0,0.42,0,6.05,Surged Additional 50% Reduction,Belize,BLZ,2020-07-04,v3
2020-05-02,Rt,0.09,0.18,0.28,0.33,0.46,0.73,Surged Additional 50% Reduction,Belize,BLZ,2020-07-04,v3
2020-05-02,cumulative_infections,264.85,934.75,1359.5,1574.12,1841.25,4784.4,Surged Maintain Status Quo,Belize,BLZ,2020-07-04,v3
2020-05-02,deaths,0,0,0,0,0,0,Surged Maintain Status Quo,Belize,BLZ,2020-07-04,v3
2020-05-02,hospital_demand,0,0,0,0.54,1,2.52,Surged Maintain Status Quo,Belize,BLZ,2020-07-04,v3
2020-05-02,hospital_incidence,0,0,0,0,0,0,Surged Maintain Status Quo,Belize,BLZ,2020-07-04,v3
2020-05-02,ICU_demand,0,0,0,0.09,0,1,Surged Maintain Status Quo,Belize,BLZ,2020-07-04,v3
2020-05-02,ICU_incidence,0,0,0,0,0,0,Surged Maintain Status Quo,Belize,BLZ,2020-07-04,v3
2020-05-02,infections,0,0,0,0.42,0,6.05,Surged Maintain Status Quo,Belize,BLZ,2020-07-04,v3
2020-05-02,Rt,0.09,0.18,0.28,0.33,0.46,0.73,Surged Maintain Status Quo,Belize,BLZ,2020-07-04,v3
2020-05-02,cumulative_infections,264.85,934.75,1359.5,1574.12,1841.25,4784.4,Surged Relax Interventions 50%,Belize,BLZ,2020-07-04,v3
2020-05-02,deaths,0,0,0,0,0,0,Surged Relax Interventions 50%,Belize,BLZ,2020-07-04,v3
2020-05-02,hospital_demand,0,0,0,0.54,1,2.52,Surged Relax Interventions 50%,Belize,BLZ,2020-07-04,v3
2020-05-02,hospital_incidence,0,0,0,0,0,0,Surged Relax Interventions 50%,Belize,BLZ,2020-07-04,v3
2020-05-02,ICU_demand,0,0,0,0.09,0,1,Surged Relax Interventions 50%,Belize,BLZ,2020-07-04,v3
2020-05-02,ICU_incidence,0,0,0,0,0,0,Surged Relax Interventions 50%,Belize,BLZ,2020-07-04,v3
2020-05-02,infections,0,0,0,0.42,0,6.05,Surged Relax Interventions 50%,Belize,BLZ,2020-07-04,v3
2020-05-02,Rt,0.09,0.18,0.28,0.33,0.46,0.73,Surged Relax Interventions 50%,Belize,BLZ,2020-07-04,v3
2020-05-03,cumulative_infections,287.08,755.25,1467.5,1614.55,2163.75,4438.35,Additional 50% Reduction,Belize,BLZ,2020-07-04,v3
2020-05-03,deaths,0,0,0,0,0,0,Additional 50% Reduction,Belize,BLZ,2020-07-04,v3
2020-05-03,hospital_demand,0,0,0,0.43,1,2,Additional 50% Reduction,Belize,BLZ,2020-07-04,v3
2020-05-03,hospital_incidence,0,0,0,0,0,0,Additional 50% Reduction,Belize,BLZ,2020-07-04,v3
2020-05-03,ICU_demand,0,0,0,0.17,0,1,Additional 50% Reduction,Belize,BLZ,2020-07-04,v3
2020-05-03,ICU_incidence,0,0,0,0,0,0,Additional 50% Reduction,Belize,BLZ,2020-07-04,v3
2020-05-03,infections,0,0,0,0.34,0,3.05,Additional 50% Reduction,Belize,BLZ,2020-07-04,v3
2020-05-03,Rt,0.04,0.1,0.17,0.21,0.27,0.64,Additional 50% Reduction,Belize,BLZ,2020-07-04,v3
2020-05-03,cumulative_infections,287.08,755.25,1467.5,1614.55,2163.75,4438.35,Maintain Status Quo,Belize,BLZ,2020-07-04,v3
2020-05-03,deaths,0,0,0,0,0,0,Maintain Status Quo,Belize,BLZ,2020-07-04,v3
2020-05-03,hospital_demand,0,0,0,0.43,1,2,Maintain Status Quo,Belize,BLZ,2020-07-04,v3
2020-05-03,hospital_incidence,0,0,0,0,0,0,Maintain Status Quo,Belize,BLZ,2020-07-04,v3
2020-05-03,ICU_demand,0,0,0,0.17,0,1,Maintain Status Quo,Belize,BLZ,2020-07-04,v3
2020-05-03,ICU_incidence,0,0,0,0,0,0,Maintain Status Quo,Belize,BLZ,2020-07-04,v3
2020-05-03,infections,0,0,0,0.34,0,3.05,Maintain Status Quo,Belize,BLZ,2020-07-04,v3
2020-05-03,Rt,0.04,0.1,0.17,0.21,0.27,0.64,Maintain Status Quo,Belize,BLZ,2020-07-04,v3
2020-05-03,cumulative_infections,287.08,755.25,1467.5,1614.55,2163.75,4438.35,Relax Interventions 50%,Belize,BLZ,2020-07-04,v3
2020-05-03,deaths,0,0,0,0,0,0,Relax Interventions 50%,Belize,BLZ,2020-07-04,v3
2020-05-03,hospital_demand,0,0,0,0.43,1,2,Relax Interventions 50%,Belize,BLZ,2020-07-04,v3
2020-05-03,hospital_incidence,0,0,0,0,0,0,Relax Interventions 50%,Belize,BLZ,2020-07-04,v3
2020-05-03,ICU_demand,0,0,0,0.17,0,1,Relax Interventions 50%,Belize,BLZ,2020-07-04,v3
2020-05-03,ICU_incidence,0,0,0,0,0,0,Relax Interventions 50%,Belize,BLZ,2020-07-04,v3
2020-05-03,infections,0,0,0,0.34,0,3.05,Relax Interventions 50%,Belize,BLZ,2020-07-04,v3
2020-05-03,Rt,0.04,0.1,0.17,0.21,0.27,0.64,Relax Interventions 50%,Belize,BLZ,2020-07-04,v3
2020-05-03,cumulative_infections,265.32,934.75,1359.5,1574.41,1843.75,4784.4,Surged Additional 50% Reduction,Belize,BLZ,2020-07-04,v3
2020-05-03,deaths,0,0,0,0,0,0,Surged Additional 50% Reduction,Belize,BLZ,2020-07-04,v3
2020-05-03,hospital_demand,0,0,0,0.46,1,2.52,Surged Additional 50% Reduction,Belize,BLZ,2020-07-04,v3
2020-05-03,hospital_incidence,0,0,0,0,0,0,Surged Additional 50% Reduction,Belize,BLZ,2020-07-04,v3
2020-05-03,ICU_demand,0,0,0,0.08,0,1,Surged Additional 50% Reduction,Belize,BLZ,2020-07-04,v3
2020-05-03,ICU_incidence,0,0,0,0,0,0,Surged Additional 50% Reduction,Belize,BLZ,2020-07-04,v3
2020-05-03,infections,0,0,0,0.29,0,3,Surged Additional 50% Reduction,Belize,BLZ,2020-07-04,v3
2020-05-03,Rt,0.04,0.09,0.16,0.2,0.27,0.54,Surged Additional 50% Reduction,Belize,BLZ,2020-07-04,v3
2020-05-03,cumulative_infections,265.32,934.75,1359.5,1574.41,1843.75,4784.4,Surged Maintain Status Quo,Belize,BLZ,2020-07-04,v3
2020-05-03,deaths,0,0,0,0,0,0,Surged Maintain Status Quo,Belize,BLZ,2020-07-04,v3
2020-05-03,hospital_demand,0,0,0,0.46,1,2.52,Surged Maintain Status Quo,Belize,BLZ,2020-07-04,v3
2020-05-03,hospital_incidence,0,0,0,0,0,0,Surged Maintain Status Quo,Belize,BLZ,2020-07-04,v3
2020-05-03,ICU_demand,0,0,0,0.08,0,1,Surged Maintain Status Quo,Belize,BLZ,2020-07-04,v3
2020-05-03,ICU_incidence,0,0,0,0,0,0,Surged Maintain Status Quo,Belize,BLZ,2020-07-04,v3
2020-05-03,infections,0,0,0,0.29,0,3,Surged Maintain Status Quo,Belize,BLZ,2020-07-04,v3
2020-05-03,Rt,0.04,0.09,0.16,0.2,0.27,0.54,Surged Maintain Status Quo,Belize,BLZ,2020-07-04,v3
2020-05-03,cumulative_infections,265.32,934.75,1359.5,1574.41,1843.75,4784.4,Surged Relax Interventions 50%,Belize,BLZ,2020-07-04,v3
2020-05-03,deaths,0,0,0,0,0,0,Surged Relax Interventions 50%,Belize,BLZ,2020-07-04,v3
2020-05-03,hospital_demand,0,0,0,0.46,1,2.52,Surged Relax Interventions 50%,Belize,BLZ,2020-07-04,v3
2020-05-03,hospital_incidence,0,0,0,0,0,0,Surged Relax Interventions 50%,Belize,BLZ,2020-07-04,v3
2020-05-03,ICU_demand,0,0,0,0.08,0,1,Surged Relax Interventions 50%,Belize,BLZ,2020-07-04,v3
2020-05-03,ICU_incidence,0,0,0,0,0,0,Surged Relax Interventions 50%,Belize,BLZ,2020-07-04,v3
2020-05-03,infections,0,0,0,0.29,0,3,Surged Relax Interventions 50%,Belize,BLZ,2020-07-04,v3
2020-05-03,Rt,0.04,0.09,0.16,0.2,0.27,0.54,Surged Relax Interventions 50%,Belize,BLZ,2020-07-04,v3
2020-05-04,cumulative_infections,287.08,756.75,1468,1614.87,2163.75,4438.35,Additional 50% Reduction,Belize,BLZ,2020-07-04,v3
2020-05-04,deaths,0,0,0,0,0,0,Additional 50% Reduction,Belize,BLZ,2020-07-04,v3
2020-05-04,hospital_demand,0,0,0,0.41,1,2,Additional 50% Reduction,Belize,BLZ,2020-07-04,v3
2020-05-04,hospital_incidence,0,0,0,0,0,0,Additional 50% Reduction,Belize,BLZ,2020-07-04,v3
2020-05-04,ICU_demand,0,0,0,0.16,0,1,Additional 50% Reduction,Belize,BLZ,2020-07-04,v3
2020-05-04,ICU_incidence,0,0,0,0,0,0,Additional 50% Reduction,Belize,BLZ,2020-07-04,v3
2020-05-04,infections,0,0,0,0.32,0,4,Additional 50% Reduction,Belize,BLZ,2020-07-04,v3
2020-05-04,Rt,0.11,0.31,0.44,0.48,0.61,1.04,Additional 50% Reduction,Belize,BLZ,2020-07-04,v3
2020-05-04,cumulative_infections,287.08,756.75,1468,1614.87,2163.75,4438.35,Maintain Status Quo,Belize,BLZ,2020-07-04,v3
2020-05-04,deaths,0,0,0,0,0,0,Maintain Status Quo,Belize,BLZ,2020-07-04,v3
2020-05-04,hospital_demand,0,0,0,0.41,1,2,Maintain Status Quo,Belize,BLZ,2020-07-04,v3
2020-05-04,hospital_incidence,0,0,0,0,0,0,Maintain Status Quo,Belize,BLZ,2020-07-04,v3
2020-05-04,ICU_demand,0,0,0,0.16,0,1,Maintain Status Quo,Belize,BLZ,2020-07-04,v3
2020-05-04,ICU_incidence,0,0,0,0,0,0,Maintain Status Quo,Belize,BLZ,2020-07-04,v3
2020-05-04,infections,0,0,0,0.32,0,4,Maintain Status Quo,Belize,BLZ,2020-07-04,v3
2020-05-04,Rt,0.11,0.31,0.44,0.48,0.61,1.04,Maintain Status Quo,Belize,BLZ,2020-07-04,v3
2020-05-04,cumulative_infections,287.08,756.75,1468,1614.87,2163.75,4438.35,Relax Interventions 50%,Belize,BLZ,2020-07-04,v3
2020-05-04,deaths,0,0,0,0,0,0,Relax Interventions 50%,Belize,BLZ,2020-07-04,v3
2020-05-04,hospital_demand,0,0,0,0.41,1,2,Relax Interventions 50%,Belize,BLZ,2020-07-04,v3
2020-05-04,hospital_incidence,0,0,0,0,0,0,Relax Interventions 50%,Belize,BLZ,2020-07-04,v3
2020-05-04,ICU_demand,0,0,0,0.16,0,1,Relax Interventions 50%,Belize,BLZ,2020-07-04,v3
2020-05-04,ICU_incidence,0,0,0,0,0,0,Relax Interventions 50%,Belize,BLZ,2020-07-04,v3
2020-05-04,infections,0,0,0,0.32,0,4,Relax Interventions 50%,Belize,BLZ,2020-07-04,v3
2020-05-04,Rt,0.11,0.31,0.44,0.48,0.61,1.04,Relax Interventions 50%,Belize,BLZ,2020-07-04,v3
2020-05-04,cumulative_infections,265.32,934.75,1359.5,1574.57,1845.25,4784.4,Surged Additional 50% Reduction,Belize,BLZ,2020-07-04,v3
2020-05-04,deaths,0,0,0,0,0,0,Surged Additional 50% Reduction,Belize,BLZ,2020-07-04,v3
2020-05-04,hospital_demand,0,0,0,0.42,1,2,Surged Additional 50% Reduction,Belize,BLZ,2020-07-04,v3
2020-05-04,hospital_incidence,0,0,0,0,0,0,Surged Additional 50% Reduction,Belize,BLZ,2020-07-04,v3
2020-05-04,ICU_demand,0,0,0,0.08,0,1,Surged Additional 50% Reduction,Belize,BLZ,2020-07-04,v3
2020-05-04,ICU_incidence,0,0,0,0,0,0,Surged Additional 50% Reduction,Belize,BLZ,2020-07-04,v3
2020-05-04,infections,0,0,0,0.16,0,1.52,Surged Additional 50% Reduction,Belize,BLZ,2020-07-04,v3
2020-05-04,Rt,0.13,0.26,0.38,0.45,0.64,0.98,Surged Additional 50% Reduction,Belize,BLZ,2020-07-04,v3
2020-05-04,cumulative_infections,265.32,934.75,1359.5,1574.57,1845.25,4784.4,Surged Maintain Status Quo,Belize,BLZ,2020-07-04,v3
2020-05-04,deaths,0,0,0,0,0,0,Surged Maintain Status Quo,Belize,BLZ,2020-07-04,v3
2020-05-04,hospital_demand,0,0,0,0.42,1,2,Surged Maintain Status Quo,Belize,BLZ,2020-07-04,v3
2020-05-04,hospital_incidence,0,0,0,0,0,0,Surged Maintain Status Quo,Belize,BLZ,2020-07-04,v3
2020-05-04,ICU_demand,0,0,0,0.08,0,1,Surged Maintain Status Quo,Belize,BLZ,2020-07-04,v3
2020-05-04,ICU_incidence,0,0,0,0,0,0,Surged Maintain Status Quo,Belize,BLZ,2020-07-04,v3
2020-05-04,infections,0,0,0,0.16,0,1.52,Surged Maintain Status Quo,Belize,BLZ,2020-07-04,v3
2020-05-04,Rt,0.13,0.26,0.38,0.45,0.64,0.98,Surged Maintain Status Quo,Belize,BLZ,2020-07-04,v3
2020-05-04,cumulative_infections,265.32,934.75,1359.5,1574.57,1845.25,4784.4,Surged Relax Interventions 50%,Belize,BLZ,2020-07-04,v3
2020-05-04,deaths,0,0,0,0,0,0,Surged Relax Interventions 50%,Belize,BLZ,2020-07-04,v3
2020-05-04,hospital_demand,0,0,0,0.42,1,2,Surged Relax Interventions 50%,Belize,BLZ,2020-07-04,v3
2020-05-04,hospital_incidence,0,0,0,0,0,0,Surged Relax Interventions 50%,Belize,BLZ,2020-07-04,v3
2020-05-04,ICU_demand,0,0,0,0.08,0,1,Surged Relax Interventions 50%,Belize,BLZ,2020-07-04,v3
2020-05-04,ICU_incidence,0,0,0,0,0,0,Surged Relax Interventions 50%,Belize,BLZ,2020-07-04,v3
2020-05-04,infections,0,0,0,0.16,0,1.52,Surged Relax Interventions 50%,Belize,BLZ,2020-07-04,v3
2020-05-04,Rt,0.13,0.26,0.38,0.45,0.64,0.98,Surged Relax Interventions 50%,Belize,BLZ,2020-07-04,v3
2020-05-05,cumulative_infections,287.08,756.75,1468,1615.11,2163.75,4438.35,Additional 50% Reduction,Belize,BLZ,2020-07-04,v3
2020-05-05,deaths,0,0,0,0,0,0,Additional 50% Reduction,Belize,BLZ,2020-07-04,v3
2020-05-05,hospital_demand,0,0,0,0.35,1,2,Additional 50% Reduction,Belize,BLZ,2020-07-04,v3
2020-05-05,hospital_incidence,0,0,0,0,0,0,Additional 50% Reduction,Belize,BLZ,2020-07-04,v3
2020-05-05,ICU_demand,0,0,0,0.15,0,1,Additional 50% Reduction,Belize,BLZ,2020-07-04,v3
2020-05-05,ICU_incidence,0,0,0,0,0,0,Additional 50% Reduction,Belize,BLZ,2020-07-04,v3
2020-05-05,infections,0,0,0,0.24,0,3.52,Additional 50% Reduction,Belize,BLZ,2020-07-04,v3
2020-05-05,Rt,0.1,0.28,0.4,0.44,0.57,0.98,Additional 50% Reduction,Belize,BLZ,2020-07-04,v3
2020-05-05,cumulative_infections,287.08,756.75,1468,1615.11,2163.75,4438.35,Maintain Status Quo,Belize,BLZ,2020-07-04,v3
2020-05-05,deaths,0,0,0,0,0,0,Maintain Status Quo,Belize,BLZ,2020-07-04,v3
2020-05-05,hospital_demand,0,0,0,0.35,1,2,Maintain Status Quo,Belize,BLZ,2020-07-04,v3
2020-05-05,hospital_incidence,0,0,0,0,0,0,Maintain Status Quo,Belize,BLZ,2020-07-04,v3
2020-05-05,ICU_demand,0,0,0,0.15,0,1,Maintain Status Quo,Belize,BLZ,2020-07-04,v3
2020-05-05,ICU_incidence,0,0,0,0,0,0,Maintain Status Quo,Belize,BLZ,2020-07-04,v3
2020-05-05,infections,0,0,0,0.24,0,3.52,Maintain Status Quo,Belize,BLZ,2020-07-04,v3
2020-05-05,Rt,0.1,0.28,0.4,0.44,0.57,0.98,Maintain Status Quo,Belize,BLZ,2020-07-04,v3
2020-05-05,cumulative_infections,287.08,756.75,1468,1615.11,2163.75,4438.35,Relax Interventions 50%,Belize,BLZ,2020-07-04,v3
2020-05-05,deaths,0,0,0,0,0,0,Relax Interventions 50%,Belize,BLZ,2020-07-04,v3
2020-05-05,hospital_demand,0,0,0,0.35,1,2,Relax Interventions 50%,Belize,BLZ,2020-07-04,v3
2020-05-05,hospital_incidence,0,0,0,0,0,0,Relax Interventions 50%,Belize,BLZ,2020-07-04,v3
2020-05-05,ICU_demand,0,0,0,0.15,0,1,Relax Interventions 50%,Belize,BLZ,2020-07-04,v3
2020-05-05,ICU_incidence,0,0,0,0,0,0,Relax Interventions 50%,Belize,BLZ,2020-07-04,v3
2020-05-05,infections,0,0,0,0.24,0,3.52,Relax Interventions 50%,Belize,BLZ,2020-07-04,v3
2020-05-05,Rt,0.1,0.28,0.4,0.44,0.57,0.98,Relax Interventions 50%,Belize,BLZ,2020-07-04,v3
2020-05-05,cumulative_infections,265.32,934.75,1359.5,1574.81,1846,4784.4,Surged Additional 50% Reduction,Belize,BLZ,2020-07-04,v3
2020-05-05,deaths,0,0,0,0,0,0,Surged Additional 50% Reduction,Belize,BLZ,2020-07-04,v3
2020-05-05,hospital_demand,0,0,0,0.34,1,2,Surged Additional 50% Reduction,Belize,BLZ,2020-07-04,v3
2020-05-05,hospital_incidence,0,0,0,0,0,0,Surged Additional 50% Reduction,Belize,BLZ,2020-07-04,v3
2020-05-05,ICU_demand,0,0,0,0.08,0,1,Surged Additional 50% Reduction,Belize,BLZ,2020-07-04,v3
2020-05-05,ICU_incidence,0,0,0,0,0,0,Surged Additional 50% Reduction,Belize,BLZ,2020-07-04,v3
2020-05-05,infections,0,0,0,0.24,0,2,Surged Additional 50% Reduction,Belize,BLZ,2020-07-04,v3
2020-05-05,Rt,0.12,0.25,0.35,0.42,0.58,0.9,Surged Additional 50% Reduction,Belize,BLZ,2020-07-04,v3
2020-05-05,cumulative_infections,265.32,934.75,1359.5,1574.81,1846,4784.4,Surged Maintain Status Quo,Belize,BLZ,2020-07-04,v3
2020-05-05,deaths,0,0,0,0,0,0,Surged Maintain Status Quo,Belize,BLZ,2020-07-04,v3
2020-05-05,hospital_demand,0,0,0,0.34,1,2,Surged Maintain Status Quo,Belize,BLZ,2020-07-04,v3
2020-05-05,hospital_incidence,0,0,0,0,0,0,Surged Maintain Status Quo,Belize,BLZ,2020-07-04,v3
2020-05-05,ICU_demand,0,0,0,0.08,0,1,Surged Maintain Status Quo,Belize,BLZ,2020-07-04,v3
2020-05-05,ICU_incidence,0,0,0,0,0,0,Surged Maintain Status Quo,Belize,BLZ,2020-07-04,v3
2020-05-05,infections,0,0,0,0.24,0,2,Surged Maintain Status Quo,Belize,BLZ,2020-07-04,v3
2020-05-05,Rt,0.12,0.25,0.35,0.42,0.58,0.9,Surged Maintain Status Quo,Belize,BLZ,2020-07-04,v3
2020-05-05,cumulative_infections,265.32,934.75,1359.5,1574.81,1846,4784.4,Surged Relax Interventions 50%,Belize,BLZ,2020-07-04,v3
2020-05-05,deaths,0,0,0,0,0,0,Surged Relax Interventions 50%,Belize,BLZ,2020-07-04,v3
2020-05-05,hospital_demand,0,0,0,0.34,1,2,Surged Relax Interventions 50%,Belize,BLZ,2020-07-04,v3
2020-05-05,hospital_incidence,0,0,0,0,0,0,Surged Relax Interventions 50%,Belize,BLZ,2020-07-04,v3
2020-05-05,ICU_demand,0,0,0,0.08,0,1,Surged Relax Interventions 50%,Belize,BLZ,2020-07-04,v3
2020-05-05,ICU_incidence,0,0,0,0,0,0,Surged Relax Interventions 50%,Belize,BLZ,2020-07-04,v3
2020-05-05,infections,0,0,0,0.24,0,2,Surged Relax Interventions 50%,Belize,BLZ,2020-07-04,v3
2020-05-05,Rt,0.12,0.25,0.35,0.42,0.58,0.9,Surged Relax Interventions 50%,Belize,BLZ,2020-07-04,v3
2020-05-06,cumulative_infections,287.08,757.5,1468,1615.36,2164,4438.35,Additional 50% Reduction,Belize,BLZ,2020-07-04,v3
2020-05-06,deaths,0,0,0,0,0,0,Additional 50% Reduction,Belize,BLZ,2020-07-04,v3
2020-05-06,hospital_demand,0,0,0,0.35,1,2,Additional 50% Reduction,Belize,BLZ,2020-07-04,v3
2020-05-06,hospital_incidence,0,0,0,0,0,0,Additional 50% Reduction,Belize,BLZ,2020-07-04,v3
2020-05-06,ICU_demand,0,0,0,0.13,0,1,Additional 50% Reduction,Belize,BLZ,2020-07-04,v3
2020-05-06,ICU_incidence,0,0,0,0,0,0,Additional 50% Reduction,Belize,BLZ,2020-07-04,v3
2020-05-06,infections,0,0,0,0.25,0,3.05,Additional 50% Reduction,Belize,BLZ,2020-07-04,v3
2020-05-06,Rt,0.11,0.31,0.43,0.47,0.61,1.04,Additional 50% Reduction,Belize,BLZ,2020-07-04,v3
2020-05-06,cumulative_infections,287.08,757.5,1468,1615.36,2164,4438.35,Maintain Status Quo,Belize,BLZ,2020-07-04,v3
2020-05-06,deaths,0,0,0,0,0,0,Maintain Status Quo,Belize,BLZ,2020-07-04,v3
2020-05-06,hospital_demand,0,0,0,0.35,1,2,Maintain Status Quo,Belize,BLZ,2020-07-04,v3
2020-05-06,hospital_incidence,0,0,0,0,0,0,Maintain Status Quo,Belize,BLZ,2020-07-04,v3
2020-05-06,ICU_demand,0,0,0,0.13,0,1,Maintain Status Quo,Belize,BLZ,2020-07-04,v3
2020-05-06,ICU_incidence,0,0,0,0,0,0,Maintain Status Quo,Belize,BLZ,2020-07-04,v3
2020-05-06,infections,0,0,0,0.25,0,3.05,Maintain Status Quo,Belize,BLZ,2020-07-04,v3
2020-05-06,Rt,0.11,0.31,0.43,0.47,0.61,1.04,Maintain Status Quo,Belize,BLZ,2020-07-04,v3
2020-05-06,cumulative_infections,287.08,757.5,1468,1615.36,2164,4438.35,Relax Interventions 50%,Belize,BLZ,2020-07-04,v3
2020-05-06,deaths,0,0,0,0,0,0,Relax Interventions 50%,Belize,BLZ,2020-07-04,v3
2020-05-06,hospital_demand,0,0,0,0.35,1,2,Relax Interventions 50%,Belize,BLZ,2020-07-04,v3
2020-05-06,hospital_incidence,0,0,0,0,0,0,Relax Interventions 50%,Belize,BLZ,2020-07-04,v3
2020-05-06,ICU_demand,0,0,0,0.13,0,1,Relax Interventions 50%,Belize,BLZ,2020-07-04,v3
2020-05-06,ICU_incidence,0,0,0,0,0,0,Relax Interventions 50%,Belize,BLZ,2020-07-04,v3
2020-05-06,infections,0,0,0,0.25,0,3.05,Relax Interventions 50%,Belize,BLZ,2020-07-04,v3
2020-05-06,Rt,0.11,0.31,0.43,0.47,0.61,1.04,Relax Interventions 50%,Belize,BLZ,2020-07-04,v3
2020-05-06,cumulative_infections,265.8,934.75,1359.5,1574.99,1848.25,4784.4,Surged Additional 50% Reduction,Belize,BLZ,2020-07-04,v3
2020-05-06,deaths,0,0,0,0,0,0,Surged Additional 50% Reduction,Belize,BLZ,2020-07-04,v3
2020-05-06,hospital_demand,0,0,0,0.3,0.25,2,Surged Additional 50% Reduction,Belize,BLZ,2020-07-04,v3
2020-05-06,hospital_incidence,0,0,0,0,0,0,Surged Additional 50% Reduction,Belize,BLZ,2020-07-04,v3
2020-05-06,ICU_demand,0,0,0,0.08,0,1,Surged Additional 50% Reduction,Belize,BLZ,2020-07-04,v3
2020-05-06,ICU_incidence,0,0,0,0,0,0,Surged Additional 50% Reduction,Belize,BLZ,2020-07-04,v3
2020-05-06,infections,0,0,0,0.18,0,2,Surged Additional 50% Reduction,Belize,BLZ,2020-07-04,v3
2020-05-06,Rt,0.13,0.26,0.37,0.45,0.63,0.96,Surged Additional 50% Reduction,Belize,BLZ,2020-07-04,v3
2020-05-06,cumulative_infections,265.8,934.75,1359.5,1574.99,1848.25,4784.4,Surged Maintain Status Quo,Belize,BLZ,2020-07-04,v3
2020-05-06,deaths,0,0,0,0,0,0,Surged Maintain Status Quo,Belize,BLZ,2020-07-04,v3
2020-05-06,hospital_demand,0,0,0,0.3,0.25,2,Surged Maintain Status Quo,Belize,BLZ,2020-07-04,v3
2020-05-06,hospital_incidence,0,0,0,0,0,0,Surged Maintain Status Quo,Belize,BLZ,2020-07-04,v3
2020-05-06,ICU_demand,0,0,0,0.08,0,1,Surged Maintain Status Quo,Belize,BLZ,2020-07-04,v3
2020-05-06,ICU_incidence,0,0,0,0,0,0,Surged Maintain Status Quo,Belize,BLZ,2020-07-04,v3
2020-05-06,infections,0,0,0,0.18,0,2,Surged Maintain Status Quo,Belize,BLZ,2020-07-04,v3
2020-05-06,Rt,0.13,0.26,0.37,0.45,0.63,0.96,Surged Maintain Status Quo,Belize,BLZ,2020-07-04,v3
2020-05-06,cumulative_infections,265.8,934.75,1359.5,1574.99,1848.25,4784.4,Surged Relax Interventions 50%,Belize,BLZ,2020-07-04,v3
2020-05-06,deaths,0,0,0,0,0,0,Surged Relax Interventions 50%,Belize,BLZ,2020-07-04,v3
2020-05-06,hospital_demand,0,0,0,0.3,0.25,2,Surged Relax Interventions 50%,Belize,BLZ,2020-07-04,v3
2020-05-06,hospital_incidence,0,0,0,0,0,0,Surged Relax Interventions 50%,Belize,BLZ,2020-07-04,v3
2020-05-06,ICU_demand,0,0,0,0.08,0,1,Surged Relax Interventions 50%,Belize,BLZ,2020-07-04,v3
2020-05-06,ICU_incidence,0,0,0,0,0,0,Surged Relax Interventions 50%,Belize,BLZ,2020-07-04,v3
2020-05-06,infections,0,0,0,0.18,0,2,Surged Relax Interventions 50%,Belize,BLZ,2020-07-04,v3
2020-05-06,Rt,0.13,0.26,0.37,0.45,0.63,0.96,Surged Relax Interventions 50%,Belize,BLZ,2020-07-04,v3
2020-05-07,cumulative_infections,287.08,757.5,1468,1615.48,2164,4438.35,Additional 50% Reduction,Belize,BLZ,2020-07-04,v3
2020-05-07,deaths,0,0,0,0,0,0,Additional 50% Reduction,Belize,BLZ,2020-07-04,v3
2020-05-07,hospital_demand,0,0,0,0.28,0,1.52,Additional 50% Reduction,Belize,BLZ,2020-07-04,v3
2020-05-07,hospital_incidence,0,0,0,0,0,0,Additional 50% Reduction,Belize,BLZ,2020-07-04,v3
2020-05-07,ICU_demand,0,0,0,0.1,0,1,Additional 50% Reduction,Belize,BLZ,2020-07-04,v3
2020-05-07,ICU_incidence,0,0,0,0,0,0,Additional 50% Reduction,Belize,BLZ,2020-07-04,v3
2020-05-07,infections,0,0,0,0.12,0,1.52,Additional 50% Reduction,Belize,BLZ,2020-07-04,v3
2020-05-07,Rt,0.09,0.26,0.38,0.42,0.54,0.94,Additional 50% Reduction,Belize,BLZ,2020-07-04,v3
2020-05-07,cumulative_infections,287.08,757.5,1468,1615.48,2164,4438.35,Maintain Status Quo,Belize,BLZ,2020-07-04,v3
2020-05-07,deaths,0,0,0,0,0,0,Maintain Status Quo,Belize,BLZ,2020-07-04,v3
2020-05-07,hospital_demand,0,0,0,0.28,0,1.52,Maintain Status Quo,Belize,BLZ,2020-07-04,v3
2020-05-07,hospital_incidence,0,0,0,0,0,0,Maintain Status Quo,Belize,BLZ,2020-07-04,v3
2020-05-07,ICU_demand,0,0,0,0.1,0,1,Maintain Status Quo,Belize,BLZ,2020-07-04,v3
2020-05-07,ICU_incidence,0,0,0,0,0,0,Maintain Status Quo,Belize,BLZ,2020-07-04,v3
2020-05-07,infections,0,0,0,0.12,0,1.52,Maintain Status Quo,Belize,BLZ,2020-07-04,v3
2020-05-07,Rt,0.09,0.26,0.38,0.42,0.54,0.94,Maintain Status Quo,Belize,BLZ,2020-07-04,v3
2020-05-07,cumulative_infections,287.08,757.5,1468,1615.48,2164,4438.35,Relax Interventions 50%,Belize,BLZ,2020-07-04,v3
2020-05-07,deaths,0,0,0,0,0,0,Relax Interventions 50%,Belize,BLZ,2020-07-04,v3
2020-05-07,hospital_demand,0,0,0,0.28,0,1.52,Relax Interventions 50%,Belize,BLZ,2020-07-04,v3
2020-05-07,hospital_incidence,0,0,0,0,0,0,Relax Interventions 50%,Belize,BLZ,2020-07-04,v3
2020-05-07,ICU_demand,0,0,0,0.1,0,1,Relax Interventions 50%,Belize,BLZ,2020-07-04,v3
2020-05-07,ICU_incidence,0,0,0,0,0,0,Relax Interventions 50%,Belize,BLZ,2020-07-04,v3
2020-05-07,infections,0,0,0,0.12,0,1.52,Relax Interventions 50%,Belize,BLZ,2020-07-04,v3
2020-05-07,Rt,0.09,0.26,0.38,0.42,0.54,0.94,Relax Interventions 50%,Belize,BLZ,2020-07-04,v3
2020-05-07,cumulative_infections,265.8,934.75,1359.5,1575.17,1849.75,4784.4,Surged Additional 50% Reduction,Belize,BLZ,2020-07-04,v3
2020-05-07,deaths,0,0,0,0,0,0,Surged Additional 50% Reduction,Belize,BLZ,2020-07-04,v3
2020-05-07,hospital_demand,0,0,0,0.25,0,1.52,Surged Additional 50% Reduction,Belize,BLZ,2020-07-04,v3
2020-05-07,hospital_incidence,0,0,0,0,0,0,Surged Additional 50% Reduction,Belize,BLZ,2020-07-04,v3
2020-05-07,ICU_demand,0,0,0,0.07,0,1,Surged Additional 50% Reduction,Belize,BLZ,2020-07-04,v3
2020-05-07,ICU_incidence,0,0,0,0,0,0,Surged Additional 50% Reduction,Belize,BLZ,2020-07-04,v3
2020-05-07,infections,0,0,0,0.18,0,2,Surged Additional 50% Reduction,Belize,BLZ,2020-07-04,v3
2020-05-07,Rt,0.11,0.23,0.33,0.4,0.55,0.86,Surged Additional 50% Reduction,Belize,BLZ,2020-07-04,v3
2020-05-07,cumulative_infections,265.8,934.75,1359.5,1575.17,1849.75,4784.4,Surged Maintain Status Quo,Belize,BLZ,2020-07-04,v3
2020-05-07,deaths,0,0,0,0,0,0,Surged Maintain Status Quo,Belize,BLZ,2020-07-04,v3
2020-05-07,hospital_demand,0,0,0,0.25,0,1.52,Surged Maintain Status Quo,Belize,BLZ,2020-07-04,v3
2020-05-07,hospital_incidence,0,0,0,0,0,0,Surged Maintain Status Quo,Belize,BLZ,2020-07-04,v3
2020-05-07,ICU_demand,0,0,0,0.07,0,1,Surged Maintain Status Quo,Belize,BLZ,2020-07-04,v3
2020-05-07,ICU_incidence,0,0,0,0,0,0,Surged Maintain Status Quo,Belize,BLZ,2020-07-04,v3
2020-05-07,infections,0,0,0,0.18,0,2,Surged Maintain Status Quo,Belize,BLZ,2020-07-04,v3
2020-05-07,Rt,0.11,0.23,0.33,0.4,0.55,0.86,Surged Maintain Status Quo,Belize,BLZ,2020-07-04,v3
2020-05-07,cumulative_infections,265.8,934.75,1359.5,1575.17,1849.75,4784.4,Surged Relax Interventions 50%,Belize,BLZ,2020-07-04,v3
2020-05-07,deaths,0,0,0,0,0,0,Surged Relax Interventions 50%,Belize,BLZ,2020-07-04,v3
2020-05-07,hospital_demand,0,0,0,0.25,0,1.52,Surged Relax Interventions 50%,Belize,BLZ,2020-07-04,v3
2020-05-07,hospital_incidence,0,0,0,0,0,0,Surged Relax Interventions 50%,Belize,BLZ,2020-07-04,v3
2020-05-07,ICU_demand,0,0,0,0.07,0,1,Surged Relax Interventions 50%,Belize,BLZ,2020-07-04,v3
2020-05-07,ICU_incidence,0,0,0,0,0,0,Surged Relax Interventions 50%,Belize,BLZ,2020-07-04,v3
2020-05-07,infections,0,0,0,0.18,0,2,Surged Relax Interventions 50%,Belize,BLZ,2020-07-04,v3
2020-05-07,Rt,0.11,0.23,0.33,0.4,0.55,0.86,Surged Relax Interventions 50%,Belize,BLZ,2020-07-04,v3
2020-05-08,cumulative_infections,287.08,758.25,1468.5,1615.75,2164,4438.35,Additional 50% Reduction,Belize,BLZ,2020-07-04,v3
2020-05-08,deaths,0,0,0,0,0,0,Additional 50% Reduction,Belize,BLZ,2020-07-04,v3
2020-05-08,hospital_demand,0,0,0,0.25,0,1.52,Additional 50% Reduction,Belize,BLZ,2020-07-04,v3
2020-05-08,hospital_incidence,0,0,0,0,0,0,Additional 50% Reduction,Belize,BLZ,2020-07-04,v3
2020-05-08,ICU_demand,0,0,0,0.1,0,1,Additional 50% Reduction,Belize,BLZ,2020-07-04,v3
2020-05-08,ICU_incidence,0,0,0,0,0,0,Additional 50% Reduction,Belize,BLZ,2020-07-04,v3
2020-05-08,infections,0,0,0,0.27,0,3.05,Additional 50% Reduction,Belize,BLZ,2020-07-04,v3
2020-05-08,Rt,0.1,0.28,0.39,0.43,0.56,0.97,Additional 50% Reduction,Belize,BLZ,2020-07-04,v3
2020-05-08,cumulative_infections,287.08,758.25,1468.5,1615.75,2164,4438.35,Maintain Status Quo,Belize,BLZ,2020-07-04,v3
2020-05-08,deaths,0,0,0,0,0,0,Maintain Status Quo,Belize,BLZ,2020-07-04,v3
2020-05-08,hospital_demand,0,0,0,0.25,0,1.52,Maintain Status Quo,Belize,BLZ,2020-07-04,v3
2020-05-08,hospital_incidence,0,0,0,0,0,0,Maintain Status Quo,Belize,BLZ,2020-07-04,v3
2020-05-08,ICU_demand,0,0,0,0.1,0,1,Maintain Status Quo,Belize,BLZ,2020-07-04,v3
2020-05-08,ICU_incidence,0,0,0,0,0,0,Maintain Status Quo,Belize,BLZ,2020-07-04,v3
2020-05-08,infections,0,0,0,0.27,0,3.05,Maintain Status Quo,Belize,BLZ,2020-07-04,v3
2020-05-08,Rt,0.1,0.28,0.39,0.43,0.56,0.97,Maintain Status Quo,Belize,BLZ,2020-07-04,v3
2020-05-08,cumulative_infections,287.08,758.25,1468.5,1615.75,2164,4438.35,Relax Interventions 50%,Belize,BLZ,2020-07-04,v3
2020-05-08,deaths,0,0,0,0,0,0,Relax Interventions 50%,Belize,BLZ,2020-07-04,v3
2020-05-08,hospital_demand,0,0,0,0.25,0,1.52,Relax Interventions 50%,Belize,BLZ,2020-07-04,v3
2020-05-08,hospital_incidence,0,0,0,0,0,0,Relax Interventions 50%,Belize,BLZ,2020-07-04,v3
2020-05-08,ICU_demand,0,0,0,0.1,0,1,Relax Interventions 50%,Belize,BLZ,2020-07-04,v3
2020-05-08,ICU_incidence,0,0,0,0,0,0,Relax Interventions 50%,Belize,BLZ,2020-07-04,v3
2020-05-08,infections,0,0,0,0.27,0,3.05,Relax Interventions 50%,Belize,BLZ,2020-07-04,v3
2020-05-08,Rt,0.1,0.28,0.39,0.43,0.56,0.97,Relax Interventions 50%,Belize,BLZ,2020-07-04,v3
2020-05-08,cumulative_infections,265.8,934.75,1359.5,1575.32,1851.25,4784.4,Surged Additional 50% Reduction,Belize,BLZ,2020-07-04,v3
2020-05-08,deaths,0,0,0,0,0,0,Surged Additional 50% Reduction,Belize,BLZ,2020-07-04,v3
2020-05-08,hospital_demand,0,0,0,0.25,0,1.52,Surged Additional 50% Reduction,Belize,BLZ,2020-07-04,v3
2020-05-08,hospital_incidence,0,0,0,0,0,0,Surged Additional 50% Reduction,Belize,BLZ,2020-07-04,v3
2020-05-08,ICU_demand,0,0,0,0.05,0,1,Surged Additional 50% Reduction,Belize,BLZ,2020-07-04,v3
2020-05-08,ICU_incidence,0,0,0,0,0,0,Surged Additional 50% Reduction,Belize,BLZ,2020-07-04,v3
2020-05-08,infections,0,0,0,0.15,0,2,Surged Additional 50% Reduction,Belize,BLZ,2020-07-04,v3
2020-05-08,Rt,0.12,0.24,0.35,0.41,0.57,0.89,Surged Additional 50% Reduction,Belize,BLZ,2020-07-04,v3
2020-05-08,cumulative_infections,265.8,934.75,1359.5,1575.32,1851.25,4784.4,Surged Maintain Status Quo,Belize,BLZ,2020-07-04,v3
2020-05-08,deaths,0,0,0,0,0,0,Surged Maintain Status Quo,Belize,BLZ,2020-07-04,v3
2020-05-08,hospital_demand,0,0,0,0.25,0,1.52,Surged Maintain Status Quo,Belize,BLZ,2020-07-04,v3
2020-05-08,hospital_incidence,0,0,0,0,0,0,Surged Maintain Status Quo,Belize,BLZ,2020-07-04,v3
2020-05-08,ICU_demand,0,0,0,0.05,0,1,Surged Maintain Status Quo,Belize,BLZ,2020-07-04,v3
2020-05-08,ICU_incidence,0,0,0,0,0,0,Surged Maintain Status Quo,Belize,BLZ,2020-07-04,v3
2020-05-08,infections,0,0,0,0.15,0,2,Surged Maintain Status Quo,Belize,BLZ,2020-07-04,v3
2020-05-08,Rt,0.12,0.24,0.35,0.41,0.57,0.89,Surged Maintain Status Quo,Belize,BLZ,2020-07-04,v3
2020-05-08,cumulative_infections,265.8,934.75,1359.5,1575.32,1851.25,4784.4,Surged Relax Interventions 50%,Belize,BLZ,2020-07-04,v3
2020-05-08,deaths,0,0,0,0,0,0,Surged Relax Interventions 50%,Belize,BLZ,2020-07-04,v3
2020-05-08,hospital_demand,0,0,0,0.25,0,1.52,Surged Relax Interventions 50%,Belize,BLZ,2020-07-04,v3
2020-05-08,hospital_incidence,0,0,0,0,0,0,Surged Relax Interventions 50%,Belize,BLZ,2020-07-04,v3
2020-05-08,ICU_demand,0,0,0,0.05,0,1,Surged Relax Interventions 50%,Belize,BLZ,2020-07-04,v3
2020-05-08,ICU_incidence,0,0,0,0,0,0,Surged Relax Interventions 50%,Belize,BLZ,2020-07-04,v3
2020-05-08,infections,0,0,0,0.15,0,2,Surged Relax Interventions 50%,Belize,BLZ,2020-07-04,v3
2020-05-08,Rt,0.12,0.24,0.35,0.41,0.57,0.89,Surged Relax Interventions 50%,Belize,BLZ,2020-07-04,v3
2020-05-09,cumulative_infections,287.08,758.25,1470.5,1615.92,2164.5,4438.35,Additional 50% Reduction,Belize,BLZ,2020-07-04,v3
2020-05-09,deaths,0,0,0,0.01,0,0,Additional 50% Reduction,Belize,BLZ,2020-07-04,v3
2020-05-09,hospital_demand,0,0,0,0.21,0,1.52,Additional 50% Reduction,Belize,BLZ,2020-07-04,v3
2020-05-09,hospital_incidence,0,0,0,0,0,0,Additional 50% Reduction,Belize,BLZ,2020-07-04,v3
2020-05-09,ICU_demand,0,0,0,0.08,0,1,Additional 50% Reduction,Belize,BLZ,2020-07-04,v3
2020-05-09,ICU_incidence,0,0,0,0,0,0,Additional 50% Reduction,Belize,BLZ,2020-07-04,v3
2020-05-09,infections,0,0,0,0.17,0,2,Additional 50% Reduction,Belize,BLZ,2020-07-04,v3
2020-05-09,Rt,0.15,0.38,0.53,0.59,0.76,1.3,Additional 50% Reduction,Belize,BLZ,2020-07-04,v3
2020-05-09,cumulative_infections,287.08,758.25,1470.5,1615.92,2164.5,4438.35,Maintain Status Quo,Belize,BLZ,2020-07-04,v3
2020-05-09,deaths,0,0,0,0.01,0,0,Maintain Status Quo,Belize,BLZ,2020-07-04,v3
2020-05-09,hospital_demand,0,0,0,0.21,0,1.52,Maintain Status Quo,Belize,BLZ,2020-07-04,v3
2020-05-09,hospital_incidence,0,0,0,0,0,0,Maintain Status Quo,Belize,BLZ,2020-07-04,v3
2020-05-09,ICU_demand,0,0,0,0.08,0,1,Maintain Status Quo,Belize,BLZ,2020-07-04,v3
2020-05-09,ICU_incidence,0,0,0,0,0,0,Maintain Status Quo,Belize,BLZ,2020-07-04,v3
2020-05-09,infections,0,0,0,0.17,0,2,Maintain Status Quo,Belize,BLZ,2020-07-04,v3
2020-05-09,Rt,0.15,0.38,0.53,0.59,0.76,1.3,Maintain Status Quo,Belize,BLZ,2020-07-04,v3
2020-05-09,cumulative_infections,287.08,758.25,1470.5,1615.92,2164.5,4438.35,Relax Interventions 50%,Belize,BLZ,2020-07-04,v3
2020-05-09,deaths,0,0,0,0.01,0,0,Relax Interventions 50%,Belize,BLZ,2020-07-04,v3
2020-05-09,hospital_demand,0,0,0,0.21,0,1.52,Relax Interventions 50%,Belize,BLZ,2020-07-04,v3
2020-05-09,hospital_incidence,0,0,0,0,0,0,Relax Interventions 50%,Belize,BLZ,2020-07-04,v3
2020-05-09,ICU_demand,0,0,0,0.08,0,1,Relax Interventions 50%,Belize,BLZ,2020-07-04,v3
2020-05-09,ICU_incidence,0,0,0,0,0,0,Relax Interventions 50%,Belize,BLZ,2020-07-04,v3
2020-05-09,infections,0,0,0,0.17,0,2,Relax Interventions 50%,Belize,BLZ,2020-07-04,v3
2020-05-09,Rt,0.15,0.38,0.53,0.59,0.76,1.3,Relax Interventions 50%,Belize,BLZ,2020-07-04,v3
2020-05-09,cumulative_infections,265.8,934.75,1359.5,1575.49,1852.75,4784.4,Surged Additional 50% Reduction,Belize,BLZ,2020-07-04,v3
2020-05-09,deaths,0,0,0,0,0,0,Surged Additional 50% Reduction,Belize,BLZ,2020-07-04,v3
2020-05-09,hospital_demand,0,0,0,0.24,0,2,Surged Additional 50% Reduction,Belize,BLZ,2020-07-04,v3
2020-05-09,hospital_incidence,0,0,0,0,0,0,Surged Additional 50% Reduction,Belize,BLZ,2020-07-04,v3
2020-05-09,ICU_demand,0,0,0,0.04,0,1,Surged Additional 50% Reduction,Belize,BLZ,2020-07-04,v3
2020-05-09,ICU_incidence,0,0,0,0,0,0,Surged Additional 50% Reduction,Belize,BLZ,2020-07-04,v3
2020-05-09,infections,0,0,0,0.17,0,2,Surged Additional 50% Reduction,Belize,BLZ,2020-07-04,v3
2020-05-09,Rt,0.16,0.33,0.48,0.56,0.78,1.22,Surged Additional 50% Reduction,Belize,BLZ,2020-07-04,v3
2020-05-09,cumulative_infections,265.8,934.75,1359.5,1575.49,1852.75,4784.4,Surged Maintain Status Quo,Belize,BLZ,2020-07-04,v3
2020-05-09,deaths,0,0,0,0,0,0,Surged Maintain Status Quo,Belize,BLZ,2020-07-04,v3
2020-05-09,hospital_demand,0,0,0,0.24,0,2,Surged Maintain Status Quo,Belize,BLZ,2020-07-04,v3
2020-05-09,hospital_incidence,0,0,0,0,0,0,Surged Maintain Status Quo,Belize,BLZ,2020-07-04,v3
2020-05-09,ICU_demand,0,0,0,0.04,0,1,Surged Maintain Status Quo,Belize,BLZ,2020-07-04,v3
2020-05-09,ICU_incidence,0,0,0,0,0,0,Surged Maintain Status Quo,Belize,BLZ,2020-07-04,v3
2020-05-09,infections,0,0,0,0.17,0,2,Surged Maintain Status Quo,Belize,BLZ,2020-07-04,v3
2020-05-09,Rt,0.16,0.33,0.48,0.56,0.78,1.22,Surged Maintain Status Quo,Belize,BLZ,2020-07-04,v3
2020-05-09,cumulative_infections,265.8,934.75,1359.5,1575.49,1852.75,4784.4,Surged Relax Interventions 50%,Belize,BLZ,2020-07-04,v3
2020-05-09,deaths,0,0,0,0,0,0,Surged Relax Interventions 50%,Belize,BLZ,2020-07-04,v3
2020-05-09,hospital_demand,0,0,0,0.24,0,2,Surged Relax Interventions 50%,Belize,BLZ,2020-07-04,v3
2020-05-09,hospital_incidence,0,0,0,0,0,0,Surged Relax Interventions 50%,Belize,BLZ,2020-07-04,v3
2020-05-09,ICU_demand,0,0,0,0.04,0,1,Surged Relax Interventions 50%,Belize,BLZ,2020-07-04,v3
2020-05-09,ICU_incidence,0,0,0,0,0,0,Surged Relax Interventions 50%,Belize,BLZ,2020-07-04,v3
2020-05-09,infections,0,0,0,0.17,0,2,Surged Relax Interventions 50%,Belize,BLZ,2020-07-04,v3
2020-05-09,Rt,0.16,0.33,0.48,0.56,0.78,1.22,Surged Relax Interventions 50%,Belize,BLZ,2020-07-04,v3
2020-05-10,cumulative_infections,287.08,758.25,1474,1616.23,2164.5,4438.35,Additional 50% Reduction,Belize,BLZ,2020-07-04,v3
2020-05-10,deaths,0,0,0,0.01,0,0,Additional 50% Reduction,Belize,BLZ,2020-07-04,v3
2020-05-10,hospital_demand,0,0,0,0.17,0,1.52,Additional 50% Reduction,Belize,BLZ,2020-07-04,v3
2020-05-10,hospital_incidence,0,0,0,0,0,0,Additional 50% Reduction,Belize,BLZ,2020-07-04,v3
2020-05-10,ICU_demand,0,0,0,0.08,0,1,Additional 50% Reduction,Belize,BLZ,2020-07-04,v3
2020-05-10,ICU_incidence,0,0,0,0,0,0,Additional 50% Reduction,Belize,BLZ,2020-07-04,v3
2020-05-10,infections,0,0,0,0.31,0,4.57,Additional 50% Reduction,Belize,BLZ,2020-07-04,v3
2020-05-10,Rt,0.1,0.28,0.4,0.44,0.57,0.98,Additional 50% Reduction,Belize,BLZ,2020-07-04,v3
2020-05-10,cumulative_infections,287.08,758.25,1474,1616.23,2164.5,4438.35,Maintain Status Quo,Belize,BLZ,2020-07-04,v3
2020-05-10,deaths,0,0,0,0.01,0,0,Maintain Status Quo,Belize,BLZ,2020-07-04,v3
2020-05-10,hospital_demand,0,0,0,0.17,0,1.52,Maintain Status Quo,Belize,BLZ,2020-07-04,v3
2020-05-10,hospital_incidence,0,0,0,0,0,0,Maintain Status Quo,Belize,BLZ,2020-07-04,v3
2020-05-10,ICU_demand,0,0,0,0.08,0,1,Maintain Status Quo,Belize,BLZ,2020-07-04,v3
2020-05-10,ICU_incidence,0,0,0,0,0,0,Maintain Status Quo,Belize,BLZ,2020-07-04,v3
2020-05-10,infections,0,0,0,0.31,0,4.57,Maintain Status Quo,Belize,BLZ,2020-07-04,v3
2020-05-10,Rt,0.1,0.28,0.4,0.44,0.57,0.98,Maintain Status Quo,Belize,BLZ,2020-07-04,v3
2020-05-10,cumulative_infections,287.08,758.25,1474,1616.23,2164.5,4438.35,Relax Interventions 50%,Belize,BLZ,2020-07-04,v3
2020-05-10,deaths,0,0,0,0.01,0,0,Relax Interventions 50%,Belize,BLZ,2020-07-04,v3
2020-05-10,hospital_demand,0,0,0,0.17,0,1.52,Relax Interventions 50%,Belize,BLZ,2020-07-04,v3
2020-05-10,hospital_incidence,0,0,0,0,0,0,Relax Interventions 50%,Belize,BLZ,2020-07-04,v3
2020-05-10,ICU_demand,0,0,0,0.08,0,1,Relax Interventions 50%,Belize,BLZ,2020-07-04,v3
2020-05-10,ICU_incidence,0,0,0,0,0,0,Relax Interventions 50%,Belize,BLZ,2020-07-04,v3
2020-05-10,infections,0,0,0,0.31,0,4.57,Relax Interventions 50%,Belize,BLZ,2020-07-04,v3
2020-05-10,Rt,0.1,0.28,0.4,0.44,0.57,0.98,Relax Interventions 50%,Belize,BLZ,2020-07-04,v3
2020-05-10,cumulative_infections,265.8,934.75,1359.5,1575.68,1854.5,4784.4,Surged Additional 50% Reduction,Belize,BLZ,2020-07-04,v3
2020-05-10,deaths,0,0,0,0.01,0,0,Surged Additional 50% Reduction,Belize,BLZ,2020-07-04,v3
2020-05-10,hospital_demand,0,0,0,0.17,0,1.52,Surged Additional 50% Reduction,Belize,BLZ,2020-07-04,v3
2020-05-10,hospital_incidence,0,0,0,0,0,0,Surged Additional 50% Reduction,Belize,BLZ,2020-07-04,v3
2020-05-10,ICU_demand,0,0,0,0.03,0,0.52,Surged Additional 50% Reduction,Belize,BLZ,2020-07-04,v3
2020-05-10,ICU_incidence,0,0,0,0,0,0,Surged Additional 50% Reduction,Belize,BLZ,2020-07-04,v3
2020-05-10,infections,0,0,0,0.19,0,2,Surged Additional 50% Reduction,Belize,BLZ,2020-07-04,v3
2020-05-10,Rt,0.12,0.25,0.35,0.42,0.58,0.9,Surged Additional 50% Reduction,Belize,BLZ,2020-07-04,v3
2020-05-10,cumulative_infections,265.8,934.75,1359.5,1575.68,1854.5,4784.4,Surged Maintain Status Quo,Belize,BLZ,2020-07-04,v3
2020-05-10,deaths,0,0,0,0.01,0,0,Surged Maintain Status Quo,Belize,BLZ,2020-07-04,v3
2020-05-10,hospital_demand,0,0,0,0.17,0,1.52,Surged Maintain Status Quo,Belize,BLZ,2020-07-04,v3
2020-05-10,hospital_incidence,0,0,0,0,0,0,Surged Maintain Status Quo,Belize,BLZ,2020-07-04,v3
2020-05-10,ICU_demand,0,0,0,0.03,0,0.52,Surged Maintain Status Quo,Belize,BLZ,2020-07-04,v3
2020-05-10,ICU_incidence,0,0,0,0,0,0,Surged Maintain Status Quo,Belize,BLZ,2020-07-04,v3
2020-05-10,infections,0,0,0,0.19,0,2,Surged Maintain Status Quo,Belize,BLZ,2020-07-04,v3
2020-05-10,Rt,0.12,0.25,0.35,0.42,0.58,0.9,Surged Maintain Status Quo,Belize,BLZ,2020-07-04,v3
2020-05-10,cumulative_infections,265.8,934.75,1359.5,1575.68,1854.5,4784.4,Surged Relax Interventions 50%,Belize,BLZ,2020-07-04,v3
2020-05-10,deaths,0,0,0,0.01,0,0,Surged Relax Interventions 50%,Belize,BLZ,2020-07-04,v3
2020-05-10,hospital_demand,0,0,0,0.17,0,1.52,Surged Relax Interventions 50%,Belize,BLZ,2020-07-04,v3
2020-05-10,hospital_incidence,0,0,0,0,0,0,Surged Relax Interventions 50%,Belize,BLZ,2020-07-04,v3
2020-05-10,ICU_demand,0,0,0,0.03,0,0.52,Surged Relax Interventions 50%,Belize,BLZ,2020-07-04,v3
2020-05-10,ICU_incidence,0,0,0,0,0,0,Surged Relax Interventions 50%,Belize,BLZ,2020-07-04,v3
2020-05-10,infections,0,0,0,0.19,0,2,Surged Relax Interventions 50%,Belize,BLZ,2020-07-04,v3
2020-05-10,Rt,0.12,0.25,0.35,0.42,0.58,0.9,Surged Relax Interventions 50%,Belize,BLZ,2020-07-04,v3
2020-05-11,cumulative_infections,287.08,758.25,1476.5,1616.42,2164.75,4438.35,Additional 50% Reduction,Belize,BLZ,2020-07-04,v3
2020-05-11,deaths,0,0,0,0.01,0,0,Additional 50% Reduction,Belize,BLZ,2020-07-04,v3
2020-05-11,hospital_demand,0,0,0,0.14,0,1,Additional 50% Reduction,Belize,BLZ,2020-07-04,v3
2020-05-11,hospital_incidence,0,0,0,0,0,0,Additional 50% Reduction,Belize,BLZ,2020-07-04,v3
2020-05-11,ICU_demand,0,0,0,0.06,0,1,Additional 50% Reduction,Belize,BLZ,2020-07-04,v3
2020-05-11,ICU_incidence,0,0,0,0,0,0,Additional 50% Reduction,Belize,BLZ,2020-07-04,v3
2020-05-11,infections,0,0,0,0.19,0,2.05,Additional 50% Reduction,Belize,BLZ,2020-07-04,v3
2020-05-11,Rt,0.12,0.34,0.47,0.52,0.66,1.12,Additional 50% Reduction,Belize,BLZ,2020-07-04,v3
2020-05-11,cumulative_infections,287.08,758.25,1476.5,1616.42,2164.75,4438.35,Maintain Status Quo,Belize,BLZ,2020-07-04,v3
2020-05-11,deaths,0,0,0,0.01,0,0,Maintain Status Quo,Belize,BLZ,2020-07-04,v3
2020-05-11,hospital_demand,0,0,0,0.14,0,1,Maintain Status Quo,Belize,BLZ,2020-07-04,v3
2020-05-11,hospital_incidence,0,0,0,0,0,0,Maintain Status Quo,Belize,BLZ,2020-07-04,v3
2020-05-11,ICU_demand,0,0,0,0.06,0,1,Maintain Status Quo,Belize,BLZ,2020-07-04,v3
2020-05-11,ICU_incidence,0,0,0,0,0,0,Maintain Status Quo,Belize,BLZ,2020-07-04,v3
2020-05-11,infections,0,0,0,0.19,0,2.05,Maintain Status Quo,Belize,BLZ,2020-07-04,v3
2020-05-11,Rt,0.12,0.34,0.47,0.52,0.66,1.12,Maintain Status Quo,Belize,BLZ,2020-07-04,v3
2020-05-11,cumulative_infections,287.08,758.25,1476.5,1616.42,2164.75,4438.35,Relax Interventions 50%,Belize,BLZ,2020-07-04,v3
2020-05-11,deaths,0,0,0,0.01,0,0,Relax Interventions 50%,Belize,BLZ,2020-07-04,v3
2020-05-11,hospital_demand,0,0,0,0.14,0,1,Relax Interventions 50%,Belize,BLZ,2020-07-04,v3
2020-05-11,hospital_incidence,0,0,0,0,0,0,Relax Interventions 50%,Belize,BLZ,2020-07-04,v3
2020-05-11,ICU_demand,0,0,0,0.06,0,1,Relax Interventions 50%,Belize,BLZ,2020-07-04,v3
2020-05-11,ICU_incidence,0,0,0,0,0,0,Relax Interventions 50%,Belize,BLZ,2020-07-04,v3
2020-05-11,infections,0,0,0,0.19,0,2.05,Relax Interventions 50%,Belize,BLZ,2020-07-04,v3
2020-05-11,Rt,0.12,0.34,0.47,0.52,0.66,1.12,Relax Interventions 50%,Belize,BLZ,2020-07-04,v3
2020-05-11,cumulative_infections,265.8,934.75,1359.5,1575.75,1855.25,4784.4,Surged Additional 50% Reduction,Belize,BLZ,2020-07-04,v3
2020-05-11,deaths,0,0,0,0,0,0,Surged Additional 50% Reduction,Belize,BLZ,2020-07-04,v3
2020-05-11,hospital_demand,0,0,0,0.15,0,1.52,Surged Additional 50% Reduction,Belize,BLZ,2020-07-04,v3
2020-05-11,hospital_incidence,0,0,0,0,0,0,Surged Additional 50% Reduction,Belize,BLZ,2020-07-04,v3
2020-05-11,ICU_demand,0,0,0,0.03,0,0.52,Surged Additional 50% Reduction,Belize,BLZ,2020-07-04,v3
2020-05-11,ICU_incidence,0,0,0,0,0,0,Surged Additional 50% Reduction,Belize,BLZ,2020-07-04,v3
2020-05-11,infections,0,0,0,0.07,0,1,Surged Additional 50% Reduction,Belize,BLZ,2020-07-04,v3
2020-05-11,Rt,0.14,0.29,0.4,0.49,0.67,1.07,Surged Additional 50% Reduction,Belize,BLZ,2020-07-04,v3
2020-05-11,cumulative_infections,265.8,934.75,1359.5,1575.75,1855.25,4784.4,Surged Maintain Status Quo,Belize,BLZ,2020-07-04,v3
2020-05-11,deaths,0,0,0,0,0,0,Surged Maintain Status Quo,Belize,BLZ,2020-07-04,v3
2020-05-11,hospital_demand,0,0,0,0.15,0,1.52,Surged Maintain Status Quo,Belize,BLZ,2020-07-04,v3
2020-05-11,hospital_incidence,0,0,0,0,0,0,Surged Maintain Status Quo,Belize,BLZ,2020-07-04,v3
2020-05-11,ICU_demand,0,0,0,0.03,0,0.52,Surged Maintain Status Quo,Belize,BLZ,2020-07-04,v3
2020-05-11,ICU_incidence,0,0,0,0,0,0,Surged Maintain Status Quo,Belize,BLZ,2020-07-04,v3
2020-05-11,infections,0,0,0,0.07,0,1,Surged Maintain Status Quo,Belize,BLZ,2020-07-04,v3
2020-05-11,Rt,0.14,0.29,0.4,0.49,0.67,1.07,Surged Maintain Status Quo,Belize,BLZ,2020-07-04,v3
2020-05-11,cumulative_infections,265.8,934.75,1359.5,1575.75,1855.25,4784.4,Surged Relax Interventions 50%,Belize,BLZ,2020-07-04,v3
2020-05-11,deaths,0,0,0,0,0,0,Surged Relax Interventions 50%,Belize,BLZ,2020-07-04,v3
2020-05-11,hospital_demand,0,0,0,0.15,0,1.52,Surged Relax Interventions 50%,Belize,BLZ,2020-07-04,v3
2020-05-11,hospital_incidence,0,0,0,0,0,0,Surged Relax Interventions 50%,Belize,BLZ,2020-07-04,v3
2020-05-11,ICU_demand,0,0,0,0.03,0,0.52,Surged Relax Interventions 50%,Belize,BLZ,2020-07-04,v3
2020-05-11,ICU_incidence,0,0,0,0,0,0,Surged Relax Interventions 50%,Belize,BLZ,2020-07-04,v3
2020-05-11,infections,0,0,0,0.07,0,1,Surged Relax Interventions 50%,Belize,BLZ,2020-07-04,v3
2020-05-11,Rt,0.14,0.29,0.4,0.49,0.67,1.07,Surged Relax Interventions 50%,Belize,BLZ,2020-07-04,v3
2020-05-12,cumulative_infections,287.08,759.25,1477,1616.71,2164.75,4438.35,Additional 50% Reduction,Belize,BLZ,2020-07-04,v3
2020-05-12,deaths,0,0,0,0,0,0,Additional 50% Reduction,Belize,BLZ,2020-07-04,v3
2020-05-12,hospital_demand,0,0,0,0.12,0,1,Additional 50% Reduction,Belize,BLZ,2020-07-04,v3
2020-05-12,hospital_incidence,0,0,0,0,0,0,Additional 50% Reduction,Belize,BLZ,2020-07-04,v3
2020-05-12,ICU_demand,0,0,0,0.06,0,1,Additional 50% Reduction,Belize,BLZ,2020-07-04,v3
2020-05-12,ICU_incidence,0,0,0,0,0,0,Additional 50% Reduction,Belize,BLZ,2020-07-04,v3
2020-05-12,infections,0,0,0,0.29,0,3.52,Additional 50% Reduction,Belize,BLZ,2020-07-04,v3
2020-05-12,Rt,0.12,0.33,0.46,0.51,0.64,1.1,Additional 50% Reduction,Belize,BLZ,2020-07-04,v3
2020-05-12,cumulative_infections,287.08,759.25,1477,1616.71,2164.75,4438.35,Maintain Status Quo,Belize,BLZ,2020-07-04,v3
2020-05-12,deaths,0,0,0,0,0,0,Maintain Status Quo,Belize,BLZ,2020-07-04,v3
2020-05-12,hospital_demand,0,0,0,0.12,0,1,Maintain Status Quo,Belize,BLZ,2020-07-04,v3
2020-05-12,hospital_incidence,0,0,0,0,0,0,Maintain Status Quo,Belize,BLZ,2020-07-04,v3
2020-05-12,ICU_demand,0,0,0,0.06,0,1,Maintain Status Quo,Belize,BLZ,2020-07-04,v3
2020-05-12,ICU_incidence,0,0,0,0,0,0,Maintain Status Quo,Belize,BLZ,2020-07-04,v3
2020-05-12,infections,0,0,0,0.29,0,3.52,Maintain Status Quo,Belize,BLZ,2020-07-04,v3
2020-05-12,Rt,0.12,0.33,0.46,0.51,0.64,1.1,Maintain Status Quo,Belize,BLZ,2020-07-04,v3
2020-05-12,cumulative_infections,287.08,759.25,1477,1616.71,2164.75,4438.35,Relax Interventions 50%,Belize,BLZ,2020-07-04,v3
2020-05-12,deaths,0,0,0,0,0,0,Relax Interventions 50%,Belize,BLZ,2020-07-04,v3
2020-05-12,hospital_demand,0,0,0,0.12,0,1,Relax Interventions 50%,Belize,BLZ,2020-07-04,v3
2020-05-12,hospital_incidence,0,0,0,0,0,0,Relax Interventions 50%,Belize,BLZ,2020-07-04,v3
2020-05-12,ICU_demand,0,0,0,0.06,0,1,Relax Interventions 50%,Belize,BLZ,2020-07-04,v3
2020-05-12,ICU_incidence,0,0,0,0,0,0,Relax Interventions 50%,Belize,BLZ,2020-07-04,v3
2020-05-12,infections,0,0,0,0.29,0,3.52,Relax Interventions 50%,Belize,BLZ,2020-07-04,v3
2020-05-12,Rt,0.12,0.33,0.46,0.51,0.64,1.1,Relax Interventions 50%,Belize,BLZ,2020-07-04,v3
2020-05-12,cumulative_infections,265.8,934.75,1359.5,1575.98,1858.25,4784.4,Surged Additional 50% Reduction,Belize,BLZ,2020-07-04,v3
2020-05-12,deaths,0,0,0,0,0,0,Surged Additional 50% Reduction,Belize,BLZ,2020-07-04,v3
2020-05-12,hospital_demand,0,0,0,0.14,0,1,Surged Additional 50% Reduction,Belize,BLZ,2020-07-04,v3
2020-05-12,hospital_incidence,0,0,0,0.01,0,0,Surged Additional 50% Reduction,Belize,BLZ,2020-07-04,v3
2020-05-12,ICU_demand,0,0,0,0.02,0,0,Surged Additional 50% Reduction,Belize,BLZ,2020-07-04,v3
2020-05-12,ICU_incidence,0,0,0,0,0,0,Surged Additional 50% Reduction,Belize,BLZ,2020-07-04,v3
2020-05-12,infections,0,0,0,0.23,0,2.52,Surged Additional 50% Reduction,Belize,BLZ,2020-07-04,v3
2020-05-12,Rt,0.14,0.29,0.4,0.48,0.66,1.05,Surged Additional 50% Reduction,Belize,BLZ,2020-07-04,v3
2020-05-12,cumulative_infections,265.8,934.75,1359.5,1575.98,1858.25,4784.4,Surged Maintain Status Quo,Belize,BLZ,2020-07-04,v3
2020-05-12,deaths,0,0,0,0,0,0,Surged Maintain Status Quo,Belize,BLZ,2020-07-04,v3
2020-05-12,hospital_demand,0,0,0,0.14,0,1,Surged Maintain Status Quo,Belize,BLZ,2020-07-04,v3
2020-05-12,hospital_incidence,0,0,0,0.01,0,0,Surged Maintain Status Quo,Belize,BLZ,2020-07-04,v3
2020-05-12,ICU_demand,0,0,0,0.02,0,0,Surged Maintain Status Quo,Belize,BLZ,2020-07-04,v3
2020-05-12,ICU_incidence,0,0,0,0,0,0,Surged Maintain Status Quo,Belize,BLZ,2020-07-04,v3
2020-05-12,infections,0,0,0,0.23,0,2.52,Surged Maintain Status Quo,Belize,BLZ,2020-07-04,v3
2020-05-12,Rt,0.14,0.29,0.4,0.48,0.66,1.05,Surged Maintain Status Quo,Belize,BLZ,2020-07-04,v3
2020-05-12,cumulative_infections,265.8,934.75,1359.5,1575.98,1858.25,4784.4,Surged Relax Interventions 50%,Belize,BLZ,2020-07-04,v3
2020-05-12,deaths,0,0,0,0,0,0,Surged Relax Interventions 50%,Belize,BLZ,2020-07-04,v3
2020-05-12,hospital_demand,0,0,0,0.14,0,1,Surged Relax Interventions 50%,Belize,BLZ,2020-07-04,v3
2020-05-12,hospital_incidence,0,0,0,0.01,0,0,Surged Relax Interventions 50%,Belize,BLZ,2020-07-04,v3
2020-05-12,ICU_demand,0,0,0,0.02,0,0,Surged Relax Interventions 50%,Belize,BLZ,2020-07-04,v3
2020-05-12,ICU_incidence,0,0,0,0,0,0,Surged Relax Interventions 50%,Belize,BLZ,2020-07-04,v3
2020-05-12,infections,0,0,0,0.23,0,2.52,Surged Relax Interventions 50%,Belize,BLZ,2020-07-04,v3
2020-05-12,Rt,0.14,0.29,0.4,0.48,0.66,1.05,Surged Relax Interventions 50%,Belize,BLZ,2020-07-04,v3
2020-05-13,cumulative_infections,287.08,759.75,1477,1616.91,2165,4438.35,Additional 50% Reduction,Belize,BLZ,2020-07-04,v3
2020-05-13,deaths,0,0,0,0.01,0,0,Additional 50% Reduction,Belize,BLZ,2020-07-04,v3
2020-05-13,hospital_demand,0,0,0,0.07,0,1,Additional 50% Reduction,Belize,BLZ,2020-07-04,v3
2020-05-13,hospital_incidence,0,0,0,0,0,0,Additional 50% Reduction,Belize,BLZ,2020-07-04,v3
2020-05-13,ICU_demand,0,0,0,0.05,0,1,Additional 50% Reduction,Belize,BLZ,2020-07-04,v3
2020-05-13,ICU_incidence,0,0,0,0,0,0,Additional 50% Reduction,Belize,BLZ,2020-07-04,v3
2020-05-13,infections,0,0,0,0.2,0,1.52,Additional 50% Reduction,Belize,BLZ,2020-07-04,v3
2020-05-13,Rt,0.11,0.3,0.43,0.47,0.6,1.03,Additional 50% Reduction,Belize,BLZ,2020-07-04,v3
2020-05-13,cumulative_infections,287.08,759.75,1477,1616.91,2165,4438.35,Maintain Status Quo,Belize,BLZ,2020-07-04,v3
2020-05-13,deaths,0,0,0,0.01,0,0,Maintain Status Quo,Belize,BLZ,2020-07-04,v3
2020-05-13,hospital_demand,0,0,0,0.07,0,1,Maintain Status Quo,Belize,BLZ,2020-07-04,v3
2020-05-13,hospital_incidence,0,0,0,0,0,0,Maintain Status Quo,Belize,BLZ,2020-07-04,v3
2020-05-13,ICU_demand,0,0,0,0.05,0,1,Maintain Status Quo,Belize,BLZ,2020-07-04,v3
2020-05-13,ICU_incidence,0,0,0,0,0,0,Maintain Status Quo,Belize,BLZ,2020-07-04,v3
2020-05-13,infections,0,0,0,0.2,0,1.52,Maintain Status Quo,Belize,BLZ,2020-07-04,v3
2020-05-13,Rt,0.11,0.3,0.43,0.47,0.6,1.03,Maintain Status Quo,Belize,BLZ,2020-07-04,v3
2020-05-13,cumulative_infections,287.08,759.75,1477,1616.91,2165,4438.35,Relax Interventions 50%,Belize,BLZ,2020-07-04,v3
2020-05-13,deaths,0,0,0,0.01,0,0,Relax Interventions 50%,Belize,BLZ,2020-07-04,v3
2020-05-13,hospital_demand,0,0,0,0.07,0,1,Relax Interventions 50%,Belize,BLZ,2020-07-04,v3
2020-05-13,hospital_incidence,0,0,0,0,0,0,Relax Interventions 50%,Belize,BLZ,2020-07-04,v3
2020-05-13,ICU_demand,0,0,0,0.05,0,1,Relax Interventions 50%,Belize,BLZ,2020-07-04,v3
2020-05-13,ICU_incidence,0,0,0,0,0,0,Relax Interventions 50%,Belize,BLZ,2020-07-04,v3
2020-05-13,infections,0,0,0,0.2,0,1.52,Relax Interventions 50%,Belize,BLZ,2020-07-04,v3
2020-05-13,Rt,0.11,0.3,0.43,0.47,0.6,1.03,Relax Interventions 50%,Belize,BLZ,2020-07-04,v3
2020-05-13,cumulative_infections,265.8,934.75,1359.5,1576.11,1860.5,4784.4,Surged Additional 50% Reduction,Belize,BLZ,2020-07-04,v3
2020-05-13,deaths,0,0,0,0,0,0,Surged Additional 50% Reduction,Belize,BLZ,2020-07-04,v3
2020-05-13,hospital_demand,0,0,0,0.11,0,1,Surged Additional 50% Reduction,Belize,BLZ,2020-07-04,v3
2020-05-13,hospital_incidence,0,0,0,0,0,0,Surged Additional 50% Reduction,Belize,BLZ,2020-07-04,v3
2020-05-13,ICU_demand,0,0,0,0.02,0,0,Surged Additional 50% Reduction,Belize,BLZ,2020-07-04,v3
2020-05-13,ICU_incidence,0,0,0,0,0,0,Surged Additional 50% Reduction,Belize,BLZ,2020-07-04,v3
2020-05-13,infections,0,0,0,0.13,0,2,Surged Additional 50% Reduction,Belize,BLZ,2020-07-04,v3
2020-05-13,Rt,0.13,0.26,0.37,0.44,0.62,0.95,Surged Additional 50% Reduction,Belize,BLZ,2020-07-04,v3
2020-05-13,cumulative_infections,265.8,934.75,1359.5,1576.11,1860.5,4784.4,Surged Maintain Status Quo,Belize,BLZ,2020-07-04,v3
2020-05-13,deaths,0,0,0,0,0,0,Surged Maintain Status Quo,Belize,BLZ,2020-07-04,v3
2020-05-13,hospital_demand,0,0,0,0.11,0,1,Surged Maintain Status Quo,Belize,BLZ,2020-07-04,v3
2020-05-13,hospital_incidence,0,0,0,0,0,0,Surged Maintain Status Quo,Belize,BLZ,2020-07-04,v3
2020-05-13,ICU_demand,0,0,0,0.02,0,0,Surged Maintain Status Quo,Belize,BLZ,2020-07-04,v3
2020-05-13,ICU_incidence,0,0,0,0,0,0,Surged Maintain Status Quo,Belize,BLZ,2020-07-04,v3
2020-05-13,infections,0,0,0,0.13,0,2,Surged Maintain Status Quo,Belize,BLZ,2020-07-04,v3
2020-05-13,Rt,0.13,0.26,0.37,0.44,0.62,0.95,Surged Maintain Status Quo,Belize,BLZ,2020-07-04,v3
2020-05-13,cumulative_infections,265.8,934.75,1359.5,1576.11,1860.5,4784.4,Surged Relax Interventions 50%,Belize,BLZ,2020-07-04,v3
2020-05-13,deaths,0,0,0,0,0,0,Surged Relax Interventions 50%,Belize,BLZ,2020-07-04,v3
2020-05-13,hospital_demand,0,0,0,0.11,0,1,Surged Relax Interventions 50%,Belize,BLZ,2020-07-04,v3
2020-05-13,hospital_incidence,0,0,0,0,0,0,Surged Relax Interventions 50%,Belize,BLZ,2020-07-04,v3
2020-05-13,ICU_demand,0,0,0,0.02,0,0,Surged Relax Interventions 50%,Belize,BLZ,2020-07-04,v3
2020-05-13,ICU_incidence,0,0,0,0,0,0,Surged Relax Interventions 50%,Belize,BLZ,2020-07-04,v3
2020-05-13,infections,0,0,0,0.13,0,2,Surged Relax Interventions 50%,Belize,BLZ,2020-07-04,v3
2020-05-13,Rt,0.13,0.26,0.37,0.44,0.62,0.95,Surged Relax Interventions 50%,Belize,BLZ,2020-07-04,v3
2020-05-14,cumulative_infections,287.08,759.75,1477,1617.14,2165.25,4438.35,Additional 50% Reduction,Belize,BLZ,2020-07-04,v3
2020-05-14,deaths,0,0,0,0,0,0,Additional 50% Reduction,Belize,BLZ,2020-07-04,v3
2020-05-14,hospital_demand,0,0,0,0.06,0,1,Additional 50% Reduction,Belize,BLZ,2020-07-04,v3
2020-05-14,hospital_incidence,0,0,0,0,0,0,Additional 50% Reduction,Belize,BLZ,2020-07-04,v3
2020-05-14,ICU_demand,0,0,0,0.04,0,0.52,Additional 50% Reduction,Belize,BLZ,2020-07-04,v3
2020-05-14,ICU_incidence,0,0,0,0,0,0,Additional 50% Reduction,Belize,BLZ,2020-07-04,v3
2020-05-14,infections,0,0,0,0.23,0,2,Additional 50% Reduction,Belize,BLZ,2020-07-04,v3
2020-05-14,Rt,0.12,0.33,0.46,0.51,0.64,1.1,Additional 50% Reduction,Belize,BLZ,2020-07-04,v3
2020-05-14,cumulative_infections,287.08,759.75,1477,1617.14,2165.25,4438.35,Maintain Status Quo,Belize,BLZ,2020-07-04,v3
2020-05-14,deaths,0,0,0,0,0,0,Maintain Status Quo,Belize,BLZ,2020-07-04,v3
2020-05-14,hospital_demand,0,0,0,0.06,0,1,Maintain Status Quo,Belize,BLZ,2020-07-04,v3
2020-05-14,hospital_incidence,0,0,0,0,0,0,Maintain Status Quo,Belize,BLZ,2020-07-04,v3
2020-05-14,ICU_demand,0,0,0,0.04,0,0.52,Maintain Status Quo,Belize,BLZ,2020-07-04,v3
2020-05-14,ICU_incidence,0,0,0,0,0,0,Maintain Status Quo,Belize,BLZ,2020-07-04,v3
2020-05-14,infections,0,0,0,0.23,0,2,Maintain Status Quo,Belize,BLZ,2020-07-04,v3
2020-05-14,Rt,0.12,0.33,0.46,0.51,0.64,1.1,Maintain Status Quo,Belize,BLZ,2020-07-04,v3
2020-05-14,cumulative_infections,287.08,759.75,1477,1617.14,2165.25,4438.35,Relax Interventions 50%,Belize,BLZ,2020-07-04,v3
2020-05-14,deaths,0,0,0,0,0,0,Relax Interventions 50%,Belize,BLZ,2020-07-04,v3
2020-05-14,hospital_demand,0,0,0,0.06,0,1,Relax Interventions 50%,Belize,BLZ,2020-07-04,v3
2020-05-14,hospital_incidence,0,0,0,0,0,0,Relax Interventions 50%,Belize,BLZ,2020-07-04,v3
2020-05-14,ICU_demand,0,0,0,0.04,0,0.52,Relax Interventions 50%,Belize,BLZ,2020-07-04,v3
2020-05-14,ICU_incidence,0,0,0,0,0,0,Relax Interventions 50%,Belize,BLZ,2020-07-04,v3
2020-05-14,infections,0,0,0,0.23,0,2,Relax Interventions 50%,Belize,BLZ,2020-07-04,v3
2020-05-14,Rt,0.12,0.33,0.46,0.51,0.64,1.1,Relax Interventions 50%,Belize,BLZ,2020-07-04,v3
2020-05-14,cumulative_infections,265.8,934.75,1359.5,1576.23,1861.25,4784.4,Surged Additional 50% Reduction,Belize,BLZ,2020-07-04,v3
2020-05-14,deaths,0,0,0,0,0,0,Surged Additional 50% Reduction,Belize,BLZ,2020-07-04,v3
2020-05-14,hospital_demand,0,0,0,0.09,0,1,Surged Additional 50% Reduction,Belize,BLZ,2020-07-04,v3
2020-05-14,hospital_incidence,0,0,0,0,0,0,Surged Additional 50% Reduction,Belize,BLZ,2020-07-04,v3
2020-05-14,ICU_demand,0,0,0,0.02,0,0,Surged Additional 50% Reduction,Belize,BLZ,2020-07-04,v3
2020-05-14,ICU_incidence,0,0,0,0,0,0,Surged Additional 50% Reduction,Belize,BLZ,2020-07-04,v3
2020-05-14,infections,0,0,0,0.12,0,1,Surged Additional 50% Reduction,Belize,BLZ,2020-07-04,v3
2020-05-14,Rt,0.14,0.29,0.4,0.48,0.66,1.05,Surged Additional 50% Reduction,Belize,BLZ,2020-07-04,v3
2020-05-14,cumulative_infections,265.8,934.75,1359.5,1576.23,1861.25,4784.4,Surged Maintain Status Quo,Belize,BLZ,2020-07-04,v3
2020-05-14,deaths,0,0,0,0,0,0,Surged Maintain Status Quo,Belize,BLZ,2020-07-04,v3
2020-05-14,hospital_demand,0,0,0,0.09,0,1,Surged Maintain Status Quo,Belize,BLZ,2020-07-04,v3
2020-05-14,hospital_incidence,0,0,0,0,0,0,Surged Maintain Status Quo,Belize,BLZ,2020-07-04,v3
2020-05-14,ICU_demand,0,0,0,0.02,0,0,Surged Maintain Status Quo,Belize,BLZ,2020-07-04,v3
2020-05-14,ICU_incidence,0,0,0,0,0,0,Surged Maintain Status Quo,Belize,BLZ,2020-07-04,v3
2020-05-14,infections,0,0,0,0.12,0,1,Surged Maintain Status Quo,Belize,BLZ,2020-07-04,v3
2020-05-14,Rt,0.14,0.29,0.4,0.48,0.66,1.05,Surged Maintain Status Quo,Belize,BLZ,2020-07-04,v3
2020-05-14,cumulative_infections,265.8,934.75,1359.5,1576.23,1861.25,4784.4,Surged Relax Interventions 50%,Belize,BLZ,2020-07-04,v3
2020-05-14,deaths,0,0,0,0,0,0,Surged Relax Interventions 50%,Belize,BLZ,2020-07-04,v3
2020-05-14,hospital_demand,0,0,0,0.09,0,1,Surged Relax Interventions 50%,Belize,BLZ,2020-07-04,v3
2020-05-14,hospital_incidence,0,0,0,0,0,0,Surged Relax Interventions 50%,Belize,BLZ,2020-07-04,v3
2020-05-14,ICU_demand,0,0,0,0.02,0,0,Surged Relax Interventions 50%,Belize,BLZ,2020-07-04,v3
2020-05-14,ICU_incidence,0,0,0,0,0,0,Surged Relax Interventions 50%,Belize,BLZ,2020-07-04,v3
2020-05-14,infections,0,0,0,0.12,0,1,Surged Relax Interventions 50%,Belize,BLZ,2020-07-04,v3
2020-05-14,Rt,0.14,0.29,0.4,0.48,0.66,1.05,Surged Relax Interventions 50%,Belize,BLZ,2020-07-04,v3
2020-05-15,cumulative_infections,287.08,760,1477,1617.38,2165.5,4438.35,Additional 50% Reduction,Belize,BLZ,2020-07-04,v3
2020-05-15,deaths,0,0,0,0,0,0,Additional 50% Reduction,Belize,BLZ,2020-07-04,v3
2020-05-15,hospital_demand,0,0,0,0.06,0,1,Additional 50% Reduction,Belize,BLZ,2020-07-04,v3
2020-05-15,hospital_incidence,0,0,0,0,0,0,Additional 50% Reduction,Belize,BLZ,2020-07-04,v3
2020-05-15,ICU_demand,0,0,0,0.04,0,0.52,Additional 50% Reduction,Belize,BLZ,2020-07-04,v3
2020-05-15,ICU_incidence,0,0,0,0,0,0,Additional 50% Reduction,Belize,BLZ,2020-07-04,v3
2020-05-15,infections,0,0,0,0.24,0,3.1,Additional 50% Reduction,Belize,BLZ,2020-07-04,v3
2020-05-15,Rt,0.15,0.39,0.55,0.62,0.79,1.35,Additional 50% Reduction,Belize,BLZ,2020-07-04,v3
2020-05-15,cumulative_infections,287.08,760,1477,1617.38,2165.5,4438.35,Maintain Status Quo,Belize,BLZ,2020-07-04,v3
2020-05-15,deaths,0,0,0,0,0,0,Maintain Status Quo,Belize,BLZ,2020-07-04,v3
2020-05-15,hospital_demand,0,0,0,0.06,0,1,Maintain Status Quo,Belize,BLZ,2020-07-04,v3
2020-05-15,hospital_incidence,0,0,0,0,0,0,Maintain Status Quo,Belize,BLZ,2020-07-04,v3
2020-05-15,ICU_demand,0,0,0,0.04,0,0.52,Maintain Status Quo,Belize,BLZ,2020-07-04,v3
2020-05-15,ICU_incidence,0,0,0,0,0,0,Maintain Status Quo,Belize,BLZ,2020-07-04,v3
2020-05-15,infections,0,0,0,0.24,0,3.1,Maintain Status Quo,Belize,BLZ,2020-07-04,v3
2020-05-15,Rt,0.15,0.39,0.55,0.62,0.79,1.35,Maintain Status Quo,Belize,BLZ,2020-07-04,v3
2020-05-15,cumulative_infections,287.08,760,1477,1617.38,2165.5,4438.35,Relax Interventions 50%,Belize,BLZ,2020-07-04,v3
2020-05-15,deaths,0,0,0,0,0,0,Relax Interventions 50%,Belize,BLZ,2020-07-04,v3
2020-05-15,hospital_demand,0,0,0,0.06,0,1,Relax Interventions 50%,Belize,BLZ,2020-07-04,v3
2020-05-15,hospital_incidence,0,0,0,0,0,0,Relax Interventions 50%,Belize,BLZ,2020-07-04,v3
2020-05-15,ICU_demand,0,0,0,0.04,0,0.52,Relax Interventions 50%,Belize,BLZ,2020-07-04,v3
2020-05-15,ICU_incidence,0,0,0,0,0,0,Relax Interventions 50%,Belize,BLZ,2020-07-04,v3
2020-05-15,infections,0,0,0,0.24,0,3.1,Relax Interventions 50%,Belize,BLZ,2020-07-04,v3
2020-05-15,Rt,0.15,0.39,0.55,0.62,0.79,1.35,Relax Interventions 50%,Belize,BLZ,2020-07-04,v3
2020-05-15,cumulative_infections,266.28,934.75,1359.5,1576.4,1862,4784.4,Surged Additional 50% Reduction,Belize,BLZ,2020-07-04,v3
2020-05-15,deaths,0,0,0,0,0,0,Surged Additional 50% Reduction,Belize,BLZ,2020-07-04,v3
2020-05-15,hospital_demand,0,0,0,0.08,0,1,Surged Additional 50% Reduction,Belize,BLZ,2020-07-04,v3
2020-05-15,hospital_incidence,0,0,0,0,0,0,Surged Additional 50% Reduction,Belize,BLZ,2020-07-04,v3
2020-05-15,ICU_demand,0,0,0,0.02,0,0,Surged Additional 50% Reduction,Belize,BLZ,2020-07-04,v3
2020-05-15,ICU_incidence,0,0,0,0,0,0,Surged Additional 50% Reduction,Belize,BLZ,2020-07-04,v3
2020-05-15,infections,0,0,0,0.17,0,2.05,Surged Additional 50% Reduction,Belize,BLZ,2020-07-04,v3
2020-05-15,Rt,0.16,0.34,0.5,0.58,0.81,1.27,Surged Additional 50% Reduction,Belize,BLZ,2020-07-04,v3
2020-05-15,cumulative_infections,266.28,934.75,1359.5,1576.4,1862,4784.4,Surged Maintain Status Quo,Belize,BLZ,2020-07-04,v3
2020-05-15,deaths,0,0,0,0,0,0,Surged Maintain Status Quo,Belize,BLZ,2020-07-04,v3
2020-05-15,hospital_demand,0,0,0,0.08,0,1,Surged Maintain Status Quo,Belize,BLZ,2020-07-04,v3
2020-05-15,hospital_incidence,0,0,0,0,0,0,Surged Maintain Status Quo,Belize,BLZ,2020-07-04,v3
2020-05-15,ICU_demand,0,0,0,0.02,0,0,Surged Maintain Status Quo,Belize,BLZ,2020-07-04,v3
2020-05-15,ICU_incidence,0,0,0,0,0,0,Surged Maintain Status Quo,Belize,BLZ,2020-07-04,v3
2020-05-15,infections,0,0,0,0.17,0,2.05,Surged Maintain Status Quo,Belize,BLZ,2020-07-04,v3
2020-05-15,Rt,0.16,0.34,0.5,0.58,0.81,1.27,Surged Maintain Status Quo,Belize,BLZ,2020-07-04,v3
2020-05-15,cumulative_infections,266.28,934.75,1359.5,1576.4,1862,4784.4,Surged Relax Interventions 50%,Belize,BLZ,2020-07-04,v3
2020-05-15,deaths,0,0,0,0,0,0,Surged Relax Interventions 50%,Belize,BLZ,2020-07-04,v3
2020-05-15,hospital_demand,0,0,0,0.08,0,1,Surged Relax Interventions 50%,Belize,BLZ,2020-07-04,v3
2020-05-15,hospital_incidence,0,0,0,0,0,0,Surged Relax Interventions 50%,Belize,BLZ,2020-07-04,v3
2020-05-15,ICU_demand,0,0,0,0.02,0,0,Surged Relax Interventions 50%,Belize,BLZ,2020-07-04,v3
2020-05-15,ICU_incidence,0,0,0,0,0,0,Surged Relax Interventions 50%,Belize,BLZ,2020-07-04,v3
2020-05-15,infections,0,0,0,0.17,0,2.05,Surged Relax Interventions 50%,Belize,BLZ,2020-07-04,v3
2020-05-15,Rt,0.16,0.34,0.5,0.58,0.81,1.27,Surged Relax Interventions 50%,Belize,BLZ,2020-07-04,v3
2020-05-16,cumulative_infections,287.08,760,1477,1617.55,2165.5,4438.35,Additional 50% Reduction,Belize,BLZ,2020-07-04,v3
2020-05-16,deaths,0,0,0,0,0,0,Additional 50% Reduction,Belize,BLZ,2020-07-04,v3
2020-05-16,hospital_demand,0,0,0,0.07,0,1,Additional 50% Reduction,Belize,BLZ,2020-07-04,v3
2020-05-16,hospital_incidence,0,0,0,0,0,0,Additional 50% Reduction,Belize,BLZ,2020-07-04,v3
2020-05-16,ICU_demand,0,0,0,0.03,0,0.52,Additional 50% Reduction,Belize,BLZ,2020-07-04,v3
2020-05-16,ICU_incidence,0,0,0,0,0,0,Additional 50% Reduction,Belize,BLZ,2020-07-04,v3
2020-05-16,infections,0,0,0,0.17,0,2.05,Additional 50% Reduction,Belize,BLZ,2020-07-04,v3
2020-05-16,Rt,0.19,0.49,0.64,0.75,0.96,1.62,Additional 50% Reduction,Belize,BLZ,2020-07-04,v3
2020-05-16,cumulative_infections,287.08,760,1477,1617.55,2165.5,4438.35,Maintain Status Quo,Belize,BLZ,2020-07-04,v3
2020-05-16,deaths,0,0,0,0,0,0,Maintain Status Quo,Belize,BLZ,2020-07-04,v3
2020-05-16,hospital_demand,0,0,0,0.07,0,1,Maintain Status Quo,Belize,BLZ,2020-07-04,v3
2020-05-16,hospital_incidence,0,0,0,0,0,0,Maintain Status Quo,Belize,BLZ,2020-07-04,v3
2020-05-16,ICU_demand,0,0,0,0.03,0,0.52,Maintain Status Quo,Belize,BLZ,2020-07-04,v3
2020-05-16,ICU_incidence,0,0,0,0,0,0,Maintain Status Quo,Belize,BLZ,2020-07-04,v3
2020-05-16,infections,0,0,0,0.17,0,2.05,Maintain Status Quo,Belize,BLZ,2020-07-04,v3
2020-05-16,Rt,0.19,0.49,0.64,0.75,0.96,1.62,Maintain Status Quo,Belize,BLZ,2020-07-04,v3
2020-05-16,cumulative_infections,287.08,760,1477,1617.55,2165.5,4438.35,Relax Interventions 50%,Belize,BLZ,2020-07-04,v3
2020-05-16,deaths,0,0,0,0,0,0,Relax Interventions 50%,Belize,BLZ,2020-07-04,v3
2020-05-16,hospital_demand,0,0,0,0.07,0,1,Relax Interventions 50%,Belize,BLZ,2020-07-04,v3
2020-05-16,hospital_incidence,0,0,0,0,0,0,Relax Interventions 50%,Belize,BLZ,2020-07-04,v3
2020-05-16,ICU_demand,0,0,0,0.03,0,0.52,Relax Interventions 50%,Belize,BLZ,2020-07-04,v3
2020-05-16,ICU_incidence,0,0,0,0,0,0,Relax Interventions 50%,Belize,BLZ,2020-07-04,v3
2020-05-16,infections,0,0,0,0.17,0,2.05,Relax Interventions 50%,Belize,BLZ,2020-07-04,v3
2020-05-16,Rt,0.19,0.49,0.64,0.75,0.96,1.62,Relax Interventions 50%,Belize,BLZ,2020-07-04,v3
2020-05-16,cumulative_infections,266.28,934.75,1359.5,1576.56,1864.25,4784.4,Surged Additional 50% Reduction,Belize,BLZ,2020-07-04,v3
2020-05-16,deaths,0,0,0,0,0,0,Surged Additional 50% Reduction,Belize,BLZ,2020-07-04,v3
2020-05-16,hospital_demand,0,0,0,0.08,0,1,Surged Additional 50% Reduction,Belize,BLZ,2020-07-04,v3
2020-05-16,hospital_incidence,0,0,0,0,0,0,Surged Additional 50% Reduction,Belize,BLZ,2020-07-04,v3
2020-05-16,ICU_demand,0,0,0,0.02,0,0,Surged Additional 50% Reduction,Belize,BLZ,2020-07-04,v3
2020-05-16,ICU_incidence,0,0,0,0,0,0,Surged Additional 50% Reduction,Belize,BLZ,2020-07-04,v3
2020-05-16,infections,0,0,0,0.16,0,2.52,Surged Additional 50% Reduction,Belize,BLZ,2020-07-04,v3
2020-05-16,Rt,0.17,0.41,0.63,0.7,0.97,1.57,Surged Additional 50% Reduction,Belize,BLZ,2020-07-04,v3
2020-05-16,cumulative_infections,266.28,934.75,1359.5,1576.56,1864.25,4784.4,Surged Maintain Status Quo,Belize,BLZ,2020-07-04,v3
2020-05-16,deaths,0,0,0,0,0,0,Surged Maintain Status Quo,Belize,BLZ,2020-07-04,v3
2020-05-16,hospital_demand,0,0,0,0.08,0,1,Surged Maintain Status Quo,Belize,BLZ,2020-07-04,v3
2020-05-16,hospital_incidence,0,0,0,0,0,0,Surged Maintain Status Quo,Belize,BLZ,2020-07-04,v3
2020-05-16,ICU_demand,0,0,0,0.02,0,0,Surged Maintain Status Quo,Belize,BLZ,2020-07-04,v3
2020-05-16,ICU_incidence,0,0,0,0,0,0,Surged Maintain Status Quo,Belize,BLZ,2020-07-04,v3
2020-05-16,infections,0,0,0,0.16,0,2.52,Surged Maintain Status Quo,Belize,BLZ,2020-07-04,v3
2020-05-16,Rt,0.17,0.41,0.63,0.7,0.97,1.57,Surged Maintain Status Quo,Belize,BLZ,2020-07-04,v3
2020-05-16,cumulative_infections,266.28,934.75,1359.5,1576.56,1864.25,4784.4,Surged Relax Interventions 50%,Belize,BLZ,2020-07-04,v3
2020-05-16,deaths,0,0,0,0,0,0,Surged Relax Interventions 50%,Belize,BLZ,2020-07-04,v3
2020-05-16,hospital_demand,0,0,0,0.08,0,1,Surged Relax Interventions 50%,Belize,BLZ,2020-07-04,v3
2020-05-16,hospital_incidence,0,0,0,0,0,0,Surged Relax Interventions 50%,Belize,BLZ,2020-07-04,v3
2020-05-16,ICU_demand,0,0,0,0.02,0,0,Surged Relax Interventions 50%,Belize,BLZ,2020-07-04,v3
2020-05-16,ICU_incidence,0,0,0,0,0,0,Surged Relax Interventions 50%,Belize,BLZ,2020-07-04,v3
2020-05-16,infections,0,0,0,0.16,0,2.52,Surged Relax Interventions 50%,Belize,BLZ,2020-07-04,v3
2020-05-16,Rt,0.17,0.41,0.63,0.7,0.97,1.57,Surged Relax Interventions 50%,Belize,BLZ,2020-07-04,v3
2020-05-17,cumulative_infections,287.08,761,1477,1617.85,2165.75,4438.35,Additional 50% Reduction,Belize,BLZ,2020-07-04,v3
2020-05-17,deaths,0,0,0,0.01,0,0,Additional 50% Reduction,Belize,BLZ,2020-07-04,v3
2020-05-17,hospital_demand,0,0,0,0.06,0,1,Additional 50% Reduction,Belize,BLZ,2020-07-04,v3
2020-05-17,hospital_incidence,0,0,0,0,0,0,Additional 50% Reduction,Belize,BLZ,2020-07-04,v3
2020-05-17,ICU_demand,0,0,0,0.02,0,0,Additional 50% Reduction,Belize,BLZ,2020-07-04,v3
2020-05-17,ICU_incidence,0,0,0,0,0,0,Additional 50% Reduction,Belize,BLZ,2020-07-04,v3
2020-05-17,infections,0,0,0,0.3,0,3.52,Additional 50% Reduction,Belize,BLZ,2020-07-04,v3
2020-05-17,Rt,0.11,0.3,0.42,0.46,0.59,1.02,Additional 50% Reduction,Belize,BLZ,2020-07-04,v3
2020-05-17,cumulative_infections,287.08,761,1477,1617.85,2165.75,4438.35,Maintain Status Quo,Belize,BLZ,2020-07-04,v3
2020-05-17,deaths,0,0,0,0.01,0,0,Maintain Status Quo,Belize,BLZ,2020-07-04,v3
2020-05-17,hospital_demand,0,0,0,0.06,0,1,Maintain Status Quo,Belize,BLZ,2020-07-04,v3
2020-05-17,hospital_incidence,0,0,0,0,0,0,Maintain Status Quo,Belize,BLZ,2020-07-04,v3
2020-05-17,ICU_demand,0,0,0,0.02,0,0,Maintain Status Quo,Belize,BLZ,2020-07-04,v3
2020-05-17,ICU_incidence,0,0,0,0,0,0,Maintain Status Quo,Belize,BLZ,2020-07-04,v3
2020-05-17,infections,0,0,0,0.3,0,3.52,Maintain Status Quo,Belize,BLZ,2020-07-04,v3
2020-05-17,Rt,0.11,0.3,0.42,0.46,0.59,1.02,Maintain Status Quo,Belize,BLZ,2020-07-04,v3
2020-05-17,cumulative_infections,287.08,761,1477,1617.85,2165.75,4438.35,Relax Interventions 50%,Belize,BLZ,2020-07-04,v3
2020-05-17,deaths,0,0,0,0.01,0,0,Relax Interventions 50%,Belize,BLZ,2020-07-04,v3
2020-05-17,hospital_demand,0,0,0,0.06,0,1,Relax Interventions 50%,Belize,BLZ,2020-07-04,v3
2020-05-17,hospital_incidence,0,0,0,0,0,0,Relax Interventions 50%,Belize,BLZ,2020-07-04,v3
2020-05-17,ICU_demand,0,0,0,0.02,0,0,Relax Interventions 50%,Belize,BLZ,2020-07-04,v3
2020-05-17,ICU_incidence,0,0,0,0,0,0,Relax Interventions 50%,Belize,BLZ,2020-07-04,v3
2020-05-17,infections,0,0,0,0.3,0,3.52,Relax Interventions 50%,Belize,BLZ,2020-07-04,v3
2020-05-17,Rt,0.11,0.3,0.42,0.46,0.59,1.02,Relax Interventions 50%,Belize,BLZ,2020-07-04,v3
2020-05-17,cumulative_infections,266.28,934.75,1359.5,1576.75,1866.5,4784.4,Surged Additional 50% Reduction,Belize,BLZ,2020-07-04,v3
2020-05-17,deaths,0,0,0,0,0,0,Surged Additional 50% Reduction,Belize,BLZ,2020-07-04,v3
2020-05-17,hospital_demand,0,0,0,0.07,0,1,Surged Additional 50% Reduction,Belize,BLZ,2020-07-04,v3
2020-05-17,hospital_incidence,0,0,0,0,0,0,Surged Additional 50% Reduction,Belize,BLZ,2020-07-04,v3
2020-05-17,ICU_demand,0,0,0,0.02,0,0,Surged Additional 50% Reduction,Belize,BLZ,2020-07-04,v3
2020-05-17,ICU_incidence,0,0,0,0,0,0,Surged Additional 50% Reduction,Belize,BLZ,2020-07-04,v3
2020-05-17,infections,0,0,0,0.19,0,2.52,Surged Additional 50% Reduction,Belize,BLZ,2020-07-04,v3
2020-05-17,Rt,0.13,0.26,0.36,0.44,0.62,0.94,Surged Additional 50% Reduction,Belize,BLZ,2020-07-04,v3
2020-05-17,cumulative_infections,266.28,934.75,1359.5,1576.75,1866.5,4784.4,Surged Maintain Status Quo,Belize,BLZ,2020-07-04,v3
2020-05-17,deaths,0,0,0,0,0,0,Surged Maintain Status Quo,Belize,BLZ,2020-07-04,v3
2020-05-17,hospital_demand,0,0,0,0.07,0,1,Surged Maintain Status Quo,Belize,BLZ,2020-07-04,v3
2020-05-17,hospital_incidence,0,0,0,0,0,0,Surged Maintain Status Quo,Belize,BLZ,2020-07-04,v3
2020-05-17,ICU_demand,0,0,0,0.02,0,0,Surged Maintain Status Quo,Belize,BLZ,2020-07-04,v3
2020-05-17,ICU_incidence,0,0,0,0,0,0,Surged Maintain Status Quo,Belize,BLZ,2020-07-04,v3
2020-05-17,infections,0,0,0,0.19,0,2.52,Surged Maintain Status Quo,Belize,BLZ,2020-07-04,v3
2020-05-17,Rt,0.13,0.26,0.36,0.44,0.62,0.94,Surged Maintain Status Quo,Belize,BLZ,2020-07-04,v3
2020-05-17,cumulative_infections,266.28,934.75,1359.5,1576.75,1866.5,4784.4,Surged Relax Interventions 50%,Belize,BLZ,2020-07-04,v3
2020-05-17,deaths,0,0,0,0,0,0,Surged Relax Interventions 50%,Belize,BLZ,2020-07-04,v3
2020-05-17,hospital_demand,0,0,0,0.07,0,1,Surged Relax Interventions 50%,Belize,BLZ,2020-07-04,v3
2020-05-17,hospital_incidence,0,0,0,0,0,0,Surged Relax Interventions 50%,Belize,BLZ,2020-07-04,v3
2020-05-17,ICU_demand,0,0,0,0.02,0,0,Surged Relax Interventions 50%,Belize,BLZ,2020-07-04,v3
2020-05-17,ICU_incidence,0,0,0,0,0,0,Surged Relax Interventions 50%,Belize,BLZ,2020-07-04,v3
2020-05-17,infections,0,0,0,0.19,0,2.52,Surged Relax Interventions 50%,Belize,BLZ,2020-07-04,v3
2020-05-17,Rt,0.13,0.26,0.36,0.44,0.62,0.94,Surged Relax Interventions 50%,Belize,BLZ,2020-07-04,v3
2020-05-18,cumulative_infections,287.08,761,1477,1618.04,2165.75,4438.35,Additional 50% Reduction,Belize,BLZ,2020-07-04,v3
2020-05-18,deaths,0,0,0,0,0,0,Additional 50% Reduction,Belize,BLZ,2020-07-04,v3
2020-05-18,hospital_demand,0,0,0,0.06,0,1,Additional 50% Reduction,Belize,BLZ,2020-07-04,v3
2020-05-18,hospital_incidence,0,0,0,0,0,0,Additional 50% Reduction,Belize,BLZ,2020-07-04,v3
2020-05-18,ICU_demand,0,0,0,0.02,0,0,Additional 50% Reduction,Belize,BLZ,2020-07-04,v3
2020-05-18,ICU_incidence,0,0,0,0,0,0,Additional 50% Reduction,Belize,BLZ,2020-07-04,v3
2020-05-18,infections,0,0,0,0.19,0,1.52,Additional 50% Reduction,Belize,BLZ,2020-07-04,v3
2020-05-18,Rt,0.17,0.44,0.6,0.68,0.86,1.49,Additional 50% Reduction,Belize,BLZ,2020-07-04,v3
2020-05-18,cumulative_infections,287.08,761,1477,1618.04,2165.75,4438.35,Maintain Status Quo,Belize,BLZ,2020-07-04,v3
2020-05-18,deaths,0,0,0,0,0,0,Maintain Status Quo,Belize,BLZ,2020-07-04,v3
2020-05-18,hospital_demand,0,0,0,0.06,0,1,Maintain Status Quo,Belize,BLZ,2020-07-04,v3
2020-05-18,hospital_incidence,0,0,0,0,0,0,Maintain Status Quo,Belize,BLZ,2020-07-04,v3
2020-05-18,ICU_demand,0,0,0,0.02,0,0,Maintain Status Quo,Belize,BLZ,2020-07-04,v3
2020-05-18,ICU_incidence,0,0,0,0,0,0,Maintain Status Quo,Belize,BLZ,2020-07-04,v3
2020-05-18,infections,0,0,0,0.19,0,1.52,Maintain Status Quo,Belize,BLZ,2020-07-04,v3
2020-05-18,Rt,0.17,0.44,0.6,0.68,0.86,1.49,Maintain Status Quo,Belize,BLZ,2020-07-04,v3
2020-05-18,cumulative_infections,287.08,761,1477,1618.04,2165.75,4438.35,Relax Interventions 50%,Belize,BLZ,2020-07-04,v3
2020-05-18,deaths,0,0,0,0,0,0,Relax Interventions 50%,Belize,BLZ,2020-07-04,v3
2020-05-18,hospital_demand,0,0,0,0.06,0,1,Relax Interventions 50%,Belize,BLZ,2020-07-04,v3
2020-05-18,hospital_incidence,0,0,0,0,0,0,Relax Interventions 50%,Belize,BLZ,2020-07-04,v3
2020-05-18,ICU_demand,0,0,0,0.02,0,0,Relax Interventions 50%,Belize,BLZ,2020-07-04,v3
2020-05-18,ICU_incidence,0,0,0,0,0,0,Relax Interventions 50%,Belize,BLZ,2020-07-04,v3
2020-05-18,infections,0,0,0,0.19,0,1.52,Relax Interventions 50%,Belize,BLZ,2020-07-04,v3
2020-05-18,Rt,0.17,0.44,0.6,0.68,0.86,1.49,Relax Interventions 50%,Belize,BLZ,2020-07-04,v3
2020-05-18,cumulative_infections,266.28,934.75,1359.5,1576.92,1867.25,4784.4,Surged Additional 50% Reduction,Belize,BLZ,2020-07-04,v3
2020-05-18,deaths,0,0,0,0,0,0,Surged Additional 50% Reduction,Belize,BLZ,2020-07-04,v3
2020-05-18,hospital_demand,0,0,0,0.06,0,1,Surged Additional 50% Reduction,Belize,BLZ,2020-07-04,v3
2020-05-18,hospital_incidence,0,0,0,0,0,0,Surged Additional 50% Reduction,Belize,BLZ,2020-07-04,v3
2020-05-18,ICU_demand,0,0,0,0.02,0,0,Surged Additional 50% Reduction,Belize,BLZ,2020-07-04,v3
2020-05-18,ICU_incidence,0,0,0,0,0,0,Surged Additional 50% Reduction,Belize,BLZ,2020-07-04,v3
2020-05-18,infections,0,0,0,0.17,0,2.57,Surged Additional 50% Reduction,Belize,BLZ,2020-07-04,v3
2020-05-18,Rt,0.17,0.38,0.57,0.64,0.89,1.41,Surged Additional 50% Reduction,Belize,BLZ,2020-07-04,v3
2020-05-18,cumulative_infections,266.28,934.75,1359.5,1576.92,1867.25,4784.4,Surged Maintain Status Quo,Belize,BLZ,2020-07-04,v3
2020-05-18,deaths,0,0,0,0,0,0,Surged Maintain Status Quo,Belize,BLZ,2020-07-04,v3
2020-05-18,hospital_demand,0,0,0,0.06,0,1,Surged Maintain Status Quo,Belize,BLZ,2020-07-04,v3
2020-05-18,hospital_incidence,0,0,0,0,0,0,Surged Maintain Status Quo,Belize,BLZ,2020-07-04,v3
2020-05-18,ICU_demand,0,0,0,0.02,0,0,Surged Maintain Status Quo,Belize,BLZ,2020-07-04,v3
2020-05-18,ICU_incidence,0,0,0,0,0,0,Surged Maintain Status Quo,Belize,BLZ,2020-07-04,v3
2020-05-18,infections,0,0,0,0.17,0,2.57,Surged Maintain Status Quo,Belize,BLZ,2020-07-04,v3
2020-05-18,Rt,0.17,0.38,0.57,0.64,0.89,1.41,Surged Maintain Status Quo,Belize,BLZ,2020-07-04,v3
2020-05-18,cumulative_infections,266.28,934.75,1359.5,1576.92,1867.25,4784.4,Surged Relax Interventions 50%,Belize,BLZ,2020-07-04,v3
2020-05-18,deaths,0,0,0,0,0,0,Surged Relax Interventions 50%,Belize,BLZ,2020-07-04,v3
2020-05-18,hospital_demand,0,0,0,0.06,0,1,Surged Relax Interventions 50%,Belize,BLZ,2020-07-04,v3
2020-05-18,hospital_incidence,0,0,0,0,0,0,Surged Relax Interventions 50%,Belize,BLZ,2020-07-04,v3
2020-05-18,ICU_demand,0,0,0,0.02,0,0,Surged Relax Interventions 50%,Belize,BLZ,2020-07-04,v3
2020-05-18,ICU_incidence,0,0,0,0,0,0,Surged Relax Interventions 50%,Belize,BLZ,2020-07-04,v3
2020-05-18,infections,0,0,0,0.17,0,2.57,Surged Relax Interventions 50%,Belize,BLZ,2020-07-04,v3
2020-05-18,Rt,0.17,0.38,0.57,0.64,0.89,1.41,Surged Relax Interventions 50%,Belize,BLZ,2020-07-04,v3
2020-05-19,cumulative_infections,287.08,761.5,1477,1618.22,2166.5,4438.35,Additional 50% Reduction,Belize,BLZ,2020-07-04,v3
2020-05-19,deaths,0,0,0,0,0,0,Additional 50% Reduction,Belize,BLZ,2020-07-04,v3
2020-05-19,hospital_demand,0,0,0,0.06,0,1,Additional 50% Reduction,Belize,BLZ,2020-07-04,v3
2020-05-19,hospital_incidence,0,0,0,0,0,0,Additional 50% Reduction,Belize,BLZ,2020-07-04,v3
2020-05-19,ICU_demand,0,0,0,0.02,0,0,Additional 50% Reduction,Belize,BLZ,2020-07-04,v3
2020-05-19,ICU_incidence,0,0,0,0,0,0,Additional 50% Reduction,Belize,BLZ,2020-07-04,v3
2020-05-19,infections,0,0,0,0.18,0,2.52,Additional 50% Reduction,Belize,BLZ,2020-07-04,v3
2020-05-19,Rt,0.15,0.39,0.55,0.61,0.78,1.33,Additional 50% Reduction,Belize,BLZ,2020-07-04,v3
2020-05-19,cumulative_infections,287.08,761.5,1477,1618.22,2166.5,4438.35,Maintain Status Quo,Belize,BLZ,2020-07-04,v3
2020-05-19,deaths,0,0,0,0,0,0,Maintain Status Quo,Belize,BLZ,2020-07-04,v3
2020-05-19,hospital_demand,0,0,0,0.06,0,1,Maintain Status Quo,Belize,BLZ,2020-07-04,v3
2020-05-19,hospital_incidence,0,0,0,0,0,0,Maintain Status Quo,Belize,BLZ,2020-07-04,v3
2020-05-19,ICU_demand,0,0,0,0.02,0,0,Maintain Status Quo,Belize,BLZ,2020-07-04,v3
2020-05-19,ICU_incidence,0,0,0,0,0,0,Maintain Status Quo,Belize,BLZ,2020-07-04,v3
2020-05-19,infections,0,0,0,0.18,0,2.52,Maintain Status Quo,Belize,BLZ,2020-07-04,v3
2020-05-19,Rt,0.15,0.39,0.55,0.61,0.78,1.33,Maintain Status Quo,Belize,BLZ,2020-07-04,v3
2020-05-19,cumulative_infections,287.08,761.5,1477,1618.22,2166.5,4438.35,Relax Interventions 50%,Belize,BLZ,2020-07-04,v3
2020-05-19,deaths,0,0,0,0,0,0,Relax Interventions 50%,Belize,BLZ,2020-07-04,v3
2020-05-19,hospital_demand,0,0,0,0.06,0,1,Relax Interventions 50%,Belize,BLZ,2020-07-04,v3
2020-05-19,hospital_incidence,0,0,0,0,0,0,Relax Interventions 50%,Belize,BLZ,2020-07-04,v3
2020-05-19,ICU_demand,0,0,0,0.02,0,0,Relax Interventions 50%,Belize,BLZ,2020-07-04,v3
2020-05-19,ICU_incidence,0,0,0,0,0,0,Relax Interventions 50%,Belize,BLZ,2020-07-04,v3
2020-05-19,infections,0,0,0,0.18,0,2.52,Relax Interventions 50%,Belize,BLZ,2020-07-04,v3
2020-05-19,Rt,0.15,0.39,0.55,0.61,0.78,1.33,Relax Interventions 50%,Belize,BLZ,2020-07-04,v3
2020-05-19,cumulative_infections,266.28,934.75,1359.5,1577.06,1870.25,4784.4,Surged Additional 50% Reduction,Belize,BLZ,2020-07-04,v3
2020-05-19,deaths,0,0,0,0,0,0,Surged Additional 50% Reduction,Belize,BLZ,2020-07-04,v3
2020-05-19,hospital_demand,0,0,0,0.04,0,1,Surged Additional 50% Reduction,Belize,BLZ,2020-07-04,v3
2020-05-19,hospital_incidence,0,0,0,0,0,0,Surged Additional 50% Reduction,Belize,BLZ,2020-07-04,v3
2020-05-19,ICU_demand,0,0,0,0.02,0,0,Surged Additional 50% Reduction,Belize,BLZ,2020-07-04,v3
2020-05-19,ICU_incidence,0,0,0,0,0,0,Surged Additional 50% Reduction,Belize,BLZ,2020-07-04,v3
2020-05-19,infections,0,0,0,0.14,0,1.52,Surged Additional 50% Reduction,Belize,BLZ,2020-07-04,v3
2020-05-19,Rt,0.16,0.34,0.5,0.58,0.8,1.25,Surged Additional 50% Reduction,Belize,BLZ,2020-07-04,v3
2020-05-19,cumulative_infections,266.28,934.75,1359.5,1577.06,1870.25,4784.4,Surged Maintain Status Quo,Belize,BLZ,2020-07-04,v3
2020-05-19,deaths,0,0,0,0,0,0,Surged Maintain Status Quo,Belize,BLZ,2020-07-04,v3
2020-05-19,hospital_demand,0,0,0,0.04,0,1,Surged Maintain Status Quo,Belize,BLZ,2020-07-04,v3
2020-05-19,hospital_incidence,0,0,0,0,0,0,Surged Maintain Status Quo,Belize,BLZ,2020-07-04,v3
2020-05-19,ICU_demand,0,0,0,0.02,0,0,Surged Maintain Status Quo,Belize,BLZ,2020-07-04,v3
2020-05-19,ICU_incidence,0,0,0,0,0,0,Surged Maintain Status Quo,Belize,BLZ,2020-07-04,v3
2020-05-19,infections,0,0,0,0.14,0,1.52,Surged Maintain Status Quo,Belize,BLZ,2020-07-04,v3
2020-05-19,Rt,0.16,0.34,0.5,0.58,0.8,1.25,Surged Maintain Status Quo,Belize,BLZ,2020-07-04,v3
2020-05-19,cumulative_infections,266.28,934.75,1359.5,1577.06,1870.25,4784.4,Surged Relax Interventions 50%,Belize,BLZ,2020-07-04,v3
2020-05-19,deaths,0,0,0,0,0,0,Surged Relax Interventions 50%,Belize,BLZ,2020-07-04,v3
2020-05-19,hospital_demand,0,0,0,0.04,0,1,Surged Relax Interventions 50%,Belize,BLZ,2020-07-04,v3
2020-05-19,hospital_incidence,0,0,0,0,0,0,Surged Relax Interventions 50%,Belize,BLZ,2020-07-04,v3
2020-05-19,ICU_demand,0,0,0,0.02,0,0,Surged Relax Interventions 50%,Belize,BLZ,2020-07-04,v3
2020-05-19,ICU_incidence,0,0,0,0,0,0,Surged Relax Interventions 50%,Belize,BLZ,2020-07-04,v3
2020-05-19,infections,0,0,0,0.14,0,1.52,Surged Relax Interventions 50%,Belize,BLZ,2020-07-04,v3
2020-05-19,Rt,0.16,0.34,0.5,0.58,0.8,1.25,Surged Relax Interventions 50%,Belize,BLZ,2020-07-04,v3
2020-05-20,cumulative_infections,287.08,761.75,1477,1618.4,2166.5,4438.35,Additional 50% Reduction,Belize,BLZ,2020-07-04,v3
2020-05-20,deaths,0,0,0,0,0,0,Additional 50% Reduction,Belize,BLZ,2020-07-04,v3
2020-05-20,hospital_demand,0,0,0,0.03,0,0.52,Additional 50% Reduction,Belize,BLZ,2020-07-04,v3
2020-05-20,hospital_incidence,0,0,0,0,0,0,Additional 50% Reduction,Belize,BLZ,2020-07-04,v3
2020-05-20,ICU_demand,0,0,0,0.02,0,0,Additional 50% Reduction,Belize,BLZ,2020-07-04,v3
2020-05-20,ICU_incidence,0,0,0,0,0,0,Additional 50% Reduction,Belize,BLZ,2020-07-04,v3
2020-05-20,infections,0,0,0,0.18,0,2,Additional 50% Reduction,Belize,BLZ,2020-07-04,v3
2020-05-20,Rt,0.15,0.39,0.55,0.61,0.78,1.33,Additional 50% Reduction,Belize,BLZ,2020-07-04,v3
2020-05-20,cumulative_infections,287.08,761.75,1477,1618.4,2166.5,4438.35,Maintain Status Quo,Belize,BLZ,2020-07-04,v3
2020-05-20,deaths,0,0,0,0,0,0,Maintain Status Quo,Belize,BLZ,2020-07-04,v3
2020-05-20,hospital_demand,0,0,0,0.03,0,0.52,Maintain Status Quo,Belize,BLZ,2020-07-04,v3
2020-05-20,hospital_incidence,0,0,0,0,0,0,Maintain Status Quo,Belize,BLZ,2020-07-04,v3
2020-05-20,ICU_demand,0,0,0,0.02,0,0,Maintain Status Quo,Belize,BLZ,2020-07-04,v3
2020-05-20,ICU_incidence,0,0,0,0,0,0,Maintain Status Quo,Belize,BLZ,2020-07-04,v3
2020-05-20,infections,0,0,0,0.18,0,2,Maintain Status Quo,Belize,BLZ,2020-07-04,v3
2020-05-20,Rt,0.15,0.39,0.55,0.61,0.78,1.33,Maintain Status Quo,Belize,BLZ,2020-07-04,v3
2020-05-20,cumulative_infections,287.08,761.75,1477,1618.4,2166.5,4438.35,Relax Interventions 50%,Belize,BLZ,2020-07-04,v3
2020-05-20,deaths,0,0,0,0,0,0,Relax Interventions 50%,Belize,BLZ,2020-07-04,v3
2020-05-20,hospital_demand,0,0,0,0.03,0,0.52,Relax Interventions 50%,Belize,BLZ,2020-07-04,v3
2020-05-20,hospital_incidence,0,0,0,0,0,0,Relax Interventions 50%,Belize,BLZ,2020-07-04,v3
2020-05-20,ICU_demand,0,0,0,0.02,0,0,Relax Interventions 50%,Belize,BLZ,2020-07-04,v3
2020-05-20,ICU_incidence,0,0,0,0,0,0,Relax Interventions 50%,Belize,BLZ,2020-07-04,v3
2020-05-20,infections,0,0,0,0.18,0,2,Relax Interventions 50%,Belize,BLZ,2020-07-04,v3
2020-05-20,Rt,0.15,0.39,0.55,0.61,0.78,1.33,Relax Interventions 50%,Belize,BLZ,2020-07-04,v3
2020-05-20,cumulative_infections,266.28,934.75,1359.5,1577.21,1871,4784.4,Surged Additional 50% Reduction,Belize,BLZ,2020-07-04,v3
2020-05-20,deaths,0,0,0,0,0,0,Surged Additional 50% Reduction,Belize,BLZ,2020-07-04,v3
2020-05-20,hospital_demand,0,0,0,0.05,0,1,Surged Additional 50% Reduction,Belize,BLZ,2020-07-04,v3
2020-05-20,hospital_incidence,0,0,0,0,0,0,Surged Additional 50% Reduction,Belize,BLZ,2020-07-04,v3
2020-05-20,ICU_demand,0,0,0,0.01,0,0,Surged Additional 50% Reduction,Belize,BLZ,2020-07-04,v3
2020-05-20,ICU_incidence,0,0,0,0,0,0,Surged Additional 50% Reduction,Belize,BLZ,2020-07-04,v3
2020-05-20,infections,0,0,0,0.15,0,2,Surged Additional 50% Reduction,Belize,BLZ,2020-07-04,v3
2020-05-20,Rt,0.16,0.34,0.5,0.58,0.8,1.25,Surged Additional 50% Reduction,Belize,BLZ,2020-07-04,v3
2020-05-20,cumulative_infections,266.28,934.75,1359.5,1577.21,1871,4784.4,Surged Maintain Status Quo,Belize,BLZ,2020-07-04,v3
2020-05-20,deaths,0,0,0,0,0,0,Surged Maintain Status Quo,Belize,BLZ,2020-07-04,v3
2020-05-20,hospital_demand,0,0,0,0.05,0,1,Surged Maintain Status Quo,Belize,BLZ,2020-07-04,v3
2020-05-20,hospital_incidence,0,0,0,0,0,0,Surged Maintain Status Quo,Belize,BLZ,2020-07-04,v3
2020-05-20,ICU_demand,0,0,0,0.01,0,0,Surged Maintain Status Quo,Belize,BLZ,2020-07-04,v3
2020-05-20,ICU_incidence,0,0,0,0,0,0,Surged Maintain Status Quo,Belize,BLZ,2020-07-04,v3
2020-05-20,infections,0,0,0,0.15,0,2,Surged Maintain Status Quo,Belize,BLZ,2020-07-04,v3
2020-05-20,Rt,0.16,0.34,0.5,0.58,0.8,1.25,Surged Maintain Status Quo,Belize,BLZ,2020-07-04,v3
2020-05-20,cumulative_infections,266.28,934.75,1359.5,1577.21,1871,4784.4,Surged Relax Interventions 50%,Belize,BLZ,2020-07-04,v3
2020-05-20,deaths,0,0,0,0,0,0,Surged Relax Interventions 50%,Belize,BLZ,2020-07-04,v3
2020-05-20,hospital_demand,0,0,0,0.05,0,1,Surged Relax Interventions 50%,Belize,BLZ,2020-07-04,v3
2020-05-20,hospital_incidence,0,0,0,0,0,0,Surged Relax Interventions 50%,Belize,BLZ,2020-07-04,v3
2020-05-20,ICU_demand,0,0,0,0.01,0,0,Surged Relax Interventions 50%,Belize,BLZ,2020-07-04,v3
2020-05-20,ICU_incidence,0,0,0,0,0,0,Surged Relax Interventions 50%,Belize,BLZ,2020-07-04,v3
2020-05-20,infections,0,0,0,0.15,0,2,Surged Relax Interventions 50%,Belize,BLZ,2020-07-04,v3
2020-05-20,Rt,0.16,0.34,0.5,0.58,0.8,1.25,Surged Relax Interventions 50%,Belize,BLZ,2020-07-04,v3
2020-05-21,cumulative_infections,287.08,762.75,1477,1618.65,2166.75,4438.35,Additional 50% Reduction,Belize,BLZ,2020-07-04,v3
2020-05-21,deaths,0,0,0,0,0,0,Additional 50% Reduction,Belize,BLZ,2020-07-04,v3
2020-05-21,hospital_demand,0,0,0,0.02,0,0,Additional 50% Reduction,Belize,BLZ,2020-07-04,v3
2020-05-21,hospital_incidence,0,0,0,0,0,0,Additional 50% Reduction,Belize,BLZ,2020-07-04,v3
2020-05-21,ICU_demand,0,0,0,0.02,0,0,Additional 50% Reduction,Belize,BLZ,2020-07-04,v3
2020-05-21,ICU_incidence,0,0,0,0,0,0,Additional 50% Reduction,Belize,BLZ,2020-07-04,v3
2020-05-21,infections,0,0,0,0.25,0,2.52,Additional 50% Reduction,Belize,BLZ,2020-07-04,v3
2020-05-21,Rt,0.15,0.39,0.55,0.61,0.78,1.33,Additional 50% Reduction,Belize,BLZ,2020-07-04,v3
2020-05-21,cumulative_infections,287.08,762.75,1477,1618.65,2166.75,4438.35,Maintain Status Quo,Belize,BLZ,2020-07-04,v3
2020-05-21,deaths,0,0,0,0,0,0,Maintain Status Quo,Belize,BLZ,2020-07-04,v3
2020-05-21,hospital_demand,0,0,0,0.02,0,0,Maintain Status Quo,Belize,BLZ,2020-07-04,v3
2020-05-21,hospital_incidence,0,0,0,0,0,0,Maintain Status Quo,Belize,BLZ,2020-07-04,v3
2020-05-21,ICU_demand,0,0,0,0.02,0,0,Maintain Status Quo,Belize,BLZ,2020-07-04,v3
2020-05-21,ICU_incidence,0,0,0,0,0,0,Maintain Status Quo,Belize,BLZ,2020-07-04,v3
2020-05-21,infections,0,0,0,0.25,0,2.52,Maintain Status Quo,Belize,BLZ,2020-07-04,v3
2020-05-21,Rt,0.15,0.39,0.55,0.61,0.78,1.33,Maintain Status Quo,Belize,BLZ,2020-07-04,v3
2020-05-21,cumulative_infections,287.08,762.75,1477,1618.65,2166.75,4438.35,Relax Interventions 50%,Belize,BLZ,2020-07-04,v3
2020-05-21,deaths,0,0,0,0,0,0,Relax Interventions 50%,Belize,BLZ,2020-07-04,v3
2020-05-21,hospital_demand,0,0,0,0.02,0,0,Relax Interventions 50%,Belize,BLZ,2020-07-04,v3
2020-05-21,hospital_incidence,0,0,0,0,0,0,Relax Interventions 50%,Belize,BLZ,2020-07-04,v3
2020-05-21,ICU_demand,0,0,0,0.02,0,0,Relax Interventions 50%,Belize,BLZ,2020-07-04,v3
2020-05-21,ICU_incidence,0,0,0,0,0,0,Relax Interventions 50%,Belize,BLZ,2020-07-04,v3
2020-05-21,infections,0,0,0,0.25,0,2.52,Relax Interventions 50%,Belize,BLZ,2020-07-04,v3
2020-05-21,Rt,0.15,0.39,0.55,0.61,0.78,1.33,Relax Interventions 50%,Belize,BLZ,2020-07-04,v3
2020-05-21,cumulative_infections,266.28,934.75,1359.5,1577.37,1871.75,4784.4,Surged Additional 50% Reduction,Belize,BLZ,2020-07-04,v3
2020-05-21,deaths,0,0,0,0,0,0,Surged Additional 50% Reduction,Belize,BLZ,2020-07-04,v3
2020-05-21,hospital_demand,0,0,0,0.04,0,1,Surged Additional 50% Reduction,Belize,BLZ,2020-07-04,v3
2020-05-21,hospital_incidence,0,0,0,0,0,0,Surged Additional 50% Reduction,Belize,BLZ,2020-07-04,v3
2020-05-21,ICU_demand,0,0,0,0.01,0,0,Surged Additional 50% Reduction,Belize,BLZ,2020-07-04,v3
2020-05-21,ICU_incidence,0,0,0,0,0,0,Surged Additional 50% Reduction,Belize,BLZ,2020-07-04,v3
2020-05-21,infections,0,0,0,0.16,0,1.52,Surged Additional 50% Reduction,Belize,BLZ,2020-07-04,v3
2020-05-21,Rt,0.16,0.34,0.5,0.58,0.8,1.25,Surged Additional 50% Reduction,Belize,BLZ,2020-07-04,v3
2020-05-21,cumulative_infections,266.28,934.75,1359.5,1577.37,1871.75,4784.4,Surged Maintain Status Quo,Belize,BLZ,2020-07-04,v3
2020-05-21,deaths,0,0,0,0,0,0,Surged Maintain Status Quo,Belize,BLZ,2020-07-04,v3
2020-05-21,hospital_demand,0,0,0,0.04,0,1,Surged Maintain Status Quo,Belize,BLZ,2020-07-04,v3
2020-05-21,hospital_incidence,0,0,0,0,0,0,Surged Maintain Status Quo,Belize,BLZ,2020-07-04,v3
2020-05-21,ICU_demand,0,0,0,0.01,0,0,Surged Maintain Status Quo,Belize,BLZ,2020-07-04,v3
2020-05-21,ICU_incidence,0,0,0,0,0,0,Surged Maintain Status Quo,Belize,BLZ,2020-07-04,v3
2020-05-21,infections,0,0,0,0.16,0,1.52,Surged Maintain Status Quo,Belize,BLZ,2020-07-04,v3
2020-05-21,Rt,0.16,0.34,0.5,0.58,0.8,1.25,Surged Maintain Status Quo,Belize,BLZ,2020-07-04,v3
2020-05-21,cumulative_infections,266.28,934.75,1359.5,1577.37,1871.75,4784.4,Surged Relax Interventions 50%,Belize,BLZ,2020-07-04,v3
2020-05-21,deaths,0,0,0,0,0,0,Surged Relax Interventions 50%,Belize,BLZ,2020-07-04,v3
2020-05-21,hospital_demand,0,0,0,0.04,0,1,Surged Relax Interventions 50%,Belize,BLZ,2020-07-04,v3
2020-05-21,hospital_incidence,0,0,0,0,0,0,Surged Relax Interventions 50%,Belize,BLZ,2020-07-04,v3
2020-05-21,ICU_demand,0,0,0,0.01,0,0,Surged Relax Interventions 50%,Belize,BLZ,2020-07-04,v3
2020-05-21,ICU_incidence,0,0,0,0,0,0,Surged Relax Interventions 50%,Belize,BLZ,2020-07-04,v3
2020-05-21,infections,0,0,0,0.16,0,1.52,Surged Relax Interventions 50%,Belize,BLZ,2020-07-04,v3
2020-05-21,Rt,0.16,0.34,0.5,0.58,0.8,1.25,Surged Relax Interventions 50%,Belize,BLZ,2020-07-04,v3
2020-05-22,cumulative_infections,287.08,763.5,1477,1618.85,2166.75,4438.35,Additional 50% Reduction,Belize,BLZ,2020-07-04,v3
2020-05-22,deaths,0,0,0,0,0,0,Additional 50% Reduction,Belize,BLZ,2020-07-04,v3
2020-05-22,hospital_demand,0,0,0,0.03,0,0.52,Additional 50% Reduction,Belize,BLZ,2020-07-04,v3
2020-05-22,hospital_incidence,0,0,0,0,0,0,Additional 50% Reduction,Belize,BLZ,2020-07-04,v3
2020-05-22,ICU_demand,0,0,0,0.02,0,0,Additional 50% Reduction,Belize,BLZ,2020-07-04,v3
2020-05-22,ICU_incidence,0,0,0,0,0,0,Additional 50% Reduction,Belize,BLZ,2020-07-04,v3
2020-05-22,infections,0,0,0,0.2,0,1.52,Additional 50% Reduction,Belize,BLZ,2020-07-04,v3
2020-05-22,Rt,0.16,0.42,0.59,0.66,0.84,1.45,Additional 50% Reduction,Belize,BLZ,2020-07-04,v3
2020-05-22,cumulative_infections,287.08,763.5,1477,1618.85,2166.75,4438.35,Maintain Status Quo,Belize,BLZ,2020-07-04,v3
2020-05-22,deaths,0,0,0,0,0,0,Maintain Status Quo,Belize,BLZ,2020-07-04,v3
2020-05-22,hospital_demand,0,0,0,0.03,0,0.52,Maintain Status Quo,Belize,BLZ,2020-07-04,v3
2020-05-22,hospital_incidence,0,0,0,0,0,0,Maintain Status Quo,Belize,BLZ,2020-07-04,v3
2020-05-22,ICU_demand,0,0,0,0.02,0,0,Maintain Status Quo,Belize,BLZ,2020-07-04,v3
2020-05-22,ICU_incidence,0,0,0,0,0,0,Maintain Status Quo,Belize,BLZ,2020-07-04,v3
2020-05-22,infections,0,0,0,0.2,0,1.52,Maintain Status Quo,Belize,BLZ,2020-07-04,v3
2020-05-22,Rt,0.16,0.42,0.59,0.66,0.84,1.45,Maintain Status Quo,Belize,BLZ,2020-07-04,v3
2020-05-22,cumulative_infections,287.08,763.5,1477,1618.85,2166.75,4438.35,Relax Interventions 50%,Belize,BLZ,2020-07-04,v3
2020-05-22,deaths,0,0,0,0,0,0,Relax Interventions 50%,Belize,BLZ,2020-07-04,v3
2020-05-22,hospital_demand,0,0,0,0.03,0,0.52,Relax Interventions 50%,Belize,BLZ,2020-07-04,v3
2020-05-22,hospital_incidence,0,0,0,0,0,0,Relax Interventions 50%,Belize,BLZ,2020-07-04,v3
2020-05-22,ICU_demand,0,0,0,0.02,0,0,Relax Interventions 50%,Belize,BLZ,2020-07-04,v3
2020-05-22,ICU_incidence,0,0,0,0,0,0,Relax Interventions 50%,Belize,BLZ,2020-07-04,v3
2020-05-22,infections,0,0,0,0.2,0,1.52,Relax Interventions 50%,Belize,BLZ,2020-07-04,v3
2020-05-22,Rt,0.16,0.42,0.59,0.66,0.84,1.45,Relax Interventions 50%,Belize,BLZ,2020-07-04,v3
2020-05-22,cumulative_infections,266.28,934.75,1359.5,1577.54,1872.5,4784.4,Surged Additional 50% Reduction,Belize,BLZ,2020-07-04,v3
2020-05-22,deaths,0,0,0,0,0,0,Surged Additional 50% Reduction,Belize,BLZ,2020-07-04,v3
2020-05-22,hospital_demand,0,0,0,0.03,0,0.52,Surged Additional 50% Reduction,Belize,BLZ,2020-07-04,v3
2020-05-22,hospital_incidence,0,0,0,0,0,0,Surged Additional 50% Reduction,Belize,BLZ,2020-07-04,v3
2020-05-22,ICU_demand,0,0,0,0.01,0,0,Surged Additional 50% Reduction,Belize,BLZ,2020-07-04,v3
2020-05-22,ICU_incidence,0,0,0,0,0,0,Surged Additional 50% Reduction,Belize,BLZ,2020-07-04,v3
2020-05-22,infections,0,0,0,0.17,0,3.05,Surged Additional 50% Reduction,Belize,BLZ,2020-07-04,v3
2020-05-22,Rt,0.17,0.37,0.55,0.62,0.87,1.37,Surged Additional 50% Reduction,Belize,BLZ,2020-07-04,v3
2020-05-22,cumulative_infections,266.28,934.75,1359.5,1577.54,1872.5,4784.4,Surged Maintain Status Quo,Belize,BLZ,2020-07-04,v3
2020-05-22,deaths,0,0,0,0,0,0,Surged Maintain Status Quo,Belize,BLZ,2020-07-04,v3
2020-05-22,hospital_demand,0,0,0,0.03,0,0.52,Surged Maintain Status Quo,Belize,BLZ,2020-07-04,v3
2020-05-22,hospital_incidence,0,0,0,0,0,0,Surged Maintain Status Quo,Belize,BLZ,2020-07-04,v3
2020-05-22,ICU_demand,0,0,0,0.01,0,0,Surged Maintain Status Quo,Belize,BLZ,2020-07-04,v3
2020-05-22,ICU_incidence,0,0,0,0,0,0,Surged Maintain Status Quo,Belize,BLZ,2020-07-04,v3
2020-05-22,infections,0,0,0,0.17,0,3.05,Surged Maintain Status Quo,Belize,BLZ,2020-07-04,v3
2020-05-22,Rt,0.17,0.37,0.55,0.62,0.87,1.37,Surged Maintain Status Quo,Belize,BLZ,2020-07-04,v3
2020-05-22,cumulative_infections,266.28,934.75,1359.5,1577.54,1872.5,4784.4,Surged Relax Interventions 50%,Belize,BLZ,2020-07-04,v3
2020-05-22,deaths,0,0,0,0,0,0,Surged Relax Interventions 50%,Belize,BLZ,2020-07-04,v3
2020-05-22,hospital_demand,0,0,0,0.03,0,0.52,Surged Relax Interventions 50%,Belize,BLZ,2020-07-04,v3
2020-05-22,hospital_incidence,0,0,0,0,0,0,Surged Relax Interventions 50%,Belize,BLZ,2020-07-04,v3
2020-05-22,ICU_demand,0,0,0,0.01,0,0,Surged Relax Interventions 50%,Belize,BLZ,2020-07-04,v3
2020-05-22,ICU_incidence,0,0,0,0,0,0,Surged Relax Interventions 50%,Belize,BLZ,2020-07-04,v3
2020-05-22,infections,0,0,0,0.17,0,3.05,Surged Relax Interventions 50%,Belize,BLZ,2020-07-04,v3
2020-05-22,Rt,0.17,0.37,0.55,0.62,0.87,1.37,Surged Relax Interventions 50%,Belize,BLZ,2020-07-04,v3
2020-05-23,cumulative_infections,287.08,763.5,1477,1619.13,2167,4438.35,Additional 50% Reduction,Belize,BLZ,2020-07-04,v3
2020-05-23,deaths,0,0,0,0.01,0,0,Additional 50% Reduction,Belize,BLZ,2020-07-04,v3
2020-05-23,hospital_demand,0,0,0,0.04,0,1,Additional 50% Reduction,Belize,BLZ,2020-07-04,v3
2020-05-23,hospital_incidence,0,0,0,0,0,0,Additional 50% Reduction,Belize,BLZ,2020-07-04,v3
2020-05-23,ICU_demand,0,0,0,0.01,0,0,Additional 50% Reduction,Belize,BLZ,2020-07-04,v3
2020-05-23,ICU_incidence,0,0,0,0,0,0,Additional 50% Reduction,Belize,BLZ,2020-07-04,v3
2020-05-23,infections,0,0,0,0.28,0,2.57,Additional 50% Reduction,Belize,BLZ,2020-07-04,v3
2020-05-23,Rt,0.2,0.51,0.67,0.78,1.03,1.7,Additional 50% Reduction,Belize,BLZ,2020-07-04,v3
2020-05-23,cumulative_infections,287.08,763.5,1477,1619.13,2167,4438.35,Maintain Status Quo,Belize,BLZ,2020-07-04,v3
2020-05-23,deaths,0,0,0,0.01,0,0,Maintain Status Quo,Belize,BLZ,2020-07-04,v3
2020-05-23,hospital_demand,0,0,0,0.04,0,1,Maintain Status Quo,Belize,BLZ,2020-07-04,v3
2020-05-23,hospital_incidence,0,0,0,0,0,0,Maintain Status Quo,Belize,BLZ,2020-07-04,v3
2020-05-23,ICU_demand,0,0,0,0.01,0,0,Maintain Status Quo,Belize,BLZ,2020-07-04,v3
2020-05-23,ICU_incidence,0,0,0,0,0,0,Maintain Status Quo,Belize,BLZ,2020-07-04,v3
2020-05-23,infections,0,0,0,0.28,0,2.57,Maintain Status Quo,Belize,BLZ,2020-07-04,v3
2020-05-23,Rt,0.2,0.51,0.67,0.78,1.03,1.7,Maintain Status Quo,Belize,BLZ,2020-07-04,v3
2020-05-23,cumulative_infections,287.08,763.5,1477,1619.13,2167,4438.35,Relax Interventions 50%,Belize,BLZ,2020-07-04,v3
2020-05-23,deaths,0,0,0,0.01,0,0,Relax Interventions 50%,Belize,BLZ,2020-07-04,v3
2020-05-23,hospital_demand,0,0,0,0.04,0,1,Relax Interventions 50%,Belize,BLZ,2020-07-04,v3
2020-05-23,hospital_incidence,0,0,0,0,0,0,Relax Interventions 50%,Belize,BLZ,2020-07-04,v3
2020-05-23,ICU_demand,0,0,0,0.01,0,0,Relax Interventions 50%,Belize,BLZ,2020-07-04,v3
2020-05-23,ICU_incidence,0,0,0,0,0,0,Relax Interventions 50%,Belize,BLZ,2020-07-04,v3
2020-05-23,infections,0,0,0,0.28,0,2.57,Relax Interventions 50%,Belize,BLZ,2020-07-04,v3
2020-05-23,Rt,0.2,0.51,0.67,0.78,1.03,1.7,Relax Interventions 50%,Belize,BLZ,2020-07-04,v3
2020-05-23,cumulative_infections,266.28,934.75,1359.5,1577.61,1873.25,4784.4,Surged Additional 50% Reduction,Belize,BLZ,2020-07-04,v3
2020-05-23,deaths,0,0,0,0,0,0,Surged Additional 50% Reduction,Belize,BLZ,2020-07-04,v3
2020-05-23,hospital_demand,0,0,0,0.03,0,0.52,Surged Additional 50% Reduction,Belize,BLZ,2020-07-04,v3
2020-05-23,hospital_incidence,0,0,0,0,0,0,Surged Additional 50% Reduction,Belize,BLZ,2020-07-04,v3
2020-05-23,ICU_demand,0,0,0,0.01,0,0,Surged Additional 50% Reduction,Belize,BLZ,2020-07-04,v3
2020-05-23,ICU_incidence,0,0,0,0,0,0,Surged Additional 50% Reduction,Belize,BLZ,2020-07-04,v3
2020-05-23,infections,0,0,0,0.07,0,0.52,Surged Additional 50% Reduction,Belize,BLZ,2020-07-04,v3
2020-05-23,Rt,0.18,0.43,0.66,0.74,1.03,1.66,Surged Additional 50% Reduction,Belize,BLZ,2020-07-04,v3
2020-05-23,cumulative_infections,266.28,934.75,1359.5,1577.61,1873.25,4784.4,Surged Maintain Status Quo,Belize,BLZ,2020-07-04,v3
2020-05-23,deaths,0,0,0,0,0,0,Surged Maintain Status Quo,Belize,BLZ,2020-07-04,v3
2020-05-23,hospital_demand,0,0,0,0.03,0,0.52,Surged Maintain Status Quo,Belize,BLZ,2020-07-04,v3
2020-05-23,hospital_incidence,0,0,0,0,0,0,Surged Maintain Status Quo,Belize,BLZ,2020-07-04,v3
2020-05-23,ICU_demand,0,0,0,0.01,0,0,Surged Maintain Status Quo,Belize,BLZ,2020-07-04,v3
2020-05-23,ICU_incidence,0,0,0,0,0,0,Surged Maintain Status Quo,Belize,BLZ,2020-07-04,v3
2020-05-23,infections,0,0,0,0.07,0,0.52,Surged Maintain Status Quo,Belize,BLZ,2020-07-04,v3
2020-05-23,Rt,0.18,0.43,0.66,0.74,1.03,1.66,Surged Maintain Status Quo,Belize,BLZ,2020-07-04,v3
2020-05-23,cumulative_infections,266.28,934.75,1359.5,1577.61,1873.25,4784.4,Surged Relax Interventions 50%,Belize,BLZ,2020-07-04,v3
2020-05-23,deaths,0,0,0,0,0,0,Surged Relax Interventions 50%,Belize,BLZ,2020-07-04,v3
2020-05-23,hospital_demand,0,0,0,0.03,0,0.52,Surged Relax Interventions 50%,Belize,BLZ,2020-07-04,v3
2020-05-23,hospital_incidence,0,0,0,0,0,0,Surged Relax Interventions 50%,Belize,BLZ,2020-07-04,v3
2020-05-23,ICU_demand,0,0,0,0.01,0,0,Surged Relax Interventions 50%,Belize,BLZ,2020-07-04,v3
2020-05-23,ICU_incidence,0,0,0,0,0,0,Surged Relax Interventions 50%,Belize,BLZ,2020-07-04,v3
2020-05-23,infections,0,0,0,0.07,0,0.52,Surged Relax Interventions 50%,Belize,BLZ,2020-07-04,v3
2020-05-23,Rt,0.18,0.43,0.66,0.74,1.03,1.66,Surged Relax Interventions 50%,Belize,BLZ,2020-07-04,v3
2020-05-24,cumulative_infections,287.08,764.25,1477,1619.34,2167,4438.35,Additional 50% Reduction,Belize,BLZ,2020-07-04,v3
2020-05-24,deaths,0,0,0,0,0,0,Additional 50% Reduction,Belize,BLZ,2020-07-04,v3
2020-05-24,hospital_demand,0,0,0,0.04,0,1,Additional 50% Reduction,Belize,BLZ,2020-07-04,v3
2020-05-24,hospital_incidence,0,0,0,0,0,0,Additional 50% Reduction,Belize,BLZ,2020-07-04,v3
2020-05-24,ICU_demand,0,0,0,0.01,0,0,Additional 50% Reduction,Belize,BLZ,2020-07-04,v3
2020-05-24,ICU_incidence,0,0,0,0,0,0,Additional 50% Reduction,Belize,BLZ,2020-07-04,v3
2020-05-24,infections,0,0,0,0.21,0,1.52,Additional 50% Reduction,Belize,BLZ,2020-07-04,v3
2020-05-24,Rt,0.14,0.37,0.52,0.59,0.75,1.28,Additional 50% Reduction,Belize,BLZ,2020-07-04,v3
2020-05-24,cumulative_infections,287.08,764.25,1477,1619.34,2167,4438.35,Maintain Status Quo,Belize,BLZ,2020-07-04,v3
2020-05-24,deaths,0,0,0,0,0,0,Maintain Status Quo,Belize,BLZ,2020-07-04,v3
2020-05-24,hospital_demand,0,0,0,0.04,0,1,Maintain Status Quo,Belize,BLZ,2020-07-04,v3
2020-05-24,hospital_incidence,0,0,0,0,0,0,Maintain Status Quo,Belize,BLZ,2020-07-04,v3
2020-05-24,ICU_demand,0,0,0,0.01,0,0,Maintain Status Quo,Belize,BLZ,2020-07-04,v3
2020-05-24,ICU_incidence,0,0,0,0,0,0,Maintain Status Quo,Belize,BLZ,2020-07-04,v3
2020-05-24,infections,0,0,0,0.21,0,1.52,Maintain Status Quo,Belize,BLZ,2020-07-04,v3
2020-05-24,Rt,0.14,0.37,0.52,0.59,0.75,1.28,Maintain Status Quo,Belize,BLZ,2020-07-04,v3
2020-05-24,cumulative_infections,287.08,764.25,1477,1619.34,2167,4438.35,Relax Interventions 50%,Belize,BLZ,2020-07-04,v3
2020-05-24,deaths,0,0,0,0,0,0,Relax Interventions 50%,Belize,BLZ,2020-07-04,v3
2020-05-24,hospital_demand,0,0,0,0.04,0,1,Relax Interventions 50%,Belize,BLZ,2020-07-04,v3
2020-05-24,hospital_incidence,0,0,0,0,0,0,Relax Interventions 50%,Belize,BLZ,2020-07-04,v3
2020-05-24,ICU_demand,0,0,0,0.01,0,0,Relax Interventions 50%,Belize,BLZ,2020-07-04,v3
2020-05-24,ICU_incidence,0,0,0,0,0,0,Relax Interventions 50%,Belize,BLZ,2020-07-04,v3
2020-05-24,infections,0,0,0,0.21,0,1.52,Relax Interventions 50%,Belize,BLZ,2020-07-04,v3
2020-05-24,Rt,0.14,0.37,0.52,0.59,0.75,1.28,Relax Interventions 50%,Belize,BLZ,2020-07-04,v3
2020-05-24,cumulative_infections,266.28,934.75,1359.5,1577.74,1874.75,4784.4,Surged Additional 50% Reduction,Belize,BLZ,2020-07-04,v3
2020-05-24,deaths,0,0,0,0,0,0,Surged Additional 50% Reduction,Belize,BLZ,2020-07-04,v3
2020-05-24,hospital_demand,0,0,0,0.03,0,0.52,Surged Additional 50% Reduction,Belize,BLZ,2020-07-04,v3
2020-05-24,hospital_incidence,0,0,0,0,0,0,Surged Additional 50% Reduction,Belize,BLZ,2020-07-04,v3
2020-05-24,ICU_demand,0,0,0,0.01,0,0,Surged Additional 50% Reduction,Belize,BLZ,2020-07-04,v3
2020-05-24,ICU_incidence,0,0,0,0,0,0,Surged Additional 50% Reduction,Belize,BLZ,2020-07-04,v3
2020-05-24,infections,0,0,0,0.13,0,1.52,Surged Additional 50% Reduction,Belize,BLZ,2020-07-04,v3
2020-05-24,Rt,0.15,0.33,0.47,0.56,0.76,1.2,Surged Additional 50% Reduction,Belize,BLZ,2020-07-04,v3
2020-05-24,cumulative_infections,266.28,934.75,1359.5,1577.74,1874.75,4784.4,Surged Maintain Status Quo,Belize,BLZ,2020-07-04,v3
2020-05-24,deaths,0,0,0,0,0,0,Surged Maintain Status Quo,Belize,BLZ,2020-07-04,v3
2020-05-24,hospital_demand,0,0,0,0.03,0,0.52,Surged Maintain Status Quo,Belize,BLZ,2020-07-04,v3
2020-05-24,hospital_incidence,0,0,0,0,0,0,Surged Maintain Status Quo,Belize,BLZ,2020-07-04,v3
2020-05-24,ICU_demand,0,0,0,0.01,0,0,Surged Maintain Status Quo,Belize,BLZ,2020-07-04,v3
2020-05-24,ICU_incidence,0,0,0,0,0,0,Surged Maintain Status Quo,Belize,BLZ,2020-07-04,v3
2020-05-24,infections,0,0,0,0.13,0,1.52,Surged Maintain Status Quo,Belize,BLZ,2020-07-04,v3
2020-05-24,Rt,0.15,0.33,0.47,0.56,0.76,1.2,Surged Maintain Status Quo,Belize,BLZ,2020-07-04,v3
2020-05-24,cumulative_infections,266.28,934.75,1359.5,1577.74,1874.75,4784.4,Surged Relax Interventions 50%,Belize,BLZ,2020-07-04,v3
2020-05-24,deaths,0,0,0,0,0,0,Surged Relax Interventions 50%,Belize,BLZ,2020-07-04,v3
2020-05-24,hospital_demand,0,0,0,0.03,0,0.52,Surged Relax Interventions 50%,Belize,BLZ,2020-07-04,v3
2020-05-24,hospital_incidence,0,0,0,0,0,0,Surged Relax Interventions 50%,Belize,BLZ,2020-07-04,v3
2020-05-24,ICU_demand,0,0,0,0.01,0,0,Surged Relax Interventions 50%,Belize,BLZ,2020-07-04,v3
2020-05-24,ICU_incidence,0,0,0,0,0,0,Surged Relax Interventions 50%,Belize,BLZ,2020-07-04,v3
2020-05-24,infections,0,0,0,0.13,0,1.52,Surged Relax Interventions 50%,Belize,BLZ,2020-07-04,v3
2020-05-24,Rt,0.15,0.33,0.47,0.56,0.76,1.2,Surged Relax Interventions 50%,Belize,BLZ,2020-07-04,v3
2020-05-25,cumulative_infections,287.08,764.25,1477,1619.52,2167.25,4438.35,Additional 50% Reduction,Belize,BLZ,2020-07-04,v3
2020-05-25,deaths,0,0,0,0,0,0,Additional 50% Reduction,Belize,BLZ,2020-07-04,v3
2020-05-25,hospital_demand,0,0,0,0.03,0,0.52,Additional 50% Reduction,Belize,BLZ,2020-07-04,v3
2020-05-25,hospital_incidence,0,0,0,0,0,0,Additional 50% Reduction,Belize,BLZ,2020-07-04,v3
2020-05-25,ICU_demand,0,0,0,0.01,0,0,Additional 50% Reduction,Belize,BLZ,2020-07-04,v3
2020-05-25,ICU_incidence,0,0,0,0,0,0,Additional 50% Reduction,Belize,BLZ,2020-07-04,v3
2020-05-25,infections,0,0,0,0.18,0,1,Additional 50% Reduction,Belize,BLZ,2020-07-04,v3
2020-05-25,Rt,0.04,0.1,0.16,0.21,0.27,0.64,Additional 50% Reduction,Belize,BLZ,2020-07-04,v3
2020-05-25,cumulative_infections,287.08,764.25,1477,1619.52,2167.25,4438.35,Maintain Status Quo,Belize,BLZ,2020-07-04,v3
2020-05-25,deaths,0,0,0,0,0,0,Maintain Status Quo,Belize,BLZ,2020-07-04,v3
2020-05-25,hospital_demand,0,0,0,0.03,0,0.52,Maintain Status Quo,Belize,BLZ,2020-07-04,v3
2020-05-25,hospital_incidence,0,0,0,0,0,0,Maintain Status Quo,Belize,BLZ,2020-07-04,v3
2020-05-25,ICU_demand,0,0,0,0.01,0,0,Maintain Status Quo,Belize,BLZ,2020-07-04,v3
2020-05-25,ICU_incidence,0,0,0,0,0,0,Maintain Status Quo,Belize,BLZ,2020-07-04,v3
2020-05-25,infections,0,0,0,0.18,0,1,Maintain Status Quo,Belize,BLZ,2020-07-04,v3
2020-05-25,Rt,0.04,0.1,0.16,0.21,0.27,0.64,Maintain Status Quo,Belize,BLZ,2020-07-04,v3
2020-05-25,cumulative_infections,287.08,764.25,1477,1619.52,2167.25,4438.35,Relax Interventions 50%,Belize,BLZ,2020-07-04,v3
2020-05-25,deaths,0,0,0,0,0,0,Relax Interventions 50%,Belize,BLZ,2020-07-04,v3
2020-05-25,hospital_demand,0,0,0,0.03,0,0.52,Relax Interventions 50%,Belize,BLZ,2020-07-04,v3
2020-05-25,hospital_incidence,0,0,0,0,0,0,Relax Interventions 50%,Belize,BLZ,2020-07-04,v3
2020-05-25,ICU_demand,0,0,0,0.01,0,0,Relax Interventions 50%,Belize,BLZ,2020-07-04,v3
2020-05-25,ICU_incidence,0,0,0,0,0,0,Relax Interventions 50%,Belize,BLZ,2020-07-04,v3
2020-05-25,infections,0,0,0,0.18,0,1,Relax Interventions 50%,Belize,BLZ,2020-07-04,v3
2020-05-25,Rt,0.04,0.1,0.16,0.21,0.27,0.64,Relax Interventions 50%,Belize,BLZ,2020-07-04,v3
2020-05-25,cumulative_infections,266.28,934.75,1359.5,1577.95,1878.5,4784.4,Surged Additional 50% Reduction,Belize,BLZ,2020-07-04,v3
2020-05-25,deaths,0,0,0,0,0,0,Surged Additional 50% Reduction,Belize,BLZ,2020-07-04,v3
2020-05-25,hospital_demand,0,0,0,0.03,0,0.52,Surged Additional 50% Reduction,Belize,BLZ,2020-07-04,v3
2020-05-25,hospital_incidence,0,0,0,0,0,0,Surged Additional 50% Reduction,Belize,BLZ,2020-07-04,v3
2020-05-25,ICU_demand,0,0,0,0.01,0,0,Surged Additional 50% Reduction,Belize,BLZ,2020-07-04,v3
2020-05-25,ICU_incidence,0,0,0,0,0,0,Surged Additional 50% Reduction,Belize,BLZ,2020-07-04,v3
2020-05-25,infections,0,0,0,0.21,0,3.05,Surged Additional 50% Reduction,Belize,BLZ,2020-07-04,v3
2020-05-25,Rt,0.04,0.09,0.16,0.2,0.27,0.53,Surged Additional 50% Reduction,Belize,BLZ,2020-07-04,v3
2020-05-25,cumulative_infections,266.28,934.75,1359.5,1577.95,1878.5,4784.4,Surged Maintain Status Quo,Belize,BLZ,2020-07-04,v3
2020-05-25,deaths,0,0,0,0,0,0,Surged Maintain Status Quo,Belize,BLZ,2020-07-04,v3
2020-05-25,hospital_demand,0,0,0,0.03,0,0.52,Surged Maintain Status Quo,Belize,BLZ,2020-07-04,v3
2020-05-25,hospital_incidence,0,0,0,0,0,0,Surged Maintain Status Quo,Belize,BLZ,2020-07-04,v3
2020-05-25,ICU_demand,0,0,0,0.01,0,0,Surged Maintain Status Quo,Belize,BLZ,2020-07-04,v3
2020-05-25,ICU_incidence,0,0,0,0,0,0,Surged Maintain Status Quo,Belize,BLZ,2020-07-04,v3
2020-05-25,infections,0,0,0,0.21,0,3.05,Surged Maintain Status Quo,Belize,BLZ,2020-07-04,v3
2020-05-25,Rt,0.04,0.09,0.16,0.2,0.27,0.53,Surged Maintain Status Quo,Belize,BLZ,2020-07-04,v3
2020-05-25,cumulative_infections,266.28,934.75,1359.5,1577.95,1878.5,4784.4,Surged Relax Interventions 50%,Belize,BLZ,2020-07-04,v3
2020-05-25,deaths,0,0,0,0,0,0,Surged Relax Interventions 50%,Belize,BLZ,2020-07-04,v3
2020-05-25,hospital_demand,0,0,0,0.03,0,0.52,Surged Relax Interventions 50%,Belize,BLZ,2020-07-04,v3
2020-05-25,hospital_incidence,0,0,0,0,0,0,Surged Relax Interventions 50%,Belize,BLZ,2020-07-04,v3
2020-05-25,ICU_demand,0,0,0,0.01,0,0,Surged Relax Interventions 50%,Belize,BLZ,2020-07-04,v3
2020-05-25,ICU_incidence,0,0,0,0,0,0,Surged Relax Interventions 50%,Belize,BLZ,2020-07-04,v3
2020-05-25,infections,0,0,0,0.21,0,3.05,Surged Relax Interventions 50%,Belize,BLZ,2020-07-04,v3
2020-05-25,Rt,0.04,0.09,0.16,0.2,0.27,0.53,Surged Relax Interventions 50%,Belize,BLZ,2020-07-04,v3
2020-05-26,cumulative_infections,287.08,764.25,1477,1619.76,2167.25,4438.35,Additional 50% Reduction,Belize,BLZ,2020-07-04,v3
2020-05-26,deaths,0,0,0,0,0,0,Additional 50% Reduction,Belize,BLZ,2020-07-04,v3
2020-05-26,hospital_demand,0,0,0,0.03,0,0.52,Additional 50% Reduction,Belize,BLZ,2020-07-04,v3
2020-05-26,hospital_incidence,0,0,0,0,0,0,Additional 50% Reduction,Belize,BLZ,2020-07-04,v3
2020-05-26,ICU_demand,0,0,0,0.01,0,0,Additional 50% Reduction,Belize,BLZ,2020-07-04,v3
2020-05-26,ICU_incidence,0,0,0,0,0,0,Additional 50% Reduction,Belize,BLZ,2020-07-04,v3
2020-05-26,infections,0,0,0,0.24,0,1.52,Additional 50% Reduction,Belize,BLZ,2020-07-04,v3
2020-05-26,Rt,0.18,0.48,0.63,0.72,0.91,1.57,Additional 50% Reduction,Belize,BLZ,2020-07-04,v3
2020-05-26,cumulative_infections,287.08,764.25,1477,1619.76,2167.25,4438.35,Maintain Status Quo,Belize,BLZ,2020-07-04,v3
2020-05-26,deaths,0,0,0,0,0,0,Maintain Status Quo,Belize,BLZ,2020-07-04,v3
2020-05-26,hospital_demand,0,0,0,0.03,0,0.52,Maintain Status Quo,Belize,BLZ,2020-07-04,v3
2020-05-26,hospital_incidence,0,0,0,0,0,0,Maintain Status Quo,Belize,BLZ,2020-07-04,v3
2020-05-26,ICU_demand,0,0,0,0.01,0,0,Maintain Status Quo,Belize,BLZ,2020-07-04,v3
2020-05-26,ICU_incidence,0,0,0,0,0,0,Maintain Status Quo,Belize,BLZ,2020-07-04,v3
2020-05-26,infections,0,0,0,0.24,0,1.52,Maintain Status Quo,Belize,BLZ,2020-07-04,v3
2020-05-26,Rt,0.18,0.48,0.63,0.72,0.91,1.57,Maintain Status Quo,Belize,BLZ,2020-07-04,v3
2020-05-26,cumulative_infections,287.08,764.25,1477,1619.76,2167.25,4438.35,Relax Interventions 50%,Belize,BLZ,2020-07-04,v3
2020-05-26,deaths,0,0,0,0,0,0,Relax Interventions 50%,Belize,BLZ,2020-07-04,v3
2020-05-26,hospital_demand,0,0,0,0.03,0,0.52,Relax Interventions 50%,Belize,BLZ,2020-07-04,v3
2020-05-26,hospital_incidence,0,0,0,0,0,0,Relax Interventions 50%,Belize,BLZ,2020-07-04,v3
2020-05-26,ICU_demand,0,0,0,0.01,0,0,Relax Interventions 50%,Belize,BLZ,2020-07-04,v3
2020-05-26,ICU_incidence,0,0,0,0,0,0,Relax Interventions 50%,Belize,BLZ,2020-07-04,v3
2020-05-26,infections,0,0,0,0.24,0,1.52,Relax Interventions 50%,Belize,BLZ,2020-07-04,v3
2020-05-26,Rt,0.18,0.48,0.63,0.72,0.91,1.57,Relax Interventions 50%,Belize,BLZ,2020-07-04,v3
2020-05-26,cumulative_infections,266.28,934.75,1359.5,1578.09,1880,4784.4,Surged Additional 50% Reduction,Belize,BLZ,2020-07-04,v3
2020-05-26,deaths,0,0,0,0,0,0,Surged Additional 50% Reduction,Belize,BLZ,2020-07-04,v3
2020-05-26,hospital_demand,0,0,0,0.03,0,0.52,Surged Additional 50% Reduction,Belize,BLZ,2020-07-04,v3
2020-05-26,hospital_incidence,0,0,0,0,0,0,Surged Additional 50% Reduction,Belize,BLZ,2020-07-04,v3
2020-05-26,ICU_demand,0,0,0,0.01,0,0,Surged Additional 50% Reduction,Belize,BLZ,2020-07-04,v3
2020-05-26,ICU_incidence,0,0,0,0,0,0,Surged Additional 50% Reduction,Belize,BLZ,2020-07-04,v3
2020-05-26,infections,0,0,0,0.14,0,2,Surged Additional 50% Reduction,Belize,BLZ,2020-07-04,v3
2020-05-26,Rt,0.17,0.4,0.61,0.68,0.93,1.5,Surged Additional 50% Reduction,Belize,BLZ,2020-07-04,v3
2020-05-26,cumulative_infections,266.28,934.75,1359.5,1578.09,1880,4784.4,Surged Maintain Status Quo,Belize,BLZ,2020-07-04,v3
2020-05-26,deaths,0,0,0,0,0,0,Surged Maintain Status Quo,Belize,BLZ,2020-07-04,v3
2020-05-26,hospital_demand,0,0,0,0.03,0,0.52,Surged Maintain Status Quo,Belize,BLZ,2020-07-04,v3
2020-05-26,hospital_incidence,0,0,0,0,0,0,Surged Maintain Status Quo,Belize,BLZ,2020-07-04,v3
2020-05-26,ICU_demand,0,0,0,0.01,0,0,Surged Maintain Status Quo,Belize,BLZ,2020-07-04,v3
2020-05-26,ICU_incidence,0,0,0,0,0,0,Surged Maintain Status Quo,Belize,BLZ,2020-07-04,v3
2020-05-26,infections,0,0,0,0.14,0,2,Surged Maintain Status Quo,Belize,BLZ,2020-07-04,v3
2020-05-26,Rt,0.17,0.4,0.61,0.68,0.93,1.5,Surged Maintain Status Quo,Belize,BLZ,2020-07-04,v3
2020-05-26,cumulative_infections,266.28,934.75,1359.5,1578.09,1880,4784.4,Surged Relax Interventions 50%,Belize,BLZ,2020-07-04,v3
2020-05-26,deaths,0,0,0,0,0,0,Surged Relax Interventions 50%,Belize,BLZ,2020-07-04,v3
2020-05-26,hospital_demand,0,0,0,0.03,0,0.52,Surged Relax Interventions 50%,Belize,BLZ,2020-07-04,v3
2020-05-26,hospital_incidence,0,0,0,0,0,0,Surged Relax Interventions 50%,Belize,BLZ,2020-07-04,v3
2020-05-26,ICU_demand,0,0,0,0.01,0,0,Surged Relax Interventions 50%,Belize,BLZ,2020-07-04,v3
2020-05-26,ICU_incidence,0,0,0,0,0,0,Surged Relax Interventions 50%,Belize,BLZ,2020-07-04,v3
2020-05-26,infections,0,0,0,0.14,0,2,Surged Relax Interventions 50%,Belize,BLZ,2020-07-04,v3
2020-05-26,Rt,0.17,0.4,0.61,0.68,0.93,1.5,Surged Relax Interventions 50%,Belize,BLZ,2020-07-04,v3
2020-05-27,cumulative_infections,287.08,765,1477,1620.01,2167.5,4438.35,Additional 50% Reduction,Belize,BLZ,2020-07-04,v3
2020-05-27,deaths,0,0,0,0,0,0,Additional 50% Reduction,Belize,BLZ,2020-07-04,v3
2020-05-27,hospital_demand,0,0,0,0.02,0,0,Additional 50% Reduction,Belize,BLZ,2020-07-04,v3
2020-05-27,hospital_incidence,0,0,0,0,0,0,Additional 50% Reduction,Belize,BLZ,2020-07-04,v3
2020-05-27,ICU_demand,0,0,0,0.01,0,0,Additional 50% Reduction,Belize,BLZ,2020-07-04,v3
2020-05-27,ICU_incidence,0,0,0,0,0,0,Additional 50% Reduction,Belize,BLZ,2020-07-04,v3
2020-05-27,infections,0,0,0,0.25,0,1.52,Additional 50% Reduction,Belize,BLZ,2020-07-04,v3
2020-05-27,Rt,0.16,0.42,0.58,0.65,0.83,1.44,Additional 50% Reduction,Belize,BLZ,2020-07-04,v3
2020-05-27,cumulative_infections,287.08,765,1477,1620.01,2167.5,4438.35,Maintain Status Quo,Belize,BLZ,2020-07-04,v3
2020-05-27,deaths,0,0,0,0,0,0,Maintain Status Quo,Belize,BLZ,2020-07-04,v3
2020-05-27,hospital_demand,0,0,0,0.02,0,0,Maintain Status Quo,Belize,BLZ,2020-07-04,v3
2020-05-27,hospital_incidence,0,0,0,0,0,0,Maintain Status Quo,Belize,BLZ,2020-07-04,v3
2020-05-27,ICU_demand,0,0,0,0.01,0,0,Maintain Status Quo,Belize,BLZ,2020-07-04,v3
2020-05-27,ICU_incidence,0,0,0,0,0,0,Maintain Status Quo,Belize,BLZ,2020-07-04,v3
2020-05-27,infections,0,0,0,0.25,0,1.52,Maintain Status Quo,Belize,BLZ,2020-07-04,v3
2020-05-27,Rt,0.16,0.42,0.58,0.65,0.83,1.44,Maintain Status Quo,Belize,BLZ,2020-07-04,v3
2020-05-27,cumulative_infections,287.08,765,1477,1620.01,2167.5,4438.35,Relax Interventions 50%,Belize,BLZ,2020-07-04,v3
2020-05-27,deaths,0,0,0,0,0,0,Relax Interventions 50%,Belize,BLZ,2020-07-04,v3
2020-05-27,hospital_demand,0,0,0,0.02,0,0,Relax Interventions 50%,Belize,BLZ,2020-07-04,v3
2020-05-27,hospital_incidence,0,0,0,0,0,0,Relax Interventions 50%,Belize,BLZ,2020-07-04,v3
2020-05-27,ICU_demand,0,0,0,0.01,0,0,Relax Interventions 50%,Belize,BLZ,2020-07-04,v3
2020-05-27,ICU_incidence,0,0,0,0,0,0,Relax Interventions 50%,Belize,BLZ,2020-07-04,v3
2020-05-27,infections,0,0,0,0.25,0,1.52,Relax Interventions 50%,Belize,BLZ,2020-07-04,v3
2020-05-27,Rt,0.16,0.42,0.58,0.65,0.83,1.44,Relax Interventions 50%,Belize,BLZ,2020-07-04,v3
2020-05-27,cumulative_infections,266.28,934.75,1359.5,1578.25,1880.75,4784.4,Surged Additional 50% Reduction,Belize,BLZ,2020-07-04,v3
2020-05-27,deaths,0,0,0,0,0,0,Surged Additional 50% Reduction,Belize,BLZ,2020-07-04,v3
2020-05-27,hospital_demand,0,0,0,0.04,0,1,Surged Additional 50% Reduction,Belize,BLZ,2020-07-04,v3
2020-05-27,hospital_incidence,0,0,0,0,0,0,Surged Additional 50% Reduction,Belize,BLZ,2020-07-04,v3
2020-05-27,ICU_demand,0,0,0,0,0,0,Surged Additional 50% Reduction,Belize,BLZ,2020-07-04,v3
2020-05-27,ICU_incidence,0,0,0,0,0,0,Surged Additional 50% Reduction,Belize,BLZ,2020-07-04,v3
2020-05-27,infections,0,0,0,0.16,0,2.05,Surged Additional 50% Reduction,Belize,BLZ,2020-07-04,v3
2020-05-27,Rt,0.17,0.36,0.54,0.62,0.86,1.35,Surged Additional 50% Reduction,Belize,BLZ,2020-07-04,v3
2020-05-27,cumulative_infections,266.28,934.75,1359.5,1578.25,1880.75,4784.4,Surged Maintain Status Quo,Belize,BLZ,2020-07-04,v3
2020-05-27,deaths,0,0,0,0,0,0,Surged Maintain Status Quo,Belize,BLZ,2020-07-04,v3
2020-05-27,hospital_demand,0,0,0,0.04,0,1,Surged Maintain Status Quo,Belize,BLZ,2020-07-04,v3
2020-05-27,hospital_incidence,0,0,0,0,0,0,Surged Maintain Status Quo,Belize,BLZ,2020-07-04,v3
2020-05-27,ICU_demand,0,0,0,0,0,0,Surged Maintain Status Quo,Belize,BLZ,2020-07-04,v3
2020-05-27,ICU_incidence,0,0,0,0,0,0,Surged Maintain Status Quo,Belize,BLZ,2020-07-04,v3
2020-05-27,infections,0,0,0,0.16,0,2.05,Surged Maintain Status Quo,Belize,BLZ,2020-07-04,v3
2020-05-27,Rt,0.17,0.36,0.54,0.62,0.86,1.35,Surged Maintain Status Quo,Belize,BLZ,2020-07-04,v3
2020-05-27,cumulative_infections,266.28,934.75,1359.5,1578.25,1880.75,4784.4,Surged Relax Interventions 50%,Belize,BLZ,2020-07-04,v3
2020-05-27,deaths,0,0,0,0,0,0,Surged Relax Interventions 50%,Belize,BLZ,2020-07-04,v3
2020-05-27,hospital_demand,0,0,0,0.04,0,1,Surged Relax Interventions 50%,Belize,BLZ,2020-07-04,v3
2020-05-27,hospital_incidence,0,0,0,0,0,0,Surged Relax Interventions 50%,Belize,BLZ,2020-07-04,v3
2020-05-27,ICU_demand,0,0,0,0,0,0,Surged Relax Interventions 50%,Belize,BLZ,2020-07-04,v3
2020-05-27,ICU_incidence,0,0,0,0,0,0,Surged Relax Interventions 50%,Belize,BLZ,2020-07-04,v3
2020-05-27,infections,0,0,0,0.16,0,2.05,Surged Relax Interventions 50%,Belize,BLZ,2020-07-04,v3
2020-05-27,Rt,0.17,0.36,0.54,0.62,0.86,1.35,Surged Relax Interventions 50%,Belize,BLZ,2020-07-04,v3
2020-05-28,cumulative_infections,287.08,765,1477,1620.29,2167.75,4438.35,Additional 50% Reduction,Belize,BLZ,2020-07-04,v3
2020-05-28,deaths,0,0,0,0,0,0,Additional 50% Reduction,Belize,BLZ,2020-07-04,v3
2020-05-28,hospital_demand,0,0,0,0.02,0,0,Additional 50% Reduction,Belize,BLZ,2020-07-04,v3
2020-05-28,hospital_incidence,0,0,0,0,0,0,Additional 50% Reduction,Belize,BLZ,2020-07-04,v3
2020-05-28,ICU_demand,0,0,0,0.01,0,0,Additional 50% Reduction,Belize,BLZ,2020-07-04,v3
2020-05-28,ICU_incidence,0,0,0,0,0,0,Additional 50% Reduction,Belize,BLZ,2020-07-04,v3
2020-05-28,infections,0,0,0,0.28,0,2.57,Additional 50% Reduction,Belize,BLZ,2020-07-04,v3
2020-05-28,Rt,0.2,0.5,0.65,0.76,1,1.66,Additional 50% Reduction,Belize,BLZ,2020-07-04,v3
2020-05-28,cumulative_infections,287.08,765,1477,1620.29,2167.75,4438.35,Maintain Status Quo,Belize,BLZ,2020-07-04,v3
2020-05-28,deaths,0,0,0,0,0,0,Maintain Status Quo,Belize,BLZ,2020-07-04,v3
2020-05-28,hospital_demand,0,0,0,0.02,0,0,Maintain Status Quo,Belize,BLZ,2020-07-04,v3
2020-05-28,hospital_incidence,0,0,0,0,0,0,Maintain Status Quo,Belize,BLZ,2020-07-04,v3
2020-05-28,ICU_demand,0,0,0,0.01,0,0,Maintain Status Quo,Belize,BLZ,2020-07-04,v3
2020-05-28,ICU_incidence,0,0,0,0,0,0,Maintain Status Quo,Belize,BLZ,2020-07-04,v3
2020-05-28,infections,0,0,0,0.28,0,2.57,Maintain Status Quo,Belize,BLZ,2020-07-04,v3
2020-05-28,Rt,0.2,0.5,0.65,0.76,1,1.66,Maintain Status Quo,Belize,BLZ,2020-07-04,v3
2020-05-28,cumulative_infections,287.08,765,1477,1620.29,2167.75,4438.35,Relax Interventions 50%,Belize,BLZ,2020-07-04,v3
2020-05-28,deaths,0,0,0,0,0,0,Relax Interventions 50%,Belize,BLZ,2020-07-04,v3
2020-05-28,hospital_demand,0,0,0,0.02,0,0,Relax Interventions 50%,Belize,BLZ,2020-07-04,v3
2020-05-28,hospital_incidence,0,0,0,0,0,0,Relax Interventions 50%,Belize,BLZ,2020-07-04,v3
2020-05-28,ICU_demand,0,0,0,0.01,0,0,Relax Interventions 50%,Belize,BLZ,2020-07-04,v3
2020-05-28,ICU_incidence,0,0,0,0,0,0,Relax Interventions 50%,Belize,BLZ,2020-07-04,v3
2020-05-28,infections,0,0,0,0.28,0,2.57,Relax Interventions 50%,Belize,BLZ,2020-07-04,v3
2020-05-28,Rt,0.2,0.5,0.65,0.76,1,1.66,Relax Interventions 50%,Belize,BLZ,2020-07-04,v3
2020-05-28,cumulative_infections,266.28,934.75,1359.5,1578.39,1882.25,4784.4,Surged Additional 50% Reduction,Belize,BLZ,2020-07-04,v3
2020-05-28,deaths,0,0,0,0,0,0,Surged Additional 50% Reduction,Belize,BLZ,2020-07-04,v3
2020-05-28,hospital_demand,0,0,0,0.03,0,0.52,Surged Additional 50% Reduction,Belize,BLZ,2020-07-04,v3
2020-05-28,hospital_incidence,0,0,0,0,0,0,Surged Additional 50% Reduction,Belize,BLZ,2020-07-04,v3
2020-05-28,ICU_demand,0,0,0,0,0,0,Surged Additional 50% Reduction,Belize,BLZ,2020-07-04,v3
2020-05-28,ICU_incidence,0,0,0,0,0,0,Surged Additional 50% Reduction,Belize,BLZ,2020-07-04,v3
2020-05-28,infections,0,0,0,0.14,0,2.52,Surged Additional 50% Reduction,Belize,BLZ,2020-07-04,v3
2020-05-28,Rt,0.18,0.42,0.65,0.72,1,1.61,Surged Additional 50% Reduction,Belize,BLZ,2020-07-04,v3
2020-05-28,cumulative_infections,266.28,934.75,1359.5,1578.39,1882.25,4784.4,Surged Maintain Status Quo,Belize,BLZ,2020-07-04,v3
2020-05-28,deaths,0,0,0,0,0,0,Surged Maintain Status Quo,Belize,BLZ,2020-07-04,v3
2020-05-28,hospital_demand,0,0,0,0.03,0,0.52,Surged Maintain Status Quo,Belize,BLZ,2020-07-04,v3
2020-05-28,hospital_incidence,0,0,0,0,0,0,Surged Maintain Status Quo,Belize,BLZ,2020-07-04,v3
2020-05-28,ICU_demand,0,0,0,0,0,0,Surged Maintain Status Quo,Belize,BLZ,2020-07-04,v3
2020-05-28,ICU_incidence,0,0,0,0,0,0,Surged Maintain Status Quo,Belize,BLZ,2020-07-04,v3
2020-05-28,infections,0,0,0,0.14,0,2.52,Surged Maintain Status Quo,Belize,BLZ,2020-07-04,v3
2020-05-28,Rt,0.18,0.42,0.65,0.72,1,1.61,Surged Maintain Status Quo,Belize,BLZ,2020-07-04,v3
2020-05-28,cumulative_infections,266.28,934.75,1359.5,1578.39,1882.25,4784.4,Surged Relax Interventions 50%,Belize,BLZ,2020-07-04,v3
2020-05-28,deaths,0,0,0,0,0,0,Surged Relax Interventions 50%,Belize,BLZ,2020-07-04,v3
2020-05-28,hospital_demand,0,0,0,0.03,0,0.52,Surged Relax Interventions 50%,Belize,BLZ,2020-07-04,v3
2020-05-28,hospital_incidence,0,0,0,0,0,0,Surged Relax Interventions 50%,Belize,BLZ,2020-07-04,v3
2020-05-28,ICU_demand,0,0,0,0,0,0,Surged Relax Interventions 50%,Belize,BLZ,2020-07-04,v3
2020-05-28,ICU_incidence,0,0,0,0,0,0,Surged Relax Interventions 50%,Belize,BLZ,2020-07-04,v3
2020-05-28,infections,0,0,0,0.14,0,2.52,Surged Relax Interventions 50%,Belize,BLZ,2020-07-04,v3
2020-05-28,Rt,0.18,0.42,0.65,0.72,1,1.61,Surged Relax Interventions 50%,Belize,BLZ,2020-07-04,v3
2020-05-29,cumulative_infections,287.08,765.75,1477,1620.47,2167.75,4438.35,Additional 50% Reduction,Belize,BLZ,2020-07-04,v3
2020-05-29,deaths,0,0,0,0,0,0,Additional 50% Reduction,Belize,BLZ,2020-07-04,v3
2020-05-29,hospital_demand,0,0,0,0.04,0,1,Additional 50% Reduction,Belize,BLZ,2020-07-04,v3
2020-05-29,hospital_incidence,0,0,0,0,0,0,Additional 50% Reduction,Belize,BLZ,2020-07-04,v3
2020-05-29,ICU_demand,0,0,0,0,0,0,Additional 50% Reduction,Belize,BLZ,2020-07-04,v3
2020-05-29,ICU_incidence,0,0,0,0,0,0,Additional 50% Reduction,Belize,BLZ,2020-07-04,v3
2020-05-29,infections,0,0,0,0.18,0,1.52,Additional 50% Reduction,Belize,BLZ,2020-07-04,v3
2020-05-29,Rt,0.24,0.56,0.76,0.91,1.19,1.97,Additional 50% Reduction,Belize,BLZ,2020-07-04,v3
2020-05-29,cumulative_infections,287.08,765.75,1477,1620.47,2167.75,4438.35,Maintain Status Quo,Belize,BLZ,2020-07-04,v3
2020-05-29,deaths,0,0,0,0,0,0,Maintain Status Quo,Belize,BLZ,2020-07-04,v3
2020-05-29,hospital_demand,0,0,0,0.04,0,1,Maintain Status Quo,Belize,BLZ,2020-07-04,v3
2020-05-29,hospital_incidence,0,0,0,0,0,0,Maintain Status Quo,Belize,BLZ,2020-07-04,v3
2020-05-29,ICU_demand,0,0,0,0,0,0,Maintain Status Quo,Belize,BLZ,2020-07-04,v3
2020-05-29,ICU_incidence,0,0,0,0,0,0,Maintain Status Quo,Belize,BLZ,2020-07-04,v3
2020-05-29,infections,0,0,0,0.18,0,1.52,Maintain Status Quo,Belize,BLZ,2020-07-04,v3
2020-05-29,Rt,0.24,0.56,0.76,0.91,1.19,1.97,Maintain Status Quo,Belize,BLZ,2020-07-04,v3
2020-05-29,cumulative_infections,287.08,765.75,1477,1620.47,2167.75,4438.35,Relax Interventions 50%,Belize,BLZ,2020-07-04,v3
2020-05-29,deaths,0,0,0,0,0,0,Relax Interventions 50%,Belize,BLZ,2020-07-04,v3
2020-05-29,hospital_demand,0,0,0,0.04,0,1,Relax Interventions 50%,Belize,BLZ,2020-07-04,v3
2020-05-29,hospital_incidence,0,0,0,0,0,0,Relax Interventions 50%,Belize,BLZ,2020-07-04,v3
2020-05-29,ICU_demand,0,0,0,0,0,0,Relax Interventions 50%,Belize,BLZ,2020-07-04,v3
2020-05-29,ICU_incidence,0,0,0,0,0,0,Relax Interventions 50%,Belize,BLZ,2020-07-04,v3
2020-05-29,infections,0,0,0,0.18,0,1.52,Relax Interventions 50%,Belize,BLZ,2020-07-04,v3
2020-05-29,Rt,0.24,0.56,0.76,0.91,1.19,1.97,Relax Interventions 50%,Belize,BLZ,2020-07-04,v3
2020-05-29,cumulative_infections,266.28,934.75,1359.5,1578.57,1883.75,4784.4,Surged Additional 50% Reduction,Belize,BLZ,2020-07-04,v3
2020-05-29,deaths,0,0,0,0,0,0,Surged Additional 50% Reduction,Belize,BLZ,2020-07-04,v3
2020-05-29,hospital_demand,0,0,0,0.02,0,0,Surged Additional 50% Reduction,Belize,BLZ,2020-07-04,v3
2020-05-29,hospital_incidence,0,0,0,0,0,0,Surged Additional 50% Reduction,Belize,BLZ,2020-07-04,v3
2020-05-29,ICU_demand,0,0,0,0,0,0,Surged Additional 50% Reduction,Belize,BLZ,2020-07-04,v3
2020-05-29,ICU_incidence,0,0,0,0,0,0,Surged Additional 50% Reduction,Belize,BLZ,2020-07-04,v3
2020-05-29,infections,0,0,0,0.18,0,2,Surged Additional 50% Reduction,Belize,BLZ,2020-07-04,v3
2020-05-29,Rt,0.18,0.49,0.74,0.86,1.21,1.92,Surged Additional 50% Reduction,Belize,BLZ,2020-07-04,v3
2020-05-29,cumulative_infections,266.28,934.75,1359.5,1578.57,1883.75,4784.4,Surged Maintain Status Quo,Belize,BLZ,2020-07-04,v3
2020-05-29,deaths,0,0,0,0,0,0,Surged Maintain Status Quo,Belize,BLZ,2020-07-04,v3
2020-05-29,hospital_demand,0,0,0,0.02,0,0,Surged Maintain Status Quo,Belize,BLZ,2020-07-04,v3
2020-05-29,hospital_incidence,0,0,0,0,0,0,Surged Maintain Status Quo,Belize,BLZ,2020-07-04,v3
2020-05-29,ICU_demand,0,0,0,0,0,0,Surged Maintain Status Quo,Belize,BLZ,2020-07-04,v3
2020-05-29,ICU_incidence,0,0,0,0,0,0,Surged Maintain Status Quo,Belize,BLZ,2020-07-04,v3
2020-05-29,infections,0,0,0,0.18,0,2,Surged Maintain Status Quo,Belize,BLZ,2020-07-04,v3
2020-05-29,Rt,0.18,0.49,0.74,0.86,1.21,1.92,Surged Maintain Status Quo,Belize,BLZ,2020-07-04,v3
2020-05-29,cumulative_infections,266.28,934.75,1359.5,1578.57,1883.75,4784.4,Surged Relax Interventions 50%,Belize,BLZ,2020-07-04,v3
2020-05-29,deaths,0,0,0,0,0,0,Surged Relax Interventions 50%,Belize,BLZ,2020-07-04,v3
2020-05-29,hospital_demand,0,0,0,0.02,0,0,Surged Relax Interventions 50%,Belize,BLZ,2020-07-04,v3
2020-05-29,hospital_incidence,0,0,0,0,0,0,Surged Relax Interventions 50%,Belize,BLZ,2020-07-04,v3
2020-05-29,ICU_demand,0,0,0,0,0,0,Surged Relax Interventions 50%,Belize,BLZ,2020-07-04,v3
2020-05-29,ICU_incidence,0,0,0,0,0,0,Surged Relax Interventions 50%,Belize,BLZ,2020-07-04,v3
2020-05-29,infections,0,0,0,0.18,0,2,Surged Relax Interventions 50%,Belize,BLZ,2020-07-04,v3
2020-05-29,Rt,0.18,0.49,0.74,0.86,1.21,1.92,Surged Relax Interventions 50%,Belize,BLZ,2020-07-04,v3
2020-05-30,cumulative_infections,287.08,765.75,1477,1620.7,2168.25,4438.35,Additional 50% Reduction,Belize,BLZ,2020-07-04,v3
2020-05-30,deaths,0,0,0,0,0,0,Additional 50% Reduction,Belize,BLZ,2020-07-04,v3
2020-05-30,hospital_demand,0,0,0,0.04,0,1,Additional 50% Reduction,Belize,BLZ,2020-07-04,v3
2020-05-30,hospital_incidence,0,0,0,0,0,0,Additional 50% Reduction,Belize,BLZ,2020-07-04,v3
2020-05-30,ICU_demand,0,0,0,0,0,0,Additional 50% Reduction,Belize,BLZ,2020-07-04,v3
2020-05-30,ICU_incidence,0,0,0,0,0,0,Additional 50% Reduction,Belize,BLZ,2020-07-04,v3
2020-05-30,infections,0,0,0,0.23,0,2,Additional 50% Reduction,Belize,BLZ,2020-07-04,v3
2020-05-30,Rt,0.23,0.55,0.73,0.87,1.13,1.89,Additional 50% Reduction,Belize,BLZ,2020-07-04,v3
2020-05-30,cumulative_infections,287.08,765.75,1477,1620.7,2168.25,4438.35,Maintain Status Quo,Belize,BLZ,2020-07-04,v3
2020-05-30,deaths,0,0,0,0,0,0,Maintain Status Quo,Belize,BLZ,2020-07-04,v3
2020-05-30,hospital_demand,0,0,0,0.04,0,1,Maintain Status Quo,Belize,BLZ,2020-07-04,v3
2020-05-30,hospital_incidence,0,0,0,0,0,0,Maintain Status Quo,Belize,BLZ,2020-07-04,v3
2020-05-30,ICU_demand,0,0,0,0,0,0,Maintain Status Quo,Belize,BLZ,2020-07-04,v3
2020-05-30,ICU_incidence,0,0,0,0,0,0,Maintain Status Quo,Belize,BLZ,2020-07-04,v3
2020-05-30,infections,0,0,0,0.23,0,2,Maintain Status Quo,Belize,BLZ,2020-07-04,v3
2020-05-30,Rt,0.23,0.55,0.73,0.87,1.13,1.89,Maintain Status Quo,Belize,BLZ,2020-07-04,v3
2020-05-30,cumulative_infections,287.08,765.75,1477,1620.7,2168.25,4438.35,Relax Interventions 50%,Belize,BLZ,2020-07-04,v3
2020-05-30,deaths,0,0,0,0,0,0,Relax Interventions 50%,Belize,BLZ,2020-07-04,v3
2020-05-30,hospital_demand,0,0,0,0.04,0,1,Relax Interventions 50%,Belize,BLZ,2020-07-04,v3
2020-05-30,hospital_incidence,0,0,0,0,0,0,Relax Interventions 50%,Belize,BLZ,2020-07-04,v3
2020-05-30,ICU_demand,0,0,0,0,0,0,Relax Interventions 50%,Belize,BLZ,2020-07-04,v3
2020-05-30,ICU_incidence,0,0,0,0,0,0,Relax Interventions 50%,Belize,BLZ,2020-07-04,v3
2020-05-30,infections,0,0,0,0.23,0,2,Relax Interventions 50%,Belize,BLZ,2020-07-04,v3
2020-05-30,Rt,0.23,0.55,0.73,0.87,1.13,1.89,Relax Interventions 50%,Belize,BLZ,2020-07-04,v3
2020-05-30,cumulative_infections,266.28,934.75,1359.5,1578.72,1883.75,4784.4,Surged Additional 50% Reduction,Belize,BLZ,2020-07-04,v3
2020-05-30,deaths,0,0,0,0,0,0,Surged Additional 50% Reduction,Belize,BLZ,2020-07-04,v3
2020-05-30,hospital_demand,0,0,0,0.01,0,0,Surged Additional 50% Reduction,Belize,BLZ,2020-07-04,v3
2020-05-30,hospital_incidence,0,0,0,0,0,0,Surged Additional 50% Reduction,Belize,BLZ,2020-07-04,v3
2020-05-30,ICU_demand,0,0,0,0,0,0,Surged Additional 50% Reduction,Belize,BLZ,2020-07-04,v3
2020-05-30,ICU_incidence,0,0,0,0,0,0,Surged Additional 50% Reduction,Belize,BLZ,2020-07-04,v3
2020-05-30,infections,0,0,0,0.15,0,1.52,Surged Additional 50% Reduction,Belize,BLZ,2020-07-04,v3
2020-05-30,Rt,0.18,0.47,0.71,0.82,1.16,1.84,Surged Additional 50% Reduction,Belize,BLZ,2020-07-04,v3
2020-05-30,cumulative_infections,266.28,934.75,1359.5,1578.72,1883.75,4784.4,Surged Maintain Status Quo,Belize,BLZ,2020-07-04,v3
2020-05-30,deaths,0,0,0,0,0,0,Surged Maintain Status Quo,Belize,BLZ,2020-07-04,v3
2020-05-30,hospital_demand,0,0,0,0.01,0,0,Surged Maintain Status Quo,Belize,BLZ,2020-07-04,v3
2020-05-30,hospital_incidence,0,0,0,0,0,0,Surged Maintain Status Quo,Belize,BLZ,2020-07-04,v3
2020-05-30,ICU_demand,0,0,0,0,0,0,Surged Maintain Status Quo,Belize,BLZ,2020-07-04,v3
2020-05-30,ICU_incidence,0,0,0,0,0,0,Surged Maintain Status Quo,Belize,BLZ,2020-07-04,v3
2020-05-30,infections,0,0,0,0.15,0,1.52,Surged Maintain Status Quo,Belize,BLZ,2020-07-04,v3
2020-05-30,Rt,0.18,0.47,0.71,0.82,1.16,1.84,Surged Maintain Status Quo,Belize,BLZ,2020-07-04,v3
2020-05-30,cumulative_infections,266.28,934.75,1359.5,1578.72,1883.75,4784.4,Surged Relax Interventions 50%,Belize,BLZ,2020-07-04,v3
2020-05-30,deaths,0,0,0,0,0,0,Surged Relax Interventions 50%,Belize,BLZ,2020-07-04,v3
2020-05-30,hospital_demand,0,0,0,0.01,0,0,Surged Relax Interventions 50%,Belize,BLZ,2020-07-04,v3
2020-05-30,hospital_incidence,0,0,0,0,0,0,Surged Relax Interventions 50%,Belize,BLZ,2020-07-04,v3
2020-05-30,ICU_demand,0,0,0,0,0,0,Surged Relax Interventions 50%,Belize,BLZ,2020-07-04,v3
2020-05-30,ICU_incidence,0,0,0,0,0,0,Surged Relax Interventions 50%,Belize,BLZ,2020-07-04,v3
2020-05-30,infections,0,0,0,0.15,0,1.52,Surged Relax Interventions 50%,Belize,BLZ,2020-07-04,v3
2020-05-30,Rt,0.18,0.47,0.71,0.82,1.16,1.84,Surged Relax Interventions 50%,Belize,BLZ,2020-07-04,v3
2020-05-31,cumulative_infections,287.08,765.75,1477,1620.96,2168.75,4438.35,Additional 50% Reduction,Belize,BLZ,2020-07-04,v3
2020-05-31,deaths,0,0,0,0,0,0,Additional 50% Reduction,Belize,BLZ,2020-07-04,v3
2020-05-31,hospital_demand,0,0,0,0.05,0,1,Additional 50% Reduction,Belize,BLZ,2020-07-04,v3
2020-05-31,hospital_incidence,0,0,0,0,0,0,Additional 50% Reduction,Belize,BLZ,2020-07-04,v3
2020-05-31,ICU_demand,0,0,0,0,0,0,Additional 50% Reduction,Belize,BLZ,2020-07-04,v3
2020-05-31,ICU_incidence,0,0,0,0,0,0,Additional 50% Reduction,Belize,BLZ,2020-07-04,v3
2020-05-31,infections,0,0,0,0.26,0,2.52,Additional 50% Reduction,Belize,BLZ,2020-07-04,v3
2020-05-31,Rt,0.12,0.33,0.45,0.5,0.64,1.08,Additional 50% Reduction,Belize,BLZ,2020-07-04,v3
2020-05-31,cumulative_infections,287.08,765.75,1477,1620.96,2168.75,4438.35,Maintain Status Quo,Belize,BLZ,2020-07-04,v3
2020-05-31,deaths,0,0,0,0,0,0,Maintain Status Quo,Belize,BLZ,2020-07-04,v3
2020-05-31,hospital_demand,0,0,0,0.05,0,1,Maintain Status Quo,Belize,BLZ,2020-07-04,v3
2020-05-31,hospital_incidence,0,0,0,0,0,0,Maintain Status Quo,Belize,BLZ,2020-07-04,v3
2020-05-31,ICU_demand,0,0,0,0,0,0,Maintain Status Quo,Belize,BLZ,2020-07-04,v3
2020-05-31,ICU_incidence,0,0,0,0,0,0,Maintain Status Quo,Belize,BLZ,2020-07-04,v3
2020-05-31,infections,0,0,0,0.26,0,2.52,Maintain Status Quo,Belize,BLZ,2020-07-04,v3
2020-05-31,Rt,0.12,0.33,0.45,0.5,0.64,1.08,Maintain Status Quo,Belize,BLZ,2020-07-04,v3
2020-05-31,cumulative_infections,287.08,765.75,1477,1620.96,2168.75,4438.35,Relax Interventions 50%,Belize,BLZ,2020-07-04,v3
2020-05-31,deaths,0,0,0,0,0,0,Relax Interventions 50%,Belize,BLZ,2020-07-04,v3
2020-05-31,hospital_demand,0,0,0,0.05,0,1,Relax Interventions 50%,Belize,BLZ,2020-07-04,v3
2020-05-31,hospital_incidence,0,0,0,0,0,0,Relax Interventions 50%,Belize,BLZ,2020-07-04,v3
2020-05-31,ICU_demand,0,0,0,0,0,0,Relax Interventions 50%,Belize,BLZ,2020-07-04,v3
2020-05-31,ICU_incidence,0,0,0,0,0,0,Relax Interventions 50%,Belize,BLZ,2020-07-04,v3
2020-05-31,infections,0,0,0,0.26,0,2.52,Relax Interventions 50%,Belize,BLZ,2020-07-04,v3
2020-05-31,Rt,0.12,0.33,0.45,0.5,0.64,1.08,Relax Interventions 50%,Belize,BLZ,2020-07-04,v3
2020-05-31,cumulative_infections,266.28,934.75,1359.5,1578.92,1886.75,4784.4,Surged Additional 50% Reduction,Belize,BLZ,2020-07-04,v3
2020-05-31,deaths,0,0,0,0,0,0,Surged Additional 50% Reduction,Belize,BLZ,2020-07-04,v3
2020-05-31,hospital_demand,0,0,0,0.02,0,0,Surged Additional 50% Reduction,Belize,BLZ,2020-07-04,v3
2020-05-31,hospital_incidence,0,0,0,0,0,0,Surged Additional 50% Reduction,Belize,BLZ,2020-07-04,v3
2020-05-31,ICU_demand,0,0,0,0,0,0,Surged Additional 50% Reduction,Belize,BLZ,2020-07-04,v3
2020-05-31,ICU_incidence,0,0,0,0,0,0,Surged Additional 50% Reduction,Belize,BLZ,2020-07-04,v3
2020-05-31,infections,0,0,0,0.2,0,2.57,Surged Additional 50% Reduction,Belize,BLZ,2020-07-04,v3
2020-05-31,Rt,0.13,0.28,0.39,0.48,0.66,1.03,Surged Additional 50% Reduction,Belize,BLZ,2020-07-04,v3
2020-05-31,cumulative_infections,266.28,934.75,1359.5,1578.92,1886.75,4784.4,Surged Maintain Status Quo,Belize,BLZ,2020-07-04,v3
2020-05-31,deaths,0,0,0,0,0,0,Surged Maintain Status Quo,Belize,BLZ,2020-07-04,v3
2020-05-31,hospital_demand,0,0,0,0.02,0,0,Surged Maintain Status Quo,Belize,BLZ,2020-07-04,v3
2020-05-31,hospital_incidence,0,0,0,0,0,0,Surged Maintain Status Quo,Belize,BLZ,2020-07-04,v3
2020-05-31,ICU_demand,0,0,0,0,0,0,Surged Maintain Status Quo,Belize,BLZ,2020-07-04,v3
2020-05-31,ICU_incidence,0,0,0,0,0,0,Surged Maintain Status Quo,Belize,BLZ,2020-07-04,v3
2020-05-31,infections,0,0,0,0.2,0,2.57,Surged Maintain Status Quo,Belize,BLZ,2020-07-04,v3
2020-05-31,Rt,0.13,0.28,0.39,0.48,0.66,1.03,Surged Maintain Status Quo,Belize,BLZ,2020-07-04,v3
2020-05-31,cumulative_infections,266.28,934.75,1359.5,1578.92,1886.75,4784.4,Surged Relax Interventions 50%,Belize,BLZ,2020-07-04,v3
2020-05-31,deaths,0,0,0,0,0,0,Surged Relax Interventions 50%,Belize,BLZ,2020-07-04,v3
2020-05-31,hospital_demand,0,0,0,0.02,0,0,Surged Relax Interventions 50%,Belize,BLZ,2020-07-04,v3
2020-05-31,hospital_incidence,0,0,0,0,0,0,Surged Relax Interventions 50%,Belize,BLZ,2020-07-04,v3
2020-05-31,ICU_demand,0,0,0,0,0,0,Surged Relax Interventions 50%,Belize,BLZ,2020-07-04,v3
2020-05-31,ICU_incidence,0,0,0,0,0,0,Surged Relax Interventions 50%,Belize,BLZ,2020-07-04,v3
2020-05-31,infections,0,0,0,0.2,0,2.57,Surged Relax Interventions 50%,Belize,BLZ,2020-07-04,v3
2020-05-31,Rt,0.13,0.28,0.39,0.48,0.66,1.03,Surged Relax Interventions 50%,Belize,BLZ,2020-07-04,v3
2020-06-01,cumulative_infections,287.08,765.75,1477,1621.19,2168.75,4438.35,Additional 50% Reduction,Belize,BLZ,2020-07-04,v3
2020-06-01,deaths,0,0,0,0,0,0,Additional 50% Reduction,Belize,BLZ,2020-07-04,v3
2020-06-01,hospital_demand,0,0,0,0.06,0,1,Additional 50% Reduction,Belize,BLZ,2020-07-04,v3
2020-06-01,hospital_incidence,0,0,0,0,0,0,Additional 50% Reduction,Belize,BLZ,2020-07-04,v3
2020-06-01,ICU_demand,0,0,0,0,0,0,Additional 50% Reduction,Belize,BLZ,2020-07-04,v3
2020-06-01,ICU_incidence,0,0,0,0,0,0,Additional 50% Reduction,Belize,BLZ,2020-07-04,v3
2020-06-01,infections,0,0,0,0.23,0,1,Additional 50% Reduction,Belize,BLZ,2020-07-04,v3
2020-06-01,Rt,0.25,0.57,0.77,0.92,1.2,2,Additional 50% Reduction,Belize,BLZ,2020-07-04,v3
2020-06-01,cumulative_infections,287.08,765.75,1477,1621.19,2168.75,4438.35,Maintain Status Quo,Belize,BLZ,2020-07-04,v3
2020-06-01,deaths,0,0,0,0,0,0,Maintain Status Quo,Belize,BLZ,2020-07-04,v3
2020-06-01,hospital_demand,0,0,0,0.06,0,1,Maintain Status Quo,Belize,BLZ,2020-07-04,v3
2020-06-01,hospital_incidence,0,0,0,0,0,0,Maintain Status Quo,Belize,BLZ,2020-07-04,v3
2020-06-01,ICU_demand,0,0,0,0,0,0,Maintain Status Quo,Belize,BLZ,2020-07-04,v3
2020-06-01,ICU_incidence,0,0,0,0,0,0,Maintain Status Quo,Belize,BLZ,2020-07-04,v3
2020-06-01,infections,0,0,0,0.23,0,1,Maintain Status Quo,Belize,BLZ,2020-07-04,v3
2020-06-01,Rt,0.25,0.57,0.77,0.92,1.2,2,Maintain Status Quo,Belize,BLZ,2020-07-04,v3
2020-06-01,cumulative_infections,287.08,765.75,1477,1621.19,2168.75,4438.35,Relax Interventions 50%,Belize,BLZ,2020-07-04,v3
2020-06-01,deaths,0,0,0,0,0,0,Relax Interventions 50%,Belize,BLZ,2020-07-04,v3
2020-06-01,hospital_demand,0,0,0,0.06,0,1,Relax Interventions 50%,Belize,BLZ,2020-07-04,v3
2020-06-01,hospital_incidence,0,0,0,0,0,0,Relax Interventions 50%,Belize,BLZ,2020-07-04,v3
2020-06-01,ICU_demand,0,0,0,0,0,0,Relax Interventions 50%,Belize,BLZ,2020-07-04,v3
2020-06-01,ICU_incidence,0,0,0,0,0,0,Relax Interventions 50%,Belize,BLZ,2020-07-04,v3
2020-06-01,infections,0,0,0,0.23,0,1,Relax Interventions 50%,Belize,BLZ,2020-07-04,v3
2020-06-01,Rt,0.25,0.57,0.77,0.92,1.2,2,Relax Interventions 50%,Belize,BLZ,2020-07-04,v3
2020-06-01,cumulative_infections,266.28,934.75,1359.5,1579.06,1888.25,4784.4,Surged Additional 50% Reduction,Belize,BLZ,2020-07-04,v3
2020-06-01,deaths,0,0,0,0,0,0,Surged Additional 50% Reduction,Belize,BLZ,2020-07-04,v3
2020-06-01,hospital_demand,0,0,0,0.02,0,0,Surged Additional 50% Reduction,Belize,BLZ,2020-07-04,v3
2020-06-01,hospital_incidence,0,0,0,0,0,0,Surged Additional 50% Reduction,Belize,BLZ,2020-07-04,v3
2020-06-01,ICU_demand,0,0,0,0,0,0,Surged Additional 50% Reduction,Belize,BLZ,2020-07-04,v3
2020-06-01,ICU_incidence,0,0,0,0,0,0,Surged Additional 50% Reduction,Belize,BLZ,2020-07-04,v3
2020-06-01,infections,0,0,0,0.14,0,1.52,Surged Additional 50% Reduction,Belize,BLZ,2020-07-04,v3
2020-06-01,Rt,0.18,0.5,0.75,0.87,1.22,1.94,Surged Additional 50% Reduction,Belize,BLZ,2020-07-04,v3
2020-06-01,cumulative_infections,266.28,934.75,1359.5,1579.06,1888.25,4784.4,Surged Maintain Status Quo,Belize,BLZ,2020-07-04,v3
2020-06-01,deaths,0,0,0,0,0,0,Surged Maintain Status Quo,Belize,BLZ,2020-07-04,v3
2020-06-01,hospital_demand,0,0,0,0.02,0,0,Surged Maintain Status Quo,Belize,BLZ,2020-07-04,v3
2020-06-01,hospital_incidence,0,0,0,0,0,0,Surged Maintain Status Quo,Belize,BLZ,2020-07-04,v3
2020-06-01,ICU_demand,0,0,0,0,0,0,Surged Maintain Status Quo,Belize,BLZ,2020-07-04,v3
2020-06-01,ICU_incidence,0,0,0,0,0,0,Surged Maintain Status Quo,Belize,BLZ,2020-07-04,v3
2020-06-01,infections,0,0,0,0.14,0,1.52,Surged Maintain Status Quo,Belize,BLZ,2020-07-04,v3
2020-06-01,Rt,0.18,0.5,0.75,0.87,1.22,1.94,Surged Maintain Status Quo,Belize,BLZ,2020-07-04,v3
2020-06-01,cumulative_infections,266.28,934.75,1359.5,1579.06,1888.25,4784.4,Surged Relax Interventions 50%,Belize,BLZ,2020-07-04,v3
2020-06-01,deaths,0,0,0,0,0,0,Surged Relax Interventions 50%,Belize,BLZ,2020-07-04,v3
2020-06-01,hospital_demand,0,0,0,0.02,0,0,Surged Relax Interventions 50%,Belize,BLZ,2020-07-04,v3
2020-06-01,hospital_incidence,0,0,0,0,0,0,Surged Relax Interventions 50%,Belize,BLZ,2020-07-04,v3
2020-06-01,ICU_demand,0,0,0,0,0,0,Surged Relax Interventions 50%,Belize,BLZ,2020-07-04,v3
2020-06-01,ICU_incidence,0,0,0,0,0,0,Surged Relax Interventions 50%,Belize,BLZ,2020-07-04,v3
2020-06-01,infections,0,0,0,0.14,0,1.52,Surged Relax Interventions 50%,Belize,BLZ,2020-07-04,v3
2020-06-01,Rt,0.18,0.5,0.75,0.87,1.22,1.94,Surged Relax Interventions 50%,Belize,BLZ,2020-07-04,v3
2020-06-02,cumulative_infections,287.08,765.75,1477,1621.4,2169,4438.35,Additional 50% Reduction,Belize,BLZ,2020-07-04,v3
2020-06-02,deaths,0,0,0,0,0,0,Additional 50% Reduction,Belize,BLZ,2020-07-04,v3
2020-06-02,hospital_demand,0,0,0,0.06,0,1,Additional 50% Reduction,Belize,BLZ,2020-07-04,v3
2020-06-02,hospital_incidence,0,0,0,0,0,0,Additional 50% Reduction,Belize,BLZ,2020-07-04,v3
2020-06-02,ICU_demand,0,0,0,0,0,0,Additional 50% Reduction,Belize,BLZ,2020-07-04,v3
2020-06-02,ICU_incidence,0,0,0,0,0,0,Additional 50% Reduction,Belize,BLZ,2020-07-04,v3
2020-06-02,infections,0,0,0,0.21,0,1,Additional 50% Reduction,Belize,BLZ,2020-07-04,v3
2020-06-02,Rt,0.18,0.48,0.63,0.73,0.93,1.58,Additional 50% Reduction,Belize,BLZ,2020-07-04,v3
2020-06-02,cumulative_infections,287.08,765.75,1477,1621.4,2169,4438.35,Maintain Status Quo,Belize,BLZ,2020-07-04,v3
2020-06-02,deaths,0,0,0,0,0,0,Maintain Status Quo,Belize,BLZ,2020-07-04,v3
2020-06-02,hospital_demand,0,0,0,0.06,0,1,Maintain Status Quo,Belize,BLZ,2020-07-04,v3
2020-06-02,hospital_incidence,0,0,0,0,0,0,Maintain Status Quo,Belize,BLZ,2020-07-04,v3
2020-06-02,ICU_demand,0,0,0,0,0,0,Maintain Status Quo,Belize,BLZ,2020-07-04,v3
2020-06-02,ICU_incidence,0,0,0,0,0,0,Maintain Status Quo,Belize,BLZ,2020-07-04,v3
2020-06-02,infections,0,0,0,0.21,0,1,Maintain Status Quo,Belize,BLZ,2020-07-04,v3
2020-06-02,Rt,0.18,0.48,0.63,0.73,0.93,1.58,Maintain Status Quo,Belize,BLZ,2020-07-04,v3
2020-06-02,cumulative_infections,287.08,765.75,1477,1621.4,2169,4438.35,Relax Interventions 50%,Belize,BLZ,2020-07-04,v3
2020-06-02,deaths,0,0,0,0,0,0,Relax Interventions 50%,Belize,BLZ,2020-07-04,v3
2020-06-02,hospital_demand,0,0,0,0.06,0,1,Relax Interventions 50%,Belize,BLZ,2020-07-04,v3
2020-06-02,hospital_incidence,0,0,0,0,0,0,Relax Interventions 50%,Belize,BLZ,2020-07-04,v3
2020-06-02,ICU_demand,0,0,0,0,0,0,Relax Interventions 50%,Belize,BLZ,2020-07-04,v3
2020-06-02,ICU_incidence,0,0,0,0,0,0,Relax Interventions 50%,Belize,BLZ,2020-07-04,v3
2020-06-02,infections,0,0,0,0.21,0,1,Relax Interventions 50%,Belize,BLZ,2020-07-04,v3
2020-06-02,Rt,0.18,0.48,0.63,0.73,0.93,1.58,Relax Interventions 50%,Belize,BLZ,2020-07-04,v3
2020-06-02,cumulative_infections,266.28,934.75,1359.5,1579.24,1891.25,4784.4,Surged Additional 50% Reduction,Belize,BLZ,2020-07-04,v3
2020-06-02,deaths,0,0,0,0,0,0,Surged Additional 50% Reduction,Belize,BLZ,2020-07-04,v3
2020-06-02,hospital_demand,0,0,0,0.02,0,0,Surged Additional 50% Reduction,Belize,BLZ,2020-07-04,v3
2020-06-02,hospital_incidence,0,0,0,0,0,0,Surged Additional 50% Reduction,Belize,BLZ,2020-07-04,v3
2020-06-02,ICU_demand,0,0,0,0,0,0,Surged Additional 50% Reduction,Belize,BLZ,2020-07-04,v3
2020-06-02,ICU_incidence,0,0,0,0,0,0,Surged Additional 50% Reduction,Belize,BLZ,2020-07-04,v3
2020-06-02,infections,0,0,0,0.18,0,4,Surged Additional 50% Reduction,Belize,BLZ,2020-07-04,v3
2020-06-02,Rt,0.17,0.4,0.61,0.69,0.95,1.52,Surged Additional 50% Reduction,Belize,BLZ,2020-07-04,v3
2020-06-02,cumulative_infections,266.28,934.75,1359.5,1579.24,1891.25,4784.4,Surged Maintain Status Quo,Belize,BLZ,2020-07-04,v3
2020-06-02,deaths,0,0,0,0,0,0,Surged Maintain Status Quo,Belize,BLZ,2020-07-04,v3
2020-06-02,hospital_demand,0,0,0,0.02,0,0,Surged Maintain Status Quo,Belize,BLZ,2020-07-04,v3
2020-06-02,hospital_incidence,0,0,0,0,0,0,Surged Maintain Status Quo,Belize,BLZ,2020-07-04,v3
2020-06-02,ICU_demand,0,0,0,0,0,0,Surged Maintain Status Quo,Belize,BLZ,2020-07-04,v3
2020-06-02,ICU_incidence,0,0,0,0,0,0,Surged Maintain Status Quo,Belize,BLZ,2020-07-04,v3
2020-06-02,infections,0,0,0,0.18,0,4,Surged Maintain Status Quo,Belize,BLZ,2020-07-04,v3
2020-06-02,Rt,0.17,0.4,0.61,0.69,0.95,1.52,Surged Maintain Status Quo,Belize,BLZ,2020-07-04,v3
2020-06-02,cumulative_infections,266.28,934.75,1359.5,1579.24,1891.25,4784.4,Surged Relax Interventions 50%,Belize,BLZ,2020-07-04,v3
2020-06-02,deaths,0,0,0,0,0,0,Surged Relax Interventions 50%,Belize,BLZ,2020-07-04,v3
2020-06-02,hospital_demand,0,0,0,0.02,0,0,Surged Relax Interventions 50%,Belize,BLZ,2020-07-04,v3
2020-06-02,hospital_incidence,0,0,0,0,0,0,Surged Relax Interventions 50%,Belize,BLZ,2020-07-04,v3
2020-06-02,ICU_demand,0,0,0,0,0,0,Surged Relax Interventions 50%,Belize,BLZ,2020-07-04,v3
2020-06-02,ICU_incidence,0,0,0,0,0,0,Surged Relax Interventions 50%,Belize,BLZ,2020-07-04,v3
2020-06-02,infections,0,0,0,0.18,0,4,Surged Relax Interventions 50%,Belize,BLZ,2020-07-04,v3
2020-06-02,Rt,0.17,0.4,0.61,0.69,0.95,1.52,Surged Relax Interventions 50%,Belize,BLZ,2020-07-04,v3
2020-06-03,cumulative_infections,287.08,765.75,1477,1621.62,2169.25,4438.35,Additional 50% Reduction,Belize,BLZ,2020-07-04,v3
2020-06-03,deaths,0,0,0,0,0,0,Additional 50% Reduction,Belize,BLZ,2020-07-04,v3
2020-06-03,hospital_demand,0,0,0,0.06,0,1,Additional 50% Reduction,Belize,BLZ,2020-07-04,v3
2020-06-03,hospital_incidence,0,0,0,0,0,0,Additional 50% Reduction,Belize,BLZ,2020-07-04,v3
2020-06-03,ICU_demand,0,0,0,0,0,0,Additional 50% Reduction,Belize,BLZ,2020-07-04,v3
2020-06-03,ICU_incidence,0,0,0,0.01,0,0,Additional 50% Reduction,Belize,BLZ,2020-07-04,v3
2020-06-03,infections,0,0,0,0.22,0,1,Additional 50% Reduction,Belize,BLZ,2020-07-04,v3
2020-06-03,Rt,0.21,0.52,0.7,0.82,1.07,1.78,Additional 50% Reduction,Belize,BLZ,2020-07-04,v3
2020-06-03,cumulative_infections,287.08,765.75,1477,1621.62,2169.25,4438.35,Maintain Status Quo,Belize,BLZ,2020-07-04,v3
2020-06-03,deaths,0,0,0,0,0,0,Maintain Status Quo,Belize,BLZ,2020-07-04,v3
2020-06-03,hospital_demand,0,0,0,0.06,0,1,Maintain Status Quo,Belize,BLZ,2020-07-04,v3
2020-06-03,hospital_incidence,0,0,0,0,0,0,Maintain Status Quo,Belize,BLZ,2020-07-04,v3
2020-06-03,ICU_demand,0,0,0,0,0,0,Maintain Status Quo,Belize,BLZ,2020-07-04,v3
2020-06-03,ICU_incidence,0,0,0,0.01,0,0,Maintain Status Quo,Belize,BLZ,2020-07-04,v3
2020-06-03,infections,0,0,0,0.22,0,1,Maintain Status Quo,Belize,BLZ,2020-07-04,v3
2020-06-03,Rt,0.21,0.52,0.7,0.82,1.07,1.78,Maintain Status Quo,Belize,BLZ,2020-07-04,v3
2020-06-03,cumulative_infections,287.08,765.75,1477,1621.62,2169.25,4438.35,Relax Interventions 50%,Belize,BLZ,2020-07-04,v3
2020-06-03,deaths,0,0,0,0,0,0,Relax Interventions 50%,Belize,BLZ,2020-07-04,v3
2020-06-03,hospital_demand,0,0,0,0.06,0,1,Relax Interventions 50%,Belize,BLZ,2020-07-04,v3
2020-06-03,hospital_incidence,0,0,0,0,0,0,Relax Interventions 50%,Belize,BLZ,2020-07-04,v3
2020-06-03,ICU_demand,0,0,0,0,0,0,Relax Interventions 50%,Belize,BLZ,2020-07-04,v3
2020-06-03,ICU_incidence,0,0,0,0.01,0,0,Relax Interventions 50%,Belize,BLZ,2020-07-04,v3
2020-06-03,infections,0,0,0,0.22,0,1,Relax Interventions 50%,Belize,BLZ,2020-07-04,v3
2020-06-03,Rt,0.21,0.52,0.7,0.82,1.07,1.78,Relax Interventions 50%,Belize,BLZ,2020-07-04,v3
2020-06-03,cumulative_infections,266.28,934.75,1359.5,1579.37,1893.5,4784.4,Surged Additional 50% Reduction,Belize,BLZ,2020-07-04,v3
2020-06-03,deaths,0,0,0,0,0,0,Surged Additional 50% Reduction,Belize,BLZ,2020-07-04,v3
2020-06-03,hospital_demand,0,0,0,0.01,0,0,Surged Additional 50% Reduction,Belize,BLZ,2020-07-04,v3
2020-06-03,hospital_incidence,0,0,0,0,0,0,Surged Additional 50% Reduction,Belize,BLZ,2020-07-04,v3
2020-06-03,ICU_demand,0,0,0,0,0,0,Surged Additional 50% Reduction,Belize,BLZ,2020-07-04,v3
2020-06-03,ICU_incidence,0,0,0,0,0,0,Surged Additional 50% Reduction,Belize,BLZ,2020-07-04,v3
2020-06-03,infections,0,0,0,0.13,0,2.05,Surged Additional 50% Reduction,Belize,BLZ,2020-07-04,v3
2020-06-03,Rt,0.18,0.45,0.68,0.77,1.09,1.74,Surged Additional 50% Reduction,Belize,BLZ,2020-07-04,v3
2020-06-03,cumulative_infections,266.28,934.75,1359.5,1579.37,1893.5,4784.4,Surged Maintain Status Quo,Belize,BLZ,2020-07-04,v3
2020-06-03,deaths,0,0,0,0,0,0,Surged Maintain Status Quo,Belize,BLZ,2020-07-04,v3
2020-06-03,hospital_demand,0,0,0,0.01,0,0,Surged Maintain Status Quo,Belize,BLZ,2020-07-04,v3
2020-06-03,hospital_incidence,0,0,0,0,0,0,Surged Maintain Status Quo,Belize,BLZ,2020-07-04,v3
2020-06-03,ICU_demand,0,0,0,0,0,0,Surged Maintain Status Quo,Belize,BLZ,2020-07-04,v3
2020-06-03,ICU_incidence,0,0,0,0,0,0,Surged Maintain Status Quo,Belize,BLZ,2020-07-04,v3
2020-06-03,infections,0,0,0,0.13,0,2.05,Surged Maintain Status Quo,Belize,BLZ,2020-07-04,v3
2020-06-03,Rt,0.18,0.45,0.68,0.77,1.09,1.74,Surged Maintain Status Quo,Belize,BLZ,2020-07-04,v3
2020-06-03,cumulative_infections,266.28,934.75,1359.5,1579.37,1893.5,4784.4,Surged Relax Interventions 50%,Belize,BLZ,2020-07-04,v3
2020-06-03,deaths,0,0,0,0,0,0,Surged Relax Interventions 50%,Belize,BLZ,2020-07-04,v3
2020-06-03,hospital_demand,0,0,0,0.01,0,0,Surged Relax Interventions 50%,Belize,BLZ,2020-07-04,v3
2020-06-03,hospital_incidence,0,0,0,0,0,0,Surged Relax Interventions 50%,Belize,BLZ,2020-07-04,v3
2020-06-03,ICU_demand,0,0,0,0,0,0,Surged Relax Interventions 50%,Belize,BLZ,2020-07-04,v3
2020-06-03,ICU_incidence,0,0,0,0,0,0,Surged Relax Interventions 50%,Belize,BLZ,2020-07-04,v3
2020-06-03,infections,0,0,0,0.13,0,2.05,Surged Relax Interventions 50%,Belize,BLZ,2020-07-04,v3
2020-06-03,Rt,0.18,0.45,0.68,0.77,1.09,1.74,Surged Relax Interventions 50%,Belize,BLZ,2020-07-04,v3
2020-06-04,cumulative_infections,287.08,765.75,1477,1621.94,2169.25,4438.35,Additional 50% Reduction,Belize,BLZ,2020-07-04,v3
2020-06-04,deaths,0,0,0,0,0,0,Additional 50% Reduction,Belize,BLZ,2020-07-04,v3
2020-06-04,hospital_demand,0,0,0,0.06,0,1,Additional 50% Reduction,Belize,BLZ,2020-07-04,v3
2020-06-04,hospital_incidence,0,0,0,0,0,0,Additional 50% Reduction,Belize,BLZ,2020-07-04,v3
2020-06-04,ICU_demand,0,0,0,0,0,0,Additional 50% Reduction,Belize,BLZ,2020-07-04,v3
2020-06-04,ICU_incidence,0,0,0,0,0,0,Additional 50% Reduction,Belize,BLZ,2020-07-04,v3
2020-06-04,infections,0,0,0,0.32,0,1.52,Additional 50% Reduction,Belize,BLZ,2020-07-04,v3
2020-06-04,Rt,0.22,0.54,0.73,0.86,1.11,1.86,Additional 50% Reduction,Belize,BLZ,2020-07-04,v3
2020-06-04,cumulative_infections,287.08,765.75,1477,1621.94,2169.25,4438.35,Maintain Status Quo,Belize,BLZ,2020-07-04,v3
2020-06-04,deaths,0,0,0,0,0,0,Maintain Status Quo,Belize,BLZ,2020-07-04,v3
2020-06-04,hospital_demand,0,0,0,0.06,0,1,Maintain Status Quo,Belize,BLZ,2020-07-04,v3
2020-06-04,hospital_incidence,0,0,0,0,0,0,Maintain Status Quo,Belize,BLZ,2020-07-04,v3
2020-06-04,ICU_demand,0,0,0,0,0,0,Maintain Status Quo,Belize,BLZ,2020-07-04,v3
2020-06-04,ICU_incidence,0,0,0,0,0,0,Maintain Status Quo,Belize,BLZ,2020-07-04,v3
2020-06-04,infections,0,0,0,0.32,0,1.52,Maintain Status Quo,Belize,BLZ,2020-07-04,v3
2020-06-04,Rt,0.22,0.54,0.73,0.86,1.11,1.86,Maintain Status Quo,Belize,BLZ,2020-07-04,v3
2020-06-04,cumulative_infections,287.08,765.75,1477,1621.94,2169.25,4438.35,Relax Interventions 50%,Belize,BLZ,2020-07-04,v3
2020-06-04,deaths,0,0,0,0,0,0,Relax Interventions 50%,Belize,BLZ,2020-07-04,v3
2020-06-04,hospital_demand,0,0,0,0.06,0,1,Relax Interventions 50%,Belize,BLZ,2020-07-04,v3
2020-06-04,hospital_incidence,0,0,0,0,0,0,Relax Interventions 50%,Belize,BLZ,2020-07-04,v3
2020-06-04,ICU_demand,0,0,0,0,0,0,Relax Interventions 50%,Belize,BLZ,2020-07-04,v3
2020-06-04,ICU_incidence,0,0,0,0,0,0,Relax Interventions 50%,Belize,BLZ,2020-07-04,v3
2020-06-04,infections,0,0,0,0.32,0,1.52,Relax Interventions 50%,Belize,BLZ,2020-07-04,v3
2020-06-04,Rt,0.22,0.54,0.73,0.86,1.11,1.86,Relax Interventions 50%,Belize,BLZ,2020-07-04,v3
2020-06-04,cumulative_infections,266.28,934.75,1359.5,1579.55,1894.25,4784.4,Surged Additional 50% Reduction,Belize,BLZ,2020-07-04,v3
2020-06-04,deaths,0,0,0,0,0,0,Surged Additional 50% Reduction,Belize,BLZ,2020-07-04,v3
2020-06-04,hospital_demand,0,0,0,0.01,0,0,Surged Additional 50% Reduction,Belize,BLZ,2020-07-04,v3
2020-06-04,hospital_incidence,0,0,0,0,0,0,Surged Additional 50% Reduction,Belize,BLZ,2020-07-04,v3
2020-06-04,ICU_demand,0,0,0,0,0,0,Surged Additional 50% Reduction,Belize,BLZ,2020-07-04,v3
2020-06-04,ICU_incidence,0,0,0,0,0,0,Surged Additional 50% Reduction,Belize,BLZ,2020-07-04,v3
2020-06-04,infections,0,0,0,0.18,0,1,Surged Additional 50% Reduction,Belize,BLZ,2020-07-04,v3
2020-06-04,Rt,0.18,0.47,0.7,0.81,1.14,1.82,Surged Additional 50% Reduction,Belize,BLZ,2020-07-04,v3
2020-06-04,cumulative_infections,266.28,934.75,1359.5,1579.55,1894.25,4784.4,Surged Maintain Status Quo,Belize,BLZ,2020-07-04,v3
2020-06-04,deaths,0,0,0,0,0,0,Surged Maintain Status Quo,Belize,BLZ,2020-07-04,v3
2020-06-04,hospital_demand,0,0,0,0.01,0,0,Surged Maintain Status Quo,Belize,BLZ,2020-07-04,v3
2020-06-04,hospital_incidence,0,0,0,0,0,0,Surged Maintain Status Quo,Belize,BLZ,2020-07-04,v3
2020-06-04,ICU_demand,0,0,0,0,0,0,Surged Maintain Status Quo,Belize,BLZ,2020-07-04,v3
2020-06-04,ICU_incidence,0,0,0,0,0,0,Surged Maintain Status Quo,Belize,BLZ,2020-07-04,v3
2020-06-04,infections,0,0,0,0.18,0,1,Surged Maintain Status Quo,Belize,BLZ,2020-07-04,v3
2020-06-04,Rt,0.18,0.47,0.7,0.81,1.14,1.82,Surged Maintain Status Quo,Belize,BLZ,2020-07-04,v3
2020-06-04,cumulative_infections,266.28,934.75,1359.5,1579.55,1894.25,4784.4,Surged Relax Interventions 50%,Belize,BLZ,2020-07-04,v3
2020-06-04,deaths,0,0,0,0,0,0,Surged Relax Interventions 50%,Belize,BLZ,2020-07-04,v3
2020-06-04,hospital_demand,0,0,0,0.01,0,0,Surged Relax Interventions 50%,Belize,BLZ,2020-07-04,v3
2020-06-04,hospital_incidence,0,0,0,0,0,0,Surged Relax Interventions 50%,Belize,BLZ,2020-07-04,v3
2020-06-04,ICU_demand,0,0,0,0,0,0,Surged Relax Interventions 50%,Belize,BLZ,2020-07-04,v3
2020-06-04,ICU_incidence,0,0,0,0,0,0,Surged Relax Interventions 50%,Belize,BLZ,2020-07-04,v3
2020-06-04,infections,0,0,0,0.18,0,1,Surged Relax Interventions 50%,Belize,BLZ,2020-07-04,v3
2020-06-04,Rt,0.18,0.47,0.7,0.81,1.14,1.82,Surged Relax Interventions 50%,Belize,BLZ,2020-07-04,v3
2020-06-05,cumulative_infections,287.08,765.75,1477,1622.21,2169.5,4438.35,Additional 50% Reduction,Belize,BLZ,2020-07-04,v3
2020-06-05,deaths,0,0,0,0,0,0,Additional 50% Reduction,Belize,BLZ,2020-07-04,v3
2020-06-05,hospital_demand,0,0,0,0.05,0,1,Additional 50% Reduction,Belize,BLZ,2020-07-04,v3
2020-06-05,hospital_incidence,0,0,0,0,0,0,Additional 50% Reduction,Belize,BLZ,2020-07-04,v3
2020-06-05,ICU_demand,0,0,0,0,0,0,Additional 50% Reduction,Belize,BLZ,2020-07-04,v3
2020-06-05,ICU_incidence,0,0,0,0,0,0,Additional 50% Reduction,Belize,BLZ,2020-07-04,v3
2020-06-05,infections,0,0,0,0.27,0,1.52,Additional 50% Reduction,Belize,BLZ,2020-07-04,v3
2020-06-05,Rt,0.24,0.56,0.75,0.9,1.17,1.95,Additional 50% Reduction,Belize,BLZ,2020-07-04,v3
2020-06-05,cumulative_infections,287.08,765.75,1477,1622.21,2169.5,4438.35,Maintain Status Quo,Belize,BLZ,2020-07-04,v3
2020-06-05,deaths,0,0,0,0,0,0,Maintain Status Quo,Belize,BLZ,2020-07-04,v3
2020-06-05,hospital_demand,0,0,0,0.05,0,1,Maintain Status Quo,Belize,BLZ,2020-07-04,v3
2020-06-05,hospital_incidence,0,0,0,0,0,0,Maintain Status Quo,Belize,BLZ,2020-07-04,v3
2020-06-05,ICU_demand,0,0,0,0,0,0,Maintain Status Quo,Belize,BLZ,2020-07-04,v3
2020-06-05,ICU_incidence,0,0,0,0,0,0,Maintain Status Quo,Belize,BLZ,2020-07-04,v3
2020-06-05,infections,0,0,0,0.27,0,1.52,Maintain Status Quo,Belize,BLZ,2020-07-04,v3
2020-06-05,Rt,0.24,0.56,0.75,0.9,1.17,1.95,Maintain Status Quo,Belize,BLZ,2020-07-04,v3
2020-06-05,cumulative_infections,287.08,765.75,1477,1622.21,2169.5,4438.35,Relax Interventions 50%,Belize,BLZ,2020-07-04,v3
2020-06-05,deaths,0,0,0,0,0,0,Relax Interventions 50%,Belize,BLZ,2020-07-04,v3
2020-06-05,hospital_demand,0,0,0,0.05,0,1,Relax Interventions 50%,Belize,BLZ,2020-07-04,v3
2020-06-05,hospital_incidence,0,0,0,0,0,0,Relax Interventions 50%,Belize,BLZ,2020-07-04,v3
2020-06-05,ICU_demand,0,0,0,0,0,0,Relax Interventions 50%,Belize,BLZ,2020-07-04,v3
2020-06-05,ICU_incidence,0,0,0,0,0,0,Relax Interventions 50%,Belize,BLZ,2020-07-04,v3
2020-06-05,infections,0,0,0,0.27,0,1.52,Relax Interventions 50%,Belize,BLZ,2020-07-04,v3
2020-06-05,Rt,0.24,0.56,0.75,0.9,1.17,1.95,Relax Interventions 50%,Belize,BLZ,2020-07-04,v3
2020-06-05,cumulative_infections,266.28,934.75,1359.5,1579.74,1895.75,4784.4,Surged Additional 50% Reduction,Belize,BLZ,2020-07-04,v3
2020-06-05,deaths,0,0,0,0,0,0,Surged Additional 50% Reduction,Belize,BLZ,2020-07-04,v3
2020-06-05,hospital_demand,0,0,0,0.01,0,0,Surged Additional 50% Reduction,Belize,BLZ,2020-07-04,v3
2020-06-05,hospital_incidence,0,0,0,0,0,0,Surged Additional 50% Reduction,Belize,BLZ,2020-07-04,v3
2020-06-05,ICU_demand,0,0,0,0,0,0,Surged Additional 50% Reduction,Belize,BLZ,2020-07-04,v3
2020-06-05,ICU_incidence,0,0,0,0,0,0,Surged Additional 50% Reduction,Belize,BLZ,2020-07-04,v3
2020-06-05,infections,0,0,0,0.19,0,2,Surged Additional 50% Reduction,Belize,BLZ,2020-07-04,v3
2020-06-05,Rt,0.18,0.49,0.73,0.85,1.21,1.9,Surged Additional 50% Reduction,Belize,BLZ,2020-07-04,v3
2020-06-05,cumulative_infections,266.28,934.75,1359.5,1579.74,1895.75,4784.4,Surged Maintain Status Quo,Belize,BLZ,2020-07-04,v3
2020-06-05,deaths,0,0,0,0,0,0,Surged Maintain Status Quo,Belize,BLZ,2020-07-04,v3
2020-06-05,hospital_demand,0,0,0,0.01,0,0,Surged Maintain Status Quo,Belize,BLZ,2020-07-04,v3
2020-06-05,hospital_incidence,0,0,0,0,0,0,Surged Maintain Status Quo,Belize,BLZ,2020-07-04,v3
2020-06-05,ICU_demand,0,0,0,0,0,0,Surged Maintain Status Quo,Belize,BLZ,2020-07-04,v3
2020-06-05,ICU_incidence,0,0,0,0,0,0,Surged Maintain Status Quo,Belize,BLZ,2020-07-04,v3
2020-06-05,infections,0,0,0,0.19,0,2,Surged Maintain Status Quo,Belize,BLZ,2020-07-04,v3
2020-06-05,Rt,0.18,0.49,0.73,0.85,1.21,1.9,Surged Maintain Status Quo,Belize,BLZ,2020-07-04,v3
2020-06-05,cumulative_infections,266.28,934.75,1359.5,1579.74,1895.75,4784.4,Surged Relax Interventions 50%,Belize,BLZ,2020-07-04,v3
2020-06-05,deaths,0,0,0,0,0,0,Surged Relax Interventions 50%,Belize,BLZ,2020-07-04,v3
2020-06-05,hospital_demand,0,0,0,0.01,0,0,Surged Relax Interventions 50%,Belize,BLZ,2020-07-04,v3
2020-06-05,hospital_incidence,0,0,0,0,0,0,Surged Relax Interventions 50%,Belize,BLZ,2020-07-04,v3
2020-06-05,ICU_demand,0,0,0,0,0,0,Surged Relax Interventions 50%,Belize,BLZ,2020-07-04,v3
2020-06-05,ICU_incidence,0,0,0,0,0,0,Surged Relax Interventions 50%,Belize,BLZ,2020-07-04,v3
2020-06-05,infections,0,0,0,0.19,0,2,Surged Relax Interventions 50%,Belize,BLZ,2020-07-04,v3
2020-06-05,Rt,0.18,0.49,0.73,0.85,1.21,1.9,Surged Relax Interventions 50%,Belize,BLZ,2020-07-04,v3
2020-06-06,cumulative_infections,287.08,765.75,1477,1622.47,2169.5,4438.35,Additional 50% Reduction,Belize,BLZ,2020-07-04,v3
2020-06-06,deaths,0,0,0,0,0,0,Additional 50% Reduction,Belize,BLZ,2020-07-04,v3
2020-06-06,hospital_demand,0,0,0,0.03,0,0,Additional 50% Reduction,Belize,BLZ,2020-07-04,v3
2020-06-06,hospital_incidence,0,0,0,0,0,0,Additional 50% Reduction,Belize,BLZ,2020-07-04,v3
2020-06-06,ICU_demand,0,0,0,0,0,0,Additional 50% Reduction,Belize,BLZ,2020-07-04,v3
2020-06-06,ICU_incidence,0,0,0,0,0,0,Additional 50% Reduction,Belize,BLZ,2020-07-04,v3
2020-06-06,infections,0,0,0,0.26,0,2.52,Additional 50% Reduction,Belize,BLZ,2020-07-04,v3
2020-06-06,Rt,0.25,0.64,0.89,1.04,1.36,2.27,Additional 50% Reduction,Belize,BLZ,2020-07-04,v3
2020-06-06,cumulative_infections,287.08,765.75,1477,1622.47,2169.5,4438.35,Maintain Status Quo,Belize,BLZ,2020-07-04,v3
2020-06-06,deaths,0,0,0,0,0,0,Maintain Status Quo,Belize,BLZ,2020-07-04,v3
2020-06-06,hospital_demand,0,0,0,0.03,0,0,Maintain Status Quo,Belize,BLZ,2020-07-04,v3
2020-06-06,hospital_incidence,0,0,0,0,0,0,Maintain Status Quo,Belize,BLZ,2020-07-04,v3
2020-06-06,ICU_demand,0,0,0,0,0,0,Maintain Status Quo,Belize,BLZ,2020-07-04,v3
2020-06-06,ICU_incidence,0,0,0,0,0,0,Maintain Status Quo,Belize,BLZ,2020-07-04,v3
2020-06-06,infections,0,0,0,0.26,0,2.52,Maintain Status Quo,Belize,BLZ,2020-07-04,v3
2020-06-06,Rt,0.25,0.64,0.89,1.04,1.36,2.27,Maintain Status Quo,Belize,BLZ,2020-07-04,v3
2020-06-06,cumulative_infections,287.08,765.75,1477,1622.47,2169.5,4438.35,Relax Interventions 50%,Belize,BLZ,2020-07-04,v3
2020-06-06,deaths,0,0,0,0,0,0,Relax Interventions 50%,Belize,BLZ,2020-07-04,v3
2020-06-06,hospital_demand,0,0,0,0.03,0,0,Relax Interventions 50%,Belize,BLZ,2020-07-04,v3
2020-06-06,hospital_incidence,0,0,0,0,0,0,Relax Interventions 50%,Belize,BLZ,2020-07-04,v3
2020-06-06,ICU_demand,0,0,0,0,0,0,Relax Interventions 50%,Belize,BLZ,2020-07-04,v3
2020-06-06,ICU_incidence,0,0,0,0,0,0,Relax Interventions 50%,Belize,BLZ,2020-07-04,v3
2020-06-06,infections,0,0,0,0.26,0,2.52,Relax Interventions 50%,Belize,BLZ,2020-07-04,v3
2020-06-06,Rt,0.25,0.64,0.89,1.04,1.36,2.27,Relax Interventions 50%,Belize,BLZ,2020-07-04,v3
2020-06-06,cumulative_infections,266.28,934.75,1359.5,1579.93,1896.5,4784.4,Surged Additional 50% Reduction,Belize,BLZ,2020-07-04,v3
2020-06-06,deaths,0,0,0,0,0,0,Surged Additional 50% Reduction,Belize,BLZ,2020-07-04,v3
2020-06-06,hospital_demand,0,0,0,0.01,0,0,Surged Additional 50% Reduction,Belize,BLZ,2020-07-04,v3
2020-06-06,hospital_incidence,0,0,0,0,0,0,Surged Additional 50% Reduction,Belize,BLZ,2020-07-04,v3
2020-06-06,ICU_demand,0,0,0,0,0,0,Surged Additional 50% Reduction,Belize,BLZ,2020-07-04,v3
2020-06-06,ICU_incidence,0,0,0,0,0,0,Surged Additional 50% Reduction,Belize,BLZ,2020-07-04,v3
2020-06-06,infections,0,0,0,0.19,0,3.1,Surged Additional 50% Reduction,Belize,BLZ,2020-07-04,v3
2020-06-06,Rt,0.19,0.56,0.84,0.98,1.34,2.17,Surged Additional 50% Reduction,Belize,BLZ,2020-07-04,v3
2020-06-06,cumulative_infections,266.28,934.75,1359.5,1579.93,1896.5,4784.4,Surged Maintain Status Quo,Belize,BLZ,2020-07-04,v3
2020-06-06,deaths,0,0,0,0,0,0,Surged Maintain Status Quo,Belize,BLZ,2020-07-04,v3
2020-06-06,hospital_demand,0,0,0,0.01,0,0,Surged Maintain Status Quo,Belize,BLZ,2020-07-04,v3
2020-06-06,hospital_incidence,0,0,0,0,0,0,Surged Maintain Status Quo,Belize,BLZ,2020-07-04,v3
2020-06-06,ICU_demand,0,0,0,0,0,0,Surged Maintain Status Quo,Belize,BLZ,2020-07-04,v3
2020-06-06,ICU_incidence,0,0,0,0,0,0,Surged Maintain Status Quo,Belize,BLZ,2020-07-04,v3
2020-06-06,infections,0,0,0,0.19,0,3.1,Surged Maintain Status Quo,Belize,BLZ,2020-07-04,v3
2020-06-06,Rt,0.19,0.56,0.84,0.98,1.34,2.17,Surged Maintain Status Quo,Belize,BLZ,2020-07-04,v3
2020-06-06,cumulative_infections,266.28,934.75,1359.5,1579.93,1896.5,4784.4,Surged Relax Interventions 50%,Belize,BLZ,2020-07-04,v3
2020-06-06,deaths,0,0,0,0,0,0,Surged Relax Interventions 50%,Belize,BLZ,2020-07-04,v3
2020-06-06,hospital_demand,0,0,0,0.01,0,0,Surged Relax Interventions 50%,Belize,BLZ,2020-07-04,v3
2020-06-06,hospital_incidence,0,0,0,0,0,0,Surged Relax Interventions 50%,Belize,BLZ,2020-07-04,v3
2020-06-06,ICU_demand,0,0,0,0,0,0,Surged Relax Interventions 50%,Belize,BLZ,2020-07-04,v3
2020-06-06,ICU_incidence,0,0,0,0,0,0,Surged Relax Interventions 50%,Belize,BLZ,2020-07-04,v3
2020-06-06,infections,0,0,0,0.19,0,3.1,Surged Relax Interventions 50%,Belize,BLZ,2020-07-04,v3
2020-06-06,Rt,0.19,0.56,0.84,0.98,1.34,2.17,Surged Relax Interventions 50%,Belize,BLZ,2020-07-04,v3
2020-06-07,cumulative_infections,287.08,766.5,1477,1622.75,2169.5,4438.35,Additional 50% Reduction,Belize,BLZ,2020-07-04,v3
2020-06-07,deaths,0,0,0,0,0,0,Additional 50% Reduction,Belize,BLZ,2020-07-04,v3
2020-06-07,hospital_demand,0,0,0,0.03,0,0,Additional 50% Reduction,Belize,BLZ,2020-07-04,v3
2020-06-07,hospital_incidence,0,0,0,0,0,0,Additional 50% Reduction,Belize,BLZ,2020-07-04,v3
2020-06-07,ICU_demand,0,0,0,0,0,0,Additional 50% Reduction,Belize,BLZ,2020-07-04,v3
2020-06-07,ICU_incidence,0,0,0,0,0,0,Additional 50% Reduction,Belize,BLZ,2020-07-04,v3
2020-06-07,infections,0,0,0,0.28,0,1.52,Additional 50% Reduction,Belize,BLZ,2020-07-04,v3
2020-06-07,Rt,0.2,0.5,0.65,0.76,1,1.66,Additional 50% Reduction,Belize,BLZ,2020-07-04,v3
2020-06-07,cumulative_infections,287.08,766.5,1477,1622.75,2169.5,4438.35,Maintain Status Quo,Belize,BLZ,2020-07-04,v3
2020-06-07,deaths,0,0,0,0,0,0,Maintain Status Quo,Belize,BLZ,2020-07-04,v3
2020-06-07,hospital_demand,0,0,0,0.03,0,0,Maintain Status Quo,Belize,BLZ,2020-07-04,v3
2020-06-07,hospital_incidence,0,0,0,0,0,0,Maintain Status Quo,Belize,BLZ,2020-07-04,v3
2020-06-07,ICU_demand,0,0,0,0,0,0,Maintain Status Quo,Belize,BLZ,2020-07-04,v3
2020-06-07,ICU_incidence,0,0,0,0,0,0,Maintain Status Quo,Belize,BLZ,2020-07-04,v3
2020-06-07,infections,0,0,0,0.28,0,1.52,Maintain Status Quo,Belize,BLZ,2020-07-04,v3
2020-06-07,Rt,0.2,0.5,0.65,0.76,1,1.66,Maintain Status Quo,Belize,BLZ,2020-07-04,v3
2020-06-07,cumulative_infections,287.08,766.5,1477,1622.75,2169.5,4438.35,Relax Interventions 50%,Belize,BLZ,2020-07-04,v3
2020-06-07,deaths,0,0,0,0,0,0,Relax Interventions 50%,Belize,BLZ,2020-07-04,v3
2020-06-07,hospital_demand,0,0,0,0.03,0,0,Relax Interventions 50%,Belize,BLZ,2020-07-04,v3
2020-06-07,hospital_incidence,0,0,0,0,0,0,Relax Interventions 50%,Belize,BLZ,2020-07-04,v3
2020-06-07,ICU_demand,0,0,0,0,0,0,Relax Interventions 50%,Belize,BLZ,2020-07-04,v3
2020-06-07,ICU_incidence,0,0,0,0,0,0,Relax Interventions 50%,Belize,BLZ,2020-07-04,v3
2020-06-07,infections,0,0,0,0.28,0,1.52,Relax Interventions 50%,Belize,BLZ,2020-07-04,v3
2020-06-07,Rt,0.2,0.5,0.65,0.76,1,1.66,Relax Interventions 50%,Belize,BLZ,2020-07-04,v3
2020-06-07,cumulative_infections,266.28,934.75,1359.5,1580.1,1898,4784.4,Surged Additional 50% Reduction,Belize,BLZ,2020-07-04,v3
2020-06-07,deaths,0,0,0,0,0,0,Surged Additional 50% Reduction,Belize,BLZ,2020-07-04,v3
2020-06-07,hospital_demand,0,0,0,0.02,0,0,Surged Additional 50% Reduction,Belize,BLZ,2020-07-04,v3
2020-06-07,hospital_incidence,0,0,0,0,0,0,Surged Additional 50% Reduction,Belize,BLZ,2020-07-04,v3
2020-06-07,ICU_demand,0,0,0,0.01,0,0,Surged Additional 50% Reduction,Belize,BLZ,2020-07-04,v3
2020-06-07,ICU_incidence,0,0,0,0,0,0,Surged Additional 50% Reduction,Belize,BLZ,2020-07-04,v3
2020-06-07,infections,0,0,0,0.17,0,1.05,Surged Additional 50% Reduction,Belize,BLZ,2020-07-04,v3
2020-06-07,Rt,0.18,0.42,0.65,0.72,1,1.61,Surged Additional 50% Reduction,Belize,BLZ,2020-07-04,v3
2020-06-07,cumulative_infections,266.28,934.75,1359.5,1580.1,1898,4784.4,Surged Maintain Status Quo,Belize,BLZ,2020-07-04,v3
2020-06-07,deaths,0,0,0,0,0,0,Surged Maintain Status Quo,Belize,BLZ,2020-07-04,v3
2020-06-07,hospital_demand,0,0,0,0.02,0,0,Surged Maintain Status Quo,Belize,BLZ,2020-07-04,v3
2020-06-07,hospital_incidence,0,0,0,0,0,0,Surged Maintain Status Quo,Belize,BLZ,2020-07-04,v3
2020-06-07,ICU_demand,0,0,0,0.01,0,0,Surged Maintain Status Quo,Belize,BLZ,2020-07-04,v3
2020-06-07,ICU_incidence,0,0,0,0,0,0,Surged Maintain Status Quo,Belize,BLZ,2020-07-04,v3
2020-06-07,infections,0,0,0,0.17,0,1.05,Surged Maintain Status Quo,Belize,BLZ,2020-07-04,v3
2020-06-07,Rt,0.18,0.42,0.65,0.72,1,1.61,Surged Maintain Status Quo,Belize,BLZ,2020-07-04,v3
2020-06-07,cumulative_infections,266.28,934.75,1359.5,1580.1,1898,4784.4,Surged Relax Interventions 50%,Belize,BLZ,2020-07-04,v3
2020-06-07,deaths,0,0,0,0,0,0,Surged Relax Interventions 50%,Belize,BLZ,2020-07-04,v3
2020-06-07,hospital_demand,0,0,0,0.02,0,0,Surged Relax Interventions 50%,Belize,BLZ,2020-07-04,v3
2020-06-07,hospital_incidence,0,0,0,0,0,0,Surged Relax Interventions 50%,Belize,BLZ,2020-07-04,v3
2020-06-07,ICU_demand,0,0,0,0.01,0,0,Surged Relax Interventions 50%,Belize,BLZ,2020-07-04,v3
2020-06-07,ICU_incidence,0,0,0,0,0,0,Surged Relax Interventions 50%,Belize,BLZ,2020-07-04,v3
2020-06-07,infections,0,0,0,0.17,0,1.05,Surged Relax Interventions 50%,Belize,BLZ,2020-07-04,v3
2020-06-07,Rt,0.18,0.42,0.65,0.72,1,1.61,Surged Relax Interventions 50%,Belize,BLZ,2020-07-04,v3
2020-06-08,cumulative_infections,287.08,766.5,1477,1623.08,2169.75,4438.35,Additional 50% Reduction,Belize,BLZ,2020-07-04,v3
2020-06-08,deaths,0,0,0,0,0,0,Additional 50% Reduction,Belize,BLZ,2020-07-04,v3
2020-06-08,hospital_demand,0,0,0,0.03,0,0.52,Additional 50% Reduction,Belize,BLZ,2020-07-04,v3
2020-06-08,hospital_incidence,0,0,0,0,0,0,Additional 50% Reduction,Belize,BLZ,2020-07-04,v3
2020-06-08,ICU_demand,0,0,0,0.01,0,0,Additional 50% Reduction,Belize,BLZ,2020-07-04,v3
2020-06-08,ICU_incidence,0,0,0,0,0,0,Additional 50% Reduction,Belize,BLZ,2020-07-04,v3
2020-06-08,infections,0,0,0,0.33,0,1,Additional 50% Reduction,Belize,BLZ,2020-07-04,v3
2020-06-08,Rt,0.25,0.6,0.81,0.97,1.27,2.12,Additional 50% Reduction,Belize,BLZ,2020-07-04,v3
2020-06-08,cumulative_infections,287.08,766.5,1477,1623.08,2169.75,4438.35,Maintain Status Quo,Belize,BLZ,2020-07-04,v3
2020-06-08,deaths,0,0,0,0,0,0,Maintain Status Quo,Belize,BLZ,2020-07-04,v3
2020-06-08,hospital_demand,0,0,0,0.03,0,0.52,Maintain Status Quo,Belize,BLZ,2020-07-04,v3
2020-06-08,hospital_incidence,0,0,0,0,0,0,Maintain Status Quo,Belize,BLZ,2020-07-04,v3
2020-06-08,ICU_demand,0,0,0,0.01,0,0,Maintain Status Quo,Belize,BLZ,2020-07-04,v3
2020-06-08,ICU_incidence,0,0,0,0,0,0,Maintain Status Quo,Belize,BLZ,2020-07-04,v3
2020-06-08,infections,0,0,0,0.33,0,1,Maintain Status Quo,Belize,BLZ,2020-07-04,v3
2020-06-08,Rt,0.25,0.6,0.81,0.97,1.27,2.12,Maintain Status Quo,Belize,BLZ,2020-07-04,v3
2020-06-08,cumulative_infections,287.08,766.5,1477,1623.08,2169.75,4438.35,Relax Interventions 50%,Belize,BLZ,2020-07-04,v3
2020-06-08,deaths,0,0,0,0,0,0,Relax Interventions 50%,Belize,BLZ,2020-07-04,v3
2020-06-08,hospital_demand,0,0,0,0.03,0,0.52,Relax Interventions 50%,Belize,BLZ,2020-07-04,v3
2020-06-08,hospital_incidence,0,0,0,0,0,0,Relax Interventions 50%,Belize,BLZ,2020-07-04,v3
2020-06-08,ICU_demand,0,0,0,0.01,0,0,Relax Interventions 50%,Belize,BLZ,2020-07-04,v3
2020-06-08,ICU_incidence,0,0,0,0,0,0,Relax Interventions 50%,Belize,BLZ,2020-07-04,v3
2020-06-08,infections,0,0,0,0.33,0,1,Relax Interventions 50%,Belize,BLZ,2020-07-04,v3
2020-06-08,Rt,0.25,0.6,0.81,0.97,1.27,2.12,Relax Interventions 50%,Belize,BLZ,2020-07-04,v3
2020-06-08,cumulative_infections,266.28,934.75,1359.5,1580.32,1898.25,4784.4,Surged Additional 50% Reduction,Belize,BLZ,2020-07-04,v3
2020-06-08,deaths,0,0,0,0,0,0,Surged Additional 50% Reduction,Belize,BLZ,2020-07-04,v3
2020-06-08,hospital_demand,0,0,0,0.02,0,0,Surged Additional 50% Reduction,Belize,BLZ,2020-07-04,v3
2020-06-08,hospital_incidence,0,0,0,0.01,0,0,Surged Additional 50% Reduction,Belize,BLZ,2020-07-04,v3
2020-06-08,ICU_demand,0,0,0,0.01,0,0,Surged Additional 50% Reduction,Belize,BLZ,2020-07-04,v3
2020-06-08,ICU_incidence,0,0,0,0,0,0,Surged Additional 50% Reduction,Belize,BLZ,2020-07-04,v3
2020-06-08,infections,0,0,0,0.22,0,1,Surged Additional 50% Reduction,Belize,BLZ,2020-07-04,v3
2020-06-08,Rt,0.18,0.53,0.79,0.92,1.27,2.05,Surged Additional 50% Reduction,Belize,BLZ,2020-07-04,v3
2020-06-08,cumulative_infections,266.28,934.75,1359.5,1580.32,1898.25,4784.4,Surged Maintain Status Quo,Belize,BLZ,2020-07-04,v3
2020-06-08,deaths,0,0,0,0,0,0,Surged Maintain Status Quo,Belize,BLZ,2020-07-04,v3
2020-06-08,hospital_demand,0,0,0,0.02,0,0,Surged Maintain Status Quo,Belize,BLZ,2020-07-04,v3
2020-06-08,hospital_incidence,0,0,0,0.01,0,0,Surged Maintain Status Quo,Belize,BLZ,2020-07-04,v3
2020-06-08,ICU_demand,0,0,0,0.01,0,0,Surged Maintain Status Quo,Belize,BLZ,2020-07-04,v3
2020-06-08,ICU_incidence,0,0,0,0,0,0,Surged Maintain Status Quo,Belize,BLZ,2020-07-04,v3
2020-06-08,infections,0,0,0,0.22,0,1,Surged Maintain Status Quo,Belize,BLZ,2020-07-04,v3
2020-06-08,Rt,0.18,0.53,0.79,0.92,1.27,2.05,Surged Maintain Status Quo,Belize,BLZ,2020-07-04,v3
2020-06-08,cumulative_infections,266.28,934.75,1359.5,1580.32,1898.25,4784.4,Surged Relax Interventions 50%,Belize,BLZ,2020-07-04,v3
2020-06-08,deaths,0,0,0,0,0,0,Surged Relax Interventions 50%,Belize,BLZ,2020-07-04,v3
2020-06-08,hospital_demand,0,0,0,0.02,0,0,Surged Relax Interventions 50%,Belize,BLZ,2020-07-04,v3
2020-06-08,hospital_incidence,0,0,0,0.01,0,0,Surged Relax Interventions 50%,Belize,BLZ,2020-07-04,v3
2020-06-08,ICU_demand,0,0,0,0.01,0,0,Surged Relax Interventions 50%,Belize,BLZ,2020-07-04,v3
2020-06-08,ICU_incidence,0,0,0,0,0,0,Surged Relax Interventions 50%,Belize,BLZ,2020-07-04,v3
2020-06-08,infections,0,0,0,0.22,0,1,Surged Relax Interventions 50%,Belize,BLZ,2020-07-04,v3
2020-06-08,Rt,0.18,0.53,0.79,0.92,1.27,2.05,Surged Relax Interventions 50%,Belize,BLZ,2020-07-04,v3
2020-06-09,cumulative_infections,287.08,766.5,1477,1623.39,2170.5,4438.35,Additional 50% Reduction,Belize,BLZ,2020-07-04,v3
2020-06-09,deaths,0,0,0,0,0,0,Additional 50% Reduction,Belize,BLZ,2020-07-04,v3
2020-06-09,hospital_demand,0,0,0,0.01,0,0,Additional 50% Reduction,Belize,BLZ,2020-07-04,v3
2020-06-09,hospital_incidence,0,0,0,0,0,0,Additional 50% Reduction,Belize,BLZ,2020-07-04,v3
2020-06-09,ICU_demand,0,0,0,0.01,0,0,Additional 50% Reduction,Belize,BLZ,2020-07-04,v3
2020-06-09,ICU_incidence,0,0,0,0,0,0,Additional 50% Reduction,Belize,BLZ,2020-07-04,v3
2020-06-09,infections,0,0,0,0.31,0,2.05,Additional 50% Reduction,Belize,BLZ,2020-07-04,v3
2020-06-09,Rt,0.2,0.51,0.68,0.79,1.04,1.72,Additional 50% Reduction,Belize,BLZ,2020-07-04,v3
2020-06-09,cumulative_infections,287.08,766.5,1477,1623.39,2170.5,4438.35,Maintain Status Quo,Belize,BLZ,2020-07-04,v3
2020-06-09,deaths,0,0,0,0,0,0,Maintain Status Quo,Belize,BLZ,2020-07-04,v3
2020-06-09,hospital_demand,0,0,0,0.01,0,0,Maintain Status Quo,Belize,BLZ,2020-07-04,v3
2020-06-09,hospital_incidence,0,0,0,0,0,0,Maintain Status Quo,Belize,BLZ,2020-07-04,v3
2020-06-09,ICU_demand,0,0,0,0.01,0,0,Maintain Status Quo,Belize,BLZ,2020-07-04,v3
2020-06-09,ICU_incidence,0,0,0,0,0,0,Maintain Status Quo,Belize,BLZ,2020-07-04,v3
2020-06-09,infections,0,0,0,0.31,0,2.05,Maintain Status Quo,Belize,BLZ,2020-07-04,v3
2020-06-09,Rt,0.2,0.51,0.68,0.79,1.04,1.72,Maintain Status Quo,Belize,BLZ,2020-07-04,v3
2020-06-09,cumulative_infections,287.08,766.5,1477,1623.39,2170.5,4438.35,Relax Interventions 50%,Belize,BLZ,2020-07-04,v3
2020-06-09,deaths,0,0,0,0,0,0,Relax Interventions 50%,Belize,BLZ,2020-07-04,v3
2020-06-09,hospital_demand,0,0,0,0.01,0,0,Relax Interventions 50%,Belize,BLZ,2020-07-04,v3
2020-06-09,hospital_incidence,0,0,0,0,0,0,Relax Interventions 50%,Belize,BLZ,2020-07-04,v3
2020-06-09,ICU_demand,0,0,0,0.01,0,0,Relax Interventions 50%,Belize,BLZ,2020-07-04,v3
2020-06-09,ICU_incidence,0,0,0,0,0,0,Relax Interventions 50%,Belize,BLZ,2020-07-04,v3
2020-06-09,infections,0,0,0,0.31,0,2.05,Relax Interventions 50%,Belize,BLZ,2020-07-04,v3
2020-06-09,Rt,0.2,0.51,0.68,0.79,1.04,1.72,Relax Interventions 50%,Belize,BLZ,2020-07-04,v3
2020-06-09,cumulative_infections,266.28,934.75,1359.5,1580.49,1898.25,4784.4,Surged Additional 50% Reduction,Belize,BLZ,2020-07-04,v3
2020-06-09,deaths,0,0,0,0,0,0,Surged Additional 50% Reduction,Belize,BLZ,2020-07-04,v3
2020-06-09,hospital_demand,0,0,0,0.01,0,0,Surged Additional 50% Reduction,Belize,BLZ,2020-07-04,v3
2020-06-09,hospital_incidence,0,0,0,0,0,0,Surged Additional 50% Reduction,Belize,BLZ,2020-07-04,v3
2020-06-09,ICU_demand,0,0,0,0.01,0,0,Surged Additional 50% Reduction,Belize,BLZ,2020-07-04,v3
2020-06-09,ICU_incidence,0,0,0,0,0,0,Surged Additional 50% Reduction,Belize,BLZ,2020-07-04,v3
2020-06-09,infections,0,0,0,0.17,0,0.52,Surged Additional 50% Reduction,Belize,BLZ,2020-07-04,v3
2020-06-09,Rt,0.18,0.44,0.66,0.75,1.04,1.68,Surged Additional 50% Reduction,Belize,BLZ,2020-07-04,v3
2020-06-09,cumulative_infections,266.28,934.75,1359.5,1580.49,1898.25,4784.4,Surged Maintain Status Quo,Belize,BLZ,2020-07-04,v3
2020-06-09,deaths,0,0,0,0,0,0,Surged Maintain Status Quo,Belize,BLZ,2020-07-04,v3
2020-06-09,hospital_demand,0,0,0,0.01,0,0,Surged Maintain Status Quo,Belize,BLZ,2020-07-04,v3
2020-06-09,hospital_incidence,0,0,0,0,0,0,Surged Maintain Status Quo,Belize,BLZ,2020-07-04,v3
2020-06-09,ICU_demand,0,0,0,0.01,0,0,Surged Maintain Status Quo,Belize,BLZ,2020-07-04,v3
2020-06-09,ICU_incidence,0,0,0,0,0,0,Surged Maintain Status Quo,Belize,BLZ,2020-07-04,v3
2020-06-09,infections,0,0,0,0.17,0,0.52,Surged Maintain Status Quo,Belize,BLZ,2020-07-04,v3
2020-06-09,Rt,0.18,0.44,0.66,0.75,1.04,1.68,Surged Maintain Status Quo,Belize,BLZ,2020-07-04,v3
2020-06-09,cumulative_infections,266.28,934.75,1359.5,1580.49,1898.25,4784.4,Surged Relax Interventions 50%,Belize,BLZ,2020-07-04,v3
2020-06-09,deaths,0,0,0,0,0,0,Surged Relax Interventions 50%,Belize,BLZ,2020-07-04,v3
2020-06-09,hospital_demand,0,0,0,0.01,0,0,Surged Relax Interventions 50%,Belize,BLZ,2020-07-04,v3
2020-06-09,hospital_incidence,0,0,0,0,0,0,Surged Relax Interventions 50%,Belize,BLZ,2020-07-04,v3
2020-06-09,ICU_demand,0,0,0,0.01,0,0,Surged Relax Interventions 50%,Belize,BLZ,2020-07-04,v3
2020-06-09,ICU_incidence,0,0,0,0,0,0,Surged Relax Interventions 50%,Belize,BLZ,2020-07-04,v3
2020-06-09,infections,0,0,0,0.17,0,0.52,Surged Relax Interventions 50%,Belize,BLZ,2020-07-04,v3
2020-06-09,Rt,0.18,0.44,0.66,0.75,1.04,1.68,Surged Relax Interventions 50%,Belize,BLZ,2020-07-04,v3
2020-06-10,cumulative_infections,287.08,767.25,1477,1623.76,2171,4438.35,Additional 50% Reduction,Belize,BLZ,2020-07-04,v3
2020-06-10,deaths,0,0,0,0,0,0,Additional 50% Reduction,Belize,BLZ,2020-07-04,v3
2020-06-10,hospital_demand,0,0,0,0.04,0,0,Additional 50% Reduction,Belize,BLZ,2020-07-04,v3
2020-06-10,hospital_incidence,0,0,0,0,0,0,Additional 50% Reduction,Belize,BLZ,2020-07-04,v3
2020-06-10,ICU_demand,0,0,0,0.02,0,0,Additional 50% Reduction,Belize,BLZ,2020-07-04,v3
2020-06-10,ICU_incidence,0,0,0,0,0,0,Additional 50% Reduction,Belize,BLZ,2020-07-04,v3
2020-06-10,infections,0,0,0,0.37,0,2,Additional 50% Reduction,Belize,BLZ,2020-07-04,v3
2020-06-10,Rt,0.2,0.51,0.67,0.78,1.03,1.7,Additional 50% Reduction,Belize,BLZ,2020-07-04,v3
2020-06-10,cumulative_infections,287.08,767.25,1477,1623.76,2171,4438.35,Maintain Status Quo,Belize,BLZ,2020-07-04,v3
2020-06-10,deaths,0,0,0,0,0,0,Maintain Status Quo,Belize,BLZ,2020-07-04,v3
2020-06-10,hospital_demand,0,0,0,0.04,0,0,Maintain Status Quo,Belize,BLZ,2020-07-04,v3
2020-06-10,hospital_incidence,0,0,0,0,0,0,Maintain Status Quo,Belize,BLZ,2020-07-04,v3
2020-06-10,ICU_demand,0,0,0,0.02,0,0,Maintain Status Quo,Belize,BLZ,2020-07-04,v3
2020-06-10,ICU_incidence,0,0,0,0,0,0,Maintain Status Quo,Belize,BLZ,2020-07-04,v3
2020-06-10,infections,0,0,0,0.37,0,2,Maintain Status Quo,Belize,BLZ,2020-07-04,v3
2020-06-10,Rt,0.2,0.51,0.67,0.78,1.03,1.7,Maintain Status Quo,Belize,BLZ,2020-07-04,v3
2020-06-10,cumulative_infections,287.08,767.25,1477,1623.76,2171,4438.35,Relax Interventions 50%,Belize,BLZ,2020-07-04,v3
2020-06-10,deaths,0,0,0,0,0,0,Relax Interventions 50%,Belize,BLZ,2020-07-04,v3
2020-06-10,hospital_demand,0,0,0,0.04,0,0,Relax Interventions 50%,Belize,BLZ,2020-07-04,v3
2020-06-10,hospital_incidence,0,0,0,0,0,0,Relax Interventions 50%,Belize,BLZ,2020-07-04,v3
2020-06-10,ICU_demand,0,0,0,0.02,0,0,Relax Interventions 50%,Belize,BLZ,2020-07-04,v3
2020-06-10,ICU_incidence,0,0,0,0,0,0,Relax Interventions 50%,Belize,BLZ,2020-07-04,v3
2020-06-10,infections,0,0,0,0.37,0,2,Relax Interventions 50%,Belize,BLZ,2020-07-04,v3
2020-06-10,Rt,0.2,0.51,0.67,0.78,1.03,1.7,Relax Interventions 50%,Belize,BLZ,2020-07-04,v3
2020-06-10,cumulative_infections,266.28,934.75,1359.5,1580.69,1898.5,4784.4,Surged Additional 50% Reduction,Belize,BLZ,2020-07-04,v3
2020-06-10,deaths,0,0,0,0,0,0,Surged Additional 50% Reduction,Belize,BLZ,2020-07-04,v3
2020-06-10,hospital_demand,0,0,0,0.02,0,0,Surged Additional 50% Reduction,Belize,BLZ,2020-07-04,v3
2020-06-10,hospital_incidence,0,0,0,0,0,0,Surged Additional 50% Reduction,Belize,BLZ,2020-07-04,v3
2020-06-10,ICU_demand,0,0,0,0.01,0,0,Surged Additional 50% Reduction,Belize,BLZ,2020-07-04,v3
2020-06-10,ICU_incidence,0,0,0,0,0,0,Surged Additional 50% Reduction,Belize,BLZ,2020-07-04,v3
2020-06-10,infections,0,0,0,0.2,0,1,Surged Additional 50% Reduction,Belize,BLZ,2020-07-04,v3
2020-06-10,Rt,0.18,0.43,0.66,0.74,1.03,1.66,Surged Additional 50% Reduction,Belize,BLZ,2020-07-04,v3
2020-06-10,cumulative_infections,266.28,934.75,1359.5,1580.69,1898.5,4784.4,Surged Maintain Status Quo,Belize,BLZ,2020-07-04,v3
2020-06-10,deaths,0,0,0,0,0,0,Surged Maintain Status Quo,Belize,BLZ,2020-07-04,v3
2020-06-10,hospital_demand,0,0,0,0.02,0,0,Surged Maintain Status Quo,Belize,BLZ,2020-07-04,v3
2020-06-10,hospital_incidence,0,0,0,0,0,0,Surged Maintain Status Quo,Belize,BLZ,2020-07-04,v3
2020-06-10,ICU_demand,0,0,0,0.01,0,0,Surged Maintain Status Quo,Belize,BLZ,2020-07-04,v3
2020-06-10,ICU_incidence,0,0,0,0,0,0,Surged Maintain Status Quo,Belize,BLZ,2020-07-04,v3
2020-06-10,infections,0,0,0,0.2,0,1,Surged Maintain Status Quo,Belize,BLZ,2020-07-04,v3
2020-06-10,Rt,0.18,0.43,0.66,0.74,1.03,1.66,Surged Maintain Status Quo,Belize,BLZ,2020-07-04,v3
2020-06-10,cumulative_infections,266.28,934.75,1359.5,1580.69,1898.5,4784.4,Surged Relax Interventions 50%,Belize,BLZ,2020-07-04,v3
2020-06-10,deaths,0,0,0,0,0,0,Surged Relax Interventions 50%,Belize,BLZ,2020-07-04,v3
2020-06-10,hospital_demand,0,0,0,0.02,0,0,Surged Relax Interventions 50%,Belize,BLZ,2020-07-04,v3
2020-06-10,hospital_incidence,0,0,0,0,0,0,Surged Relax Interventions 50%,Belize,BLZ,2020-07-04,v3
2020-06-10,ICU_demand,0,0,0,0.01,0,0,Surged Relax Interventions 50%,Belize,BLZ,2020-07-04,v3
2020-06-10,ICU_incidence,0,0,0,0,0,0,Surged Relax Interventions 50%,Belize,BLZ,2020-07-04,v3
2020-06-10,infections,0,0,0,0.2,0,1,Surged Relax Interventions 50%,Belize,BLZ,2020-07-04,v3
2020-06-10,Rt,0.18,0.43,0.66,0.74,1.03,1.66,Surged Relax Interventions 50%,Belize,BLZ,2020-07-04,v3
2020-06-11,cumulative_infections,287.08,767.25,1477,1624.14,2171,4438.35,Additional 50% Reduction,Belize,BLZ,2020-07-04,v3
2020-06-11,deaths,0,0,0,0,0,0,Additional 50% Reduction,Belize,BLZ,2020-07-04,v3
2020-06-11,hospital_demand,0,0,0,0.04,0,0,Additional 50% Reduction,Belize,BLZ,2020-07-04,v3
2020-06-11,hospital_incidence,0,0,0,0,0,0,Additional 50% Reduction,Belize,BLZ,2020-07-04,v3
2020-06-11,ICU_demand,0,0,0,0.03,0,0,Additional 50% Reduction,Belize,BLZ,2020-07-04,v3
2020-06-11,ICU_incidence,0,0,0,0,0,0,Additional 50% Reduction,Belize,BLZ,2020-07-04,v3
2020-06-11,infections,0,0,0,0.38,0,3.05,Additional 50% Reduction,Belize,BLZ,2020-07-04,v3
2020-06-11,Rt,0.22,0.54,0.72,0.85,1.09,1.84,Additional 50% Reduction,Belize,BLZ,2020-07-04,v3
2020-06-11,cumulative_infections,287.08,767.25,1477,1624.14,2171,4438.35,Maintain Status Quo,Belize,BLZ,2020-07-04,v3
2020-06-11,deaths,0,0,0,0,0,0,Maintain Status Quo,Belize,BLZ,2020-07-04,v3
2020-06-11,hospital_demand,0,0,0,0.04,0,0,Maintain Status Quo,Belize,BLZ,2020-07-04,v3
2020-06-11,hospital_incidence,0,0,0,0,0,0,Maintain Status Quo,Belize,BLZ,2020-07-04,v3
2020-06-11,ICU_demand,0,0,0,0.03,0,0,Maintain Status Quo,Belize,BLZ,2020-07-04,v3
2020-06-11,ICU_incidence,0,0,0,0,0,0,Maintain Status Quo,Belize,BLZ,2020-07-04,v3
2020-06-11,infections,0,0,0,0.38,0,3.05,Maintain Status Quo,Belize,BLZ,2020-07-04,v3
2020-06-11,Rt,0.22,0.54,0.72,0.85,1.09,1.84,Maintain Status Quo,Belize,BLZ,2020-07-04,v3
2020-06-11,cumulative_infections,287.08,767.25,1477,1624.14,2171,4438.35,Relax Interventions 50%,Belize,BLZ,2020-07-04,v3
2020-06-11,deaths,0,0,0,0,0,0,Relax Interventions 50%,Belize,BLZ,2020-07-04,v3
2020-06-11,hospital_demand,0,0,0,0.04,0,0,Relax Interventions 50%,Belize,BLZ,2020-07-04,v3
2020-06-11,hospital_incidence,0,0,0,0,0,0,Relax Interventions 50%,Belize,BLZ,2020-07-04,v3
2020-06-11,ICU_demand,0,0,0,0.03,0,0,Relax Interventions 50%,Belize,BLZ,2020-07-04,v3
2020-06-11,ICU_incidence,0,0,0,0,0,0,Relax Interventions 50%,Belize,BLZ,2020-07-04,v3
2020-06-11,infections,0,0,0,0.38,0,3.05,Relax Interventions 50%,Belize,BLZ,2020-07-04,v3
2020-06-11,Rt,0.22,0.54,0.72,0.85,1.09,1.84,Relax Interventions 50%,Belize,BLZ,2020-07-04,v3
2020-06-11,cumulative_infections,266.28,934.75,1359.5,1580.93,1898.5,4784.4,Surged Additional 50% Reduction,Belize,BLZ,2020-07-04,v3
2020-06-11,deaths,0,0,0,0,0,0,Surged Additional 50% Reduction,Belize,BLZ,2020-07-04,v3
2020-06-11,hospital_demand,0,0,0,0.02,0,0,Surged Additional 50% Reduction,Belize,BLZ,2020-07-04,v3
2020-06-11,hospital_incidence,0,0,0,0,0,0,Surged Additional 50% Reduction,Belize,BLZ,2020-07-04,v3
2020-06-11,ICU_demand,0,0,0,0.01,0,0,Surged Additional 50% Reduction,Belize,BLZ,2020-07-04,v3
2020-06-11,ICU_incidence,0,0,0,0,0,0,Surged Additional 50% Reduction,Belize,BLZ,2020-07-04,v3
2020-06-11,infections,0,0,0,0.24,0,3.05,Surged Additional 50% Reduction,Belize,BLZ,2020-07-04,v3
2020-06-11,Rt,0.18,0.46,0.69,0.8,1.12,1.8,Surged Additional 50% Reduction,Belize,BLZ,2020-07-04,v3
2020-06-11,cumulative_infections,266.28,934.75,1359.5,1580.93,1898.5,4784.4,Surged Maintain Status Quo,Belize,BLZ,2020-07-04,v3
2020-06-11,deaths,0,0,0,0,0,0,Surged Maintain Status Quo,Belize,BLZ,2020-07-04,v3
2020-06-11,hospital_demand,0,0,0,0.02,0,0,Surged Maintain Status Quo,Belize,BLZ,2020-07-04,v3
2020-06-11,hospital_incidence,0,0,0,0,0,0,Surged Maintain Status Quo,Belize,BLZ,2020-07-04,v3
2020-06-11,ICU_demand,0,0,0,0.01,0,0,Surged Maintain Status Quo,Belize,BLZ,2020-07-04,v3
2020-06-11,ICU_incidence,0,0,0,0,0,0,Surged Maintain Status Quo,Belize,BLZ,2020-07-04,v3
2020-06-11,infections,0,0,0,0.24,0,3.05,Surged Maintain Status Quo,Belize,BLZ,2020-07-04,v3
2020-06-11,Rt,0.18,0.46,0.69,0.8,1.12,1.8,Surged Maintain Status Quo,Belize,BLZ,2020-07-04,v3
2020-06-11,cumulative_infections,266.28,934.75,1359.5,1580.93,1898.5,4784.4,Surged Relax Interventions 50%,Belize,BLZ,2020-07-04,v3
2020-06-11,deaths,0,0,0,0,0,0,Surged Relax Interventions 50%,Belize,BLZ,2020-07-04,v3
2020-06-11,hospital_demand,0,0,0,0.02,0,0,Surged Relax Interventions 50%,Belize,BLZ,2020-07-04,v3
2020-06-11,hospital_incidence,0,0,0,0,0,0,Surged Relax Interventions 50%,Belize,BLZ,2020-07-04,v3
2020-06-11,ICU_demand,0,0,0,0.01,0,0,Surged Relax Interventions 50%,Belize,BLZ,2020-07-04,v3
2020-06-11,ICU_incidence,0,0,0,0,0,0,Surged Relax Interventions 50%,Belize,BLZ,2020-07-04,v3
2020-06-11,infections,0,0,0,0.24,0,3.05,Surged Relax Interventions 50%,Belize,BLZ,2020-07-04,v3
2020-06-11,Rt,0.18,0.46,0.69,0.8,1.12,1.8,Surged Relax Interventions 50%,Belize,BLZ,2020-07-04,v3
2020-06-12,cumulative_infections,287.08,767.25,1477,1624.4,2171.25,4438.35,Additional 50% Reduction,Belize,BLZ,2020-07-04,v3
2020-06-12,deaths,0,0,0,0,0,0,Additional 50% Reduction,Belize,BLZ,2020-07-04,v3
2020-06-12,hospital_demand,0,0,0,0.04,0,0,Additional 50% Reduction,Belize,BLZ,2020-07-04,v3
2020-06-12,hospital_incidence,0,0,0,0,0,0,Additional 50% Reduction,Belize,BLZ,2020-07-04,v3
2020-06-12,ICU_demand,0,0,0,0.03,0,0,Additional 50% Reduction,Belize,BLZ,2020-07-04,v3
2020-06-12,ICU_incidence,0,0,0,0,0,0,Additional 50% Reduction,Belize,BLZ,2020-07-04,v3
2020-06-12,infections,0,0,0,0.26,0,1,Additional 50% Reduction,Belize,BLZ,2020-07-04,v3
2020-06-12,Rt,0.26,0.69,0.99,1.13,1.44,2.44,Additional 50% Reduction,Belize,BLZ,2020-07-04,v3
2020-06-12,cumulative_infections,287.08,767.25,1477,1624.4,2171.25,4438.35,Maintain Status Quo,Belize,BLZ,2020-07-04,v3
2020-06-12,deaths,0,0,0,0,0,0,Maintain Status Quo,Belize,BLZ,2020-07-04,v3
2020-06-12,hospital_demand,0,0,0,0.04,0,0,Maintain Status Quo,Belize,BLZ,2020-07-04,v3
2020-06-12,hospital_incidence,0,0,0,0,0,0,Maintain Status Quo,Belize,BLZ,2020-07-04,v3
2020-06-12,ICU_demand,0,0,0,0.03,0,0,Maintain Status Quo,Belize,BLZ,2020-07-04,v3
2020-06-12,ICU_incidence,0,0,0,0,0,0,Maintain Status Quo,Belize,BLZ,2020-07-04,v3
2020-06-12,infections,0,0,0,0.26,0,1,Maintain Status Quo,Belize,BLZ,2020-07-04,v3
2020-06-12,Rt,0.26,0.69,0.99,1.13,1.44,2.44,Maintain Status Quo,Belize,BLZ,2020-07-04,v3
2020-06-12,cumulative_infections,287.08,767.25,1477,1624.4,2171.25,4438.35,Relax Interventions 50%,Belize,BLZ,2020-07-04,v3
2020-06-12,deaths,0,0,0,0,0,0,Relax Interventions 50%,Belize,BLZ,2020-07-04,v3
2020-06-12,hospital_demand,0,0,0,0.04,0,0,Relax Interventions 50%,Belize,BLZ,2020-07-04,v3
2020-06-12,hospital_incidence,0,0,0,0,0,0,Relax Interventions 50%,Belize,BLZ,2020-07-04,v3
2020-06-12,ICU_demand,0,0,0,0.03,0,0,Relax Interventions 50%,Belize,BLZ,2020-07-04,v3
2020-06-12,ICU_incidence,0,0,0,0,0,0,Relax Interventions 50%,Belize,BLZ,2020-07-04,v3
2020-06-12,infections,0,0,0,0.26,0,1,Relax Interventions 50%,Belize,BLZ,2020-07-04,v3
2020-06-12,Rt,0.26,0.69,0.99,1.13,1.44,2.44,Relax Interventions 50%,Belize,BLZ,2020-07-04,v3
2020-06-12,cumulative_infections,266.28,934.75,1359.5,1581.12,1899,4784.4,Surged Additional 50% Reduction,Belize,BLZ,2020-07-04,v3
2020-06-12,deaths,0,0,0,0,0,0,Surged Additional 50% Reduction,Belize,BLZ,2020-07-04,v3
2020-06-12,hospital_demand,0,0,0,0.02,0,0,Surged Additional 50% Reduction,Belize,BLZ,2020-07-04,v3
2020-06-12,hospital_incidence,0,0,0,0,0,0,Surged Additional 50% Reduction,Belize,BLZ,2020-07-04,v3
2020-06-12,ICU_demand,0,0,0,0.01,0,0,Surged Additional 50% Reduction,Belize,BLZ,2020-07-04,v3
2020-06-12,ICU_incidence,0,0,0,0,0,0,Surged Additional 50% Reduction,Belize,BLZ,2020-07-04,v3
2020-06-12,infections,0,0,0,0.19,0,1.05,Surged Additional 50% Reduction,Belize,BLZ,2020-07-04,v3
2020-06-12,Rt,0.2,0.6,0.91,1.06,1.49,2.32,Surged Additional 50% Reduction,Belize,BLZ,2020-07-04,v3
2020-06-12,cumulative_infections,266.28,934.75,1359.5,1581.12,1899,4784.4,Surged Maintain Status Quo,Belize,BLZ,2020-07-04,v3
2020-06-12,deaths,0,0,0,0,0,0,Surged Maintain Status Quo,Belize,BLZ,2020-07-04,v3
2020-06-12,hospital_demand,0,0,0,0.02,0,0,Surged Maintain Status Quo,Belize,BLZ,2020-07-04,v3
2020-06-12,hospital_incidence,0,0,0,0,0,0,Surged Maintain Status Quo,Belize,BLZ,2020-07-04,v3
2020-06-12,ICU_demand,0,0,0,0.01,0,0,Surged Maintain Status Quo,Belize,BLZ,2020-07-04,v3
2020-06-12,ICU_incidence,0,0,0,0,0,0,Surged Maintain Status Quo,Belize,BLZ,2020-07-04,v3
2020-06-12,infections,0,0,0,0.19,0,1.05,Surged Maintain Status Quo,Belize,BLZ,2020-07-04,v3
2020-06-12,Rt,0.2,0.6,0.91,1.06,1.49,2.32,Surged Maintain Status Quo,Belize,BLZ,2020-07-04,v3
2020-06-12,cumulative_infections,266.28,934.75,1359.5,1581.12,1899,4784.4,Surged Relax Interventions 50%,Belize,BLZ,2020-07-04,v3
2020-06-12,deaths,0,0,0,0,0,0,Surged Relax Interventions 50%,Belize,BLZ,2020-07-04,v3
2020-06-12,hospital_demand,0,0,0,0.02,0,0,Surged Relax Interventions 50%,Belize,BLZ,2020-07-04,v3
2020-06-12,hospital_incidence,0,0,0,0,0,0,Surged Relax Interventions 50%,Belize,BLZ,2020-07-04,v3
2020-06-12,ICU_demand,0,0,0,0.01,0,0,Surged Relax Interventions 50%,Belize,BLZ,2020-07-04,v3
2020-06-12,ICU_incidence,0,0,0,0,0,0,Surged Relax Interventions 50%,Belize,BLZ,2020-07-04,v3
2020-06-12,infections,0,0,0,0.19,0,1.05,Surged Relax Interventions 50%,Belize,BLZ,2020-07-04,v3
2020-06-12,Rt,0.2,0.6,0.91,1.06,1.49,2.32,Surged Relax Interventions 50%,Belize,BLZ,2020-07-04,v3
2020-06-13,cumulative_infections,287.08,767.25,1477,1624.82,2172,4438.35,Additional 50% Reduction,Belize,BLZ,2020-07-04,v3
2020-06-13,deaths,0,0,0,0,0,0,Additional 50% Reduction,Belize,BLZ,2020-07-04,v3
2020-06-13,hospital_demand,0,0,0,0.04,0,0,Additional 50% Reduction,Belize,BLZ,2020-07-04,v3
2020-06-13,hospital_incidence,0,0,0,0,0,0,Additional 50% Reduction,Belize,BLZ,2020-07-04,v3
2020-06-13,ICU_demand,0,0,0,0.03,0,0,Additional 50% Reduction,Belize,BLZ,2020-07-04,v3
2020-06-13,ICU_incidence,0,0,0,0,0,0,Additional 50% Reduction,Belize,BLZ,2020-07-04,v3
2020-06-13,infections,0,0,0,0.42,0,3.52,Additional 50% Reduction,Belize,BLZ,2020-07-04,v3
2020-06-13,Rt,0.28,0.83,1.28,1.44,1.88,3.07,Additional 50% Reduction,Belize,BLZ,2020-07-04,v3
2020-06-13,cumulative_infections,287.08,767.25,1477,1624.82,2172,4438.35,Maintain Status Quo,Belize,BLZ,2020-07-04,v3
2020-06-13,deaths,0,0,0,0,0,0,Maintain Status Quo,Belize,BLZ,2020-07-04,v3
2020-06-13,hospital_demand,0,0,0,0.04,0,0,Maintain Status Quo,Belize,BLZ,2020-07-04,v3
2020-06-13,hospital_incidence,0,0,0,0,0,0,Maintain Status Quo,Belize,BLZ,2020-07-04,v3
2020-06-13,ICU_demand,0,0,0,0.03,0,0,Maintain Status Quo,Belize,BLZ,2020-07-04,v3
2020-06-13,ICU_incidence,0,0,0,0,0,0,Maintain Status Quo,Belize,BLZ,2020-07-04,v3
2020-06-13,infections,0,0,0,0.42,0,3.52,Maintain Status Quo,Belize,BLZ,2020-07-04,v3
2020-06-13,Rt,0.28,0.83,1.28,1.44,1.88,3.07,Maintain Status Quo,Belize,BLZ,2020-07-04,v3
2020-06-13,cumulative_infections,287.08,767.25,1477,1624.82,2172,4438.35,Relax Interventions 50%,Belize,BLZ,2020-07-04,v3
2020-06-13,deaths,0,0,0,0,0,0,Relax Interventions 50%,Belize,BLZ,2020-07-04,v3
2020-06-13,hospital_demand,0,0,0,0.04,0,0,Relax Interventions 50%,Belize,BLZ,2020-07-04,v3
2020-06-13,hospital_incidence,0,0,0,0,0,0,Relax Interventions 50%,Belize,BLZ,2020-07-04,v3
2020-06-13,ICU_demand,0,0,0,0.03,0,0,Relax Interventions 50%,Belize,BLZ,2020-07-04,v3
2020-06-13,ICU_incidence,0,0,0,0,0,0,Relax Interventions 50%,Belize,BLZ,2020-07-04,v3
2020-06-13,infections,0,0,0,0.42,0,3.52,Relax Interventions 50%,Belize,BLZ,2020-07-04,v3
2020-06-13,Rt,0.28,0.83,1.28,1.44,1.88,3.07,Relax Interventions 50%,Belize,BLZ,2020-07-04,v3
2020-06-13,cumulative_infections,266.28,934.75,1359.5,1581.36,1899,4784.4,Surged Additional 50% Reduction,Belize,BLZ,2020-07-04,v3
2020-06-13,deaths,0,0,0,0,0,0,Surged Additional 50% Reduction,Belize,BLZ,2020-07-04,v3
2020-06-13,hospital_demand,0,0,0,0.02,0,0,Surged Additional 50% Reduction,Belize,BLZ,2020-07-04,v3
2020-06-13,hospital_incidence,0,0,0,0,0,0,Surged Additional 50% Reduction,Belize,BLZ,2020-07-04,v3
2020-06-13,ICU_demand,0,0,0,0.01,0,0,Surged Additional 50% Reduction,Belize,BLZ,2020-07-04,v3
2020-06-13,ICU_incidence,0,0,0,0,0,0,Surged Additional 50% Reduction,Belize,BLZ,2020-07-04,v3
2020-06-13,infections,0,0,0,0.24,0,2.57,Surged Additional 50% Reduction,Belize,BLZ,2020-07-04,v3
2020-06-13,Rt,0.22,0.74,1.17,1.36,2.08,3.05,Surged Additional 50% Reduction,Belize,BLZ,2020-07-04,v3
2020-06-13,cumulative_infections,266.28,934.75,1359.5,1581.36,1899,4784.4,Surged Maintain Status Quo,Belize,BLZ,2020-07-04,v3
2020-06-13,deaths,0,0,0,0,0,0,Surged Maintain Status Quo,Belize,BLZ,2020-07-04,v3
2020-06-13,hospital_demand,0,0,0,0.02,0,0,Surged Maintain Status Quo,Belize,BLZ,2020-07-04,v3
2020-06-13,hospital_incidence,0,0,0,0,0,0,Surged Maintain Status Quo,Belize,BLZ,2020-07-04,v3
2020-06-13,ICU_demand,0,0,0,0.01,0,0,Surged Maintain Status Quo,Belize,BLZ,2020-07-04,v3
2020-06-13,ICU_incidence,0,0,0,0,0,0,Surged Maintain Status Quo,Belize,BLZ,2020-07-04,v3
2020-06-13,infections,0,0,0,0.24,0,2.57,Surged Maintain Status Quo,Belize,BLZ,2020-07-04,v3
2020-06-13,Rt,0.22,0.74,1.17,1.36,2.08,3.05,Surged Maintain Status Quo,Belize,BLZ,2020-07-04,v3
2020-06-13,cumulative_infections,266.28,934.75,1359.5,1581.36,1899,4784.4,Surged Relax Interventions 50%,Belize,BLZ,2020-07-04,v3
2020-06-13,deaths,0,0,0,0,0,0,Surged Relax Interventions 50%,Belize,BLZ,2020-07-04,v3
2020-06-13,hospital_demand,0,0,0,0.02,0,0,Surged Relax Interventions 50%,Belize,BLZ,2020-07-04,v3
2020-06-13,hospital_incidence,0,0,0,0,0,0,Surged Relax Interventions 50%,Belize,BLZ,2020-07-04,v3
2020-06-13,ICU_demand,0,0,0,0.01,0,0,Surged Relax Interventions 50%,Belize,BLZ,2020-07-04,v3
2020-06-13,ICU_incidence,0,0,0,0,0,0,Surged Relax Interventions 50%,Belize,BLZ,2020-07-04,v3
2020-06-13,infections,0,0,0,0.24,0,2.57,Surged Relax Interventions 50%,Belize,BLZ,2020-07-04,v3
2020-06-13,Rt,0.22,0.74,1.17,1.36,2.08,3.05,Surged Relax Interventions 50%,Belize,BLZ,2020-07-04,v3
2020-06-14,cumulative_infections,287.08,767.25,1477,1625.25,2172.25,4438.35,Additional 50% Reduction,Belize,BLZ,2020-07-04,v3
2020-06-14,deaths,0,0,0,0,0,0,Additional 50% Reduction,Belize,BLZ,2020-07-04,v3
2020-06-14,hospital_demand,0,0,0,0.05,0,0,Additional 50% Reduction,Belize,BLZ,2020-07-04,v3
2020-06-14,hospital_incidence,0,0,0,0,0,0,Additional 50% Reduction,Belize,BLZ,2020-07-04,v3
2020-06-14,ICU_demand,0,0,0,0.03,0,0,Additional 50% Reduction,Belize,BLZ,2020-07-04,v3
2020-06-14,ICU_incidence,0,0,0,0,0,0,Additional 50% Reduction,Belize,BLZ,2020-07-04,v3
2020-06-14,infections,0,0,0,0.43,0,3.62,Additional 50% Reduction,Belize,BLZ,2020-07-04,v3
2020-06-14,Rt,0.25,0.63,0.87,1.02,1.33,2.22,Additional 50% Reduction,Belize,BLZ,2020-07-04,v3
2020-06-14,cumulative_infections,287.08,767.25,1477,1625.25,2172.25,4438.35,Maintain Status Quo,Belize,BLZ,2020-07-04,v3
2020-06-14,deaths,0,0,0,0,0,0,Maintain Status Quo,Belize,BLZ,2020-07-04,v3
2020-06-14,hospital_demand,0,0,0,0.05,0,0,Maintain Status Quo,Belize,BLZ,2020-07-04,v3
2020-06-14,hospital_incidence,0,0,0,0,0,0,Maintain Status Quo,Belize,BLZ,2020-07-04,v3
2020-06-14,ICU_demand,0,0,0,0.03,0,0,Maintain Status Quo,Belize,BLZ,2020-07-04,v3
2020-06-14,ICU_incidence,0,0,0,0,0,0,Maintain Status Quo,Belize,BLZ,2020-07-04,v3
2020-06-14,infections,0,0,0,0.43,0,3.62,Maintain Status Quo,Belize,BLZ,2020-07-04,v3
2020-06-14,Rt,0.25,0.63,0.87,1.02,1.33,2.22,Maintain Status Quo,Belize,BLZ,2020-07-04,v3
2020-06-14,cumulative_infections,287.08,767.25,1477,1625.25,2172.25,4438.35,Relax Interventions 50%,Belize,BLZ,2020-07-04,v3
2020-06-14,deaths,0,0,0,0,0,0,Relax Interventions 50%,Belize,BLZ,2020-07-04,v3
2020-06-14,hospital_demand,0,0,0,0.05,0,0,Relax Interventions 50%,Belize,BLZ,2020-07-04,v3
2020-06-14,hospital_incidence,0,0,0,0,0,0,Relax Interventions 50%,Belize,BLZ,2020-07-04,v3
2020-06-14,ICU_demand,0,0,0,0.03,0,0,Relax Interventions 50%,Belize,BLZ,2020-07-04,v3
2020-06-14,ICU_incidence,0,0,0,0,0,0,Relax Interventions 50%,Belize,BLZ,2020-07-04,v3
2020-06-14,infections,0,0,0,0.43,0,3.62,Relax Interventions 50%,Belize,BLZ,2020-07-04,v3
2020-06-14,Rt,0.25,0.63,0.87,1.02,1.33,2.22,Relax Interventions 50%,Belize,BLZ,2020-07-04,v3
2020-06-14,cumulative_infections,266.28,934.75,1359.5,1581.62,1899,4784.4,Surged Additional 50% Reduction,Belize,BLZ,2020-07-04,v3
2020-06-14,deaths,0,0,0,0,0,0,Surged Additional 50% Reduction,Belize,BLZ,2020-07-04,v3
2020-06-14,hospital_demand,0,0,0,0.02,0,0,Surged Additional 50% Reduction,Belize,BLZ,2020-07-04,v3
2020-06-14,hospital_incidence,0,0,0,0,0,0,Surged Additional 50% Reduction,Belize,BLZ,2020-07-04,v3
2020-06-14,ICU_demand,0,0,0,0.01,0,0,Surged Additional 50% Reduction,Belize,BLZ,2020-07-04,v3
2020-06-14,ICU_incidence,0,0,0,0,0,0,Surged Additional 50% Reduction,Belize,BLZ,2020-07-04,v3
2020-06-14,infections,0,0,0,0.26,0,2,Surged Additional 50% Reduction,Belize,BLZ,2020-07-04,v3
2020-06-14,Rt,0.19,0.56,0.82,0.96,1.31,2.13,Surged Additional 50% Reduction,Belize,BLZ,2020-07-04,v3
2020-06-14,cumulative_infections,266.28,934.75,1359.5,1581.62,1899,4784.4,Surged Maintain Status Quo,Belize,BLZ,2020-07-04,v3
2020-06-14,deaths,0,0,0,0,0,0,Surged Maintain Status Quo,Belize,BLZ,2020-07-04,v3
2020-06-14,hospital_demand,0,0,0,0.02,0,0,Surged Maintain Status Quo,Belize,BLZ,2020-07-04,v3
2020-06-14,hospital_incidence,0,0,0,0,0,0,Surged Maintain Status Quo,Belize,BLZ,2020-07-04,v3
2020-06-14,ICU_demand,0,0,0,0.01,0,0,Surged Maintain Status Quo,Belize,BLZ,2020-07-04,v3
2020-06-14,ICU_incidence,0,0,0,0,0,0,Surged Maintain Status Quo,Belize,BLZ,2020-07-04,v3
2020-06-14,infections,0,0,0,0.26,0,2,Surged Maintain Status Quo,Belize,BLZ,2020-07-04,v3
2020-06-14,Rt,0.19,0.56,0.82,0.96,1.31,2.13,Surged Maintain Status Quo,Belize,BLZ,2020-07-04,v3
2020-06-14,cumulative_infections,266.28,934.75,1359.5,1581.62,1899,4784.4,Surged Relax Interventions 50%,Belize,BLZ,2020-07-04,v3
2020-06-14,deaths,0,0,0,0,0,0,Surged Relax Interventions 50%,Belize,BLZ,2020-07-04,v3
2020-06-14,hospital_demand,0,0,0,0.02,0,0,Surged Relax Interventions 50%,Belize,BLZ,2020-07-04,v3
2020-06-14,hospital_incidence,0,0,0,0,0,0,Surged Relax Interventions 50%,Belize,BLZ,2020-07-04,v3
2020-06-14,ICU_demand,0,0,0,0.01,0,0,Surged Relax Interventions 50%,Belize,BLZ,2020-07-04,v3
2020-06-14,ICU_incidence,0,0,0,0,0,0,Surged Relax Interventions 50%,Belize,BLZ,2020-07-04,v3
2020-06-14,infections,0,0,0,0.26,0,2,Surged Relax Interventions 50%,Belize,BLZ,2020-07-04,v3
2020-06-14,Rt,0.19,0.56,0.82,0.96,1.31,2.13,Surged Relax Interventions 50%,Belize,BLZ,2020-07-04,v3
2020-06-15,cumulative_infections,287.08,767.25,1477,1625.72,2172.25,4438.35,Additional 50% Reduction,Belize,BLZ,2020-07-04,v3
2020-06-15,deaths,0,0,0,0,0,0,Additional 50% Reduction,Belize,BLZ,2020-07-04,v3
2020-06-15,hospital_demand,0,0,0,0.04,0,0,Additional 50% Reduction,Belize,BLZ,2020-07-04,v3
2020-06-15,hospital_incidence,0,0,0,0,0,0,Additional 50% Reduction,Belize,BLZ,2020-07-04,v3
2020-06-15,ICU_demand,0,0,0,0.03,0,0,Additional 50% Reduction,Belize,BLZ,2020-07-04,v3
2020-06-15,ICU_incidence,0,0,0,0,0,0,Additional 50% Reduction,Belize,BLZ,2020-07-04,v3
2020-06-15,infections,0,0,0,0.47,0,2.05,Additional 50% Reduction,Belize,BLZ,2020-07-04,v3
2020-06-15,Rt,0.26,0.7,1.03,1.15,1.46,2.49,Additional 50% Reduction,Belize,BLZ,2020-07-04,v3
2020-06-15,cumulative_infections,287.08,767.25,1477,1625.72,2172.25,4438.35,Maintain Status Quo,Belize,BLZ,2020-07-04,v3
2020-06-15,deaths,0,0,0,0,0,0,Maintain Status Quo,Belize,BLZ,2020-07-04,v3
2020-06-15,hospital_demand,0,0,0,0.04,0,0,Maintain Status Quo,Belize,BLZ,2020-07-04,v3
2020-06-15,hospital_incidence,0,0,0,0,0,0,Maintain Status Quo,Belize,BLZ,2020-07-04,v3
2020-06-15,ICU_demand,0,0,0,0.03,0,0,Maintain Status Quo,Belize,BLZ,2020-07-04,v3
2020-06-15,ICU_incidence,0,0,0,0,0,0,Maintain Status Quo,Belize,BLZ,2020-07-04,v3
2020-06-15,infections,0,0,0,0.47,0,2.05,Maintain Status Quo,Belize,BLZ,2020-07-04,v3
2020-06-15,Rt,0.26,0.7,1.03,1.15,1.46,2.49,Maintain Status Quo,Belize,BLZ,2020-07-04,v3
2020-06-15,cumulative_infections,287.08,767.25,1477,1625.72,2172.25,4438.35,Relax Interventions 50%,Belize,BLZ,2020-07-04,v3
2020-06-15,deaths,0,0,0,0,0,0,Relax Interventions 50%,Belize,BLZ,2020-07-04,v3
2020-06-15,hospital_demand,0,0,0,0.04,0,0,Relax Interventions 50%,Belize,BLZ,2020-07-04,v3
2020-06-15,hospital_incidence,0,0,0,0,0,0,Relax Interventions 50%,Belize,BLZ,2020-07-04,v3
2020-06-15,ICU_demand,0,0,0,0.03,0,0,Relax Interventions 50%,Belize,BLZ,2020-07-04,v3
2020-06-15,ICU_incidence,0,0,0,0,0,0,Relax Interventions 50%,Belize,BLZ,2020-07-04,v3
2020-06-15,infections,0,0,0,0.47,0,2.05,Relax Interventions 50%,Belize,BLZ,2020-07-04,v3
2020-06-15,Rt,0.26,0.7,1.03,1.15,1.46,2.49,Relax Interventions 50%,Belize,BLZ,2020-07-04,v3
2020-06-15,cumulative_infections,266.28,934.75,1359.5,1581.86,1899.75,4784.4,Surged Additional 50% Reduction,Belize,BLZ,2020-07-04,v3
2020-06-15,deaths,0,0,0,0,0,0,Surged Additional 50% Reduction,Belize,BLZ,2020-07-04,v3
2020-06-15,hospital_demand,0,0,0,0.02,0,0,Surged Additional 50% Reduction,Belize,BLZ,2020-07-04,v3
2020-06-15,hospital_incidence,0,0,0,0,0,0,Surged Additional 50% Reduction,Belize,BLZ,2020-07-04,v3
2020-06-15,ICU_demand,0,0,0,0.01,0,0,Surged Additional 50% Reduction,Belize,BLZ,2020-07-04,v3
2020-06-15,ICU_incidence,0,0,0,0,0,0,Surged Additional 50% Reduction,Belize,BLZ,2020-07-04,v3
2020-06-15,infections,0,0,0,0.24,0,3,Surged Additional 50% Reduction,Belize,BLZ,2020-07-04,v3
2020-06-15,Rt,0.2,0.61,0.93,1.08,1.53,2.36,Surged Additional 50% Reduction,Belize,BLZ,2020-07-04,v3
2020-06-15,cumulative_infections,266.28,934.75,1359.5,1581.86,1899.75,4784.4,Surged Maintain Status Quo,Belize,BLZ,2020-07-04,v3
2020-06-15,deaths,0,0,0,0,0,0,Surged Maintain Status Quo,Belize,BLZ,2020-07-04,v3
2020-06-15,hospital_demand,0,0,0,0.02,0,0,Surged Maintain Status Quo,Belize,BLZ,2020-07-04,v3
2020-06-15,hospital_incidence,0,0,0,0,0,0,Surged Maintain Status Quo,Belize,BLZ,2020-07-04,v3
2020-06-15,ICU_demand,0,0,0,0.01,0,0,Surged Maintain Status Quo,Belize,BLZ,2020-07-04,v3
2020-06-15,ICU_incidence,0,0,0,0,0,0,Surged Maintain Status Quo,Belize,BLZ,2020-07-04,v3
2020-06-15,infections,0,0,0,0.24,0,3,Surged Maintain Status Quo,Belize,BLZ,2020-07-04,v3
2020-06-15,Rt,0.2,0.61,0.93,1.08,1.53,2.36,Surged Maintain Status Quo,Belize,BLZ,2020-07-04,v3
2020-06-15,cumulative_infections,266.28,934.75,1359.5,1581.86,1899.75,4784.4,Surged Relax Interventions 50%,Belize,BLZ,2020-07-04,v3
2020-06-15,deaths,0,0,0,0,0,0,Surged Relax Interventions 50%,Belize,BLZ,2020-07-04,v3
2020-06-15,hospital_demand,0,0,0,0.02,0,0,Surged Relax Interventions 50%,Belize,BLZ,2020-07-04,v3
2020-06-15,hospital_incidence,0,0,0,0,0,0,Surged Relax Interventions 50%,Belize,BLZ,2020-07-04,v3
2020-06-15,ICU_demand,0,0,0,0.01,0,0,Surged Relax Interventions 50%,Belize,BLZ,2020-07-04,v3
2020-06-15,ICU_incidence,0,0,0,0,0,0,Surged Relax Interventions 50%,Belize,BLZ,2020-07-04,v3
2020-06-15,infections,0,0,0,0.24,0,3,Surged Relax Interventions 50%,Belize,BLZ,2020-07-04,v3
2020-06-15,Rt,0.2,0.61,0.93,1.08,1.53,2.36,Surged Relax Interventions 50%,Belize,BLZ,2020-07-04,v3
2020-06-16,cumulative_infections,287.08,767.25,1477,1626.16,2172.25,4438.35,Additional 50% Reduction,Belize,BLZ,2020-07-04,v3
2020-06-16,deaths,0,0,0,0,0,0,Additional 50% Reduction,Belize,BLZ,2020-07-04,v3
2020-06-16,hospital_demand,0,0,0,0.04,0,0,Additional 50% Reduction,Belize,BLZ,2020-07-04,v3
2020-06-16,hospital_incidence,0,0,0,0,0,0,Additional 50% Reduction,Belize,BLZ,2020-07-04,v3
2020-06-16,ICU_demand,0,0,0,0.03,0,0,Additional 50% Reduction,Belize,BLZ,2020-07-04,v3
2020-06-16,ICU_incidence,0,0,0,0,0,0,Additional 50% Reduction,Belize,BLZ,2020-07-04,v3
2020-06-16,infections,0,0,0,0.44,0,2.05,Additional 50% Reduction,Belize,BLZ,2020-07-04,v3
2020-06-16,Rt,0.25,0.62,0.83,1,1.3,2.17,Additional 50% Reduction,Belize,BLZ,2020-07-04,v3
2020-06-16,cumulative_infections,287.08,767.25,1477,1626.16,2172.25,4438.35,Maintain Status Quo,Belize,BLZ,2020-07-04,v3
2020-06-16,deaths,0,0,0,0,0,0,Maintain Status Quo,Belize,BLZ,2020-07-04,v3
2020-06-16,hospital_demand,0,0,0,0.04,0,0,Maintain Status Quo,Belize,BLZ,2020-07-04,v3
2020-06-16,hospital_incidence,0,0,0,0,0,0,Maintain Status Quo,Belize,BLZ,2020-07-04,v3
2020-06-16,ICU_demand,0,0,0,0.03,0,0,Maintain Status Quo,Belize,BLZ,2020-07-04,v3
2020-06-16,ICU_incidence,0,0,0,0,0,0,Maintain Status Quo,Belize,BLZ,2020-07-04,v3
2020-06-16,infections,0,0,0,0.44,0,2.05,Maintain Status Quo,Belize,BLZ,2020-07-04,v3
2020-06-16,Rt,0.25,0.62,0.83,1,1.3,2.17,Maintain Status Quo,Belize,BLZ,2020-07-04,v3
2020-06-16,cumulative_infections,287.08,767.25,1477,1626.16,2172.25,4438.35,Relax Interventions 50%,Belize,BLZ,2020-07-04,v3
2020-06-16,deaths,0,0,0,0,0,0,Relax Interventions 50%,Belize,BLZ,2020-07-04,v3
2020-06-16,hospital_demand,0,0,0,0.04,0,0,Relax Interventions 50%,Belize,BLZ,2020-07-04,v3
2020-06-16,hospital_incidence,0,0,0,0,0,0,Relax Interventions 50%,Belize,BLZ,2020-07-04,v3
2020-06-16,ICU_demand,0,0,0,0.03,0,0,Relax Interventions 50%,Belize,BLZ,2020-07-04,v3
2020-06-16,ICU_incidence,0,0,0,0,0,0,Relax Interventions 50%,Belize,BLZ,2020-07-04,v3
2020-06-16,infections,0,0,0,0.44,0,2.05,Relax Interventions 50%,Belize,BLZ,2020-07-04,v3
2020-06-16,Rt,0.25,0.62,0.83,1,1.3,2.17,Relax Interventions 50%,Belize,BLZ,2020-07-04,v3
2020-06-16,cumulative_infections,266.28,934.75,1359.5,1582.08,1900,4784.4,Surged Additional 50% Reduction,Belize,BLZ,2020-07-04,v3
2020-06-16,deaths,0,0,0,0,0,0,Surged Additional 50% Reduction,Belize,BLZ,2020-07-04,v3
2020-06-16,hospital_demand,0,0,0,0.01,0,0,Surged Additional 50% Reduction,Belize,BLZ,2020-07-04,v3
2020-06-16,hospital_incidence,0,0,0,0,0,0,Surged Additional 50% Reduction,Belize,BLZ,2020-07-04,v3
2020-06-16,ICU_demand,0,0,0,0.01,0,0,Surged Additional 50% Reduction,Belize,BLZ,2020-07-04,v3
2020-06-16,ICU_incidence,0,0,0,0,0,0,Surged Additional 50% Reduction,Belize,BLZ,2020-07-04,v3
2020-06-16,infections,0,0,0,0.22,0,1,Surged Additional 50% Reduction,Belize,BLZ,2020-07-04,v3
2020-06-16,Rt,0.19,0.54,0.8,0.94,1.29,2.09,Surged Additional 50% Reduction,Belize,BLZ,2020-07-04,v3
2020-06-16,cumulative_infections,266.28,934.75,1359.5,1582.08,1900,4784.4,Surged Maintain Status Quo,Belize,BLZ,2020-07-04,v3
2020-06-16,deaths,0,0,0,0,0,0,Surged Maintain Status Quo,Belize,BLZ,2020-07-04,v3
2020-06-16,hospital_demand,0,0,0,0.01,0,0,Surged Maintain Status Quo,Belize,BLZ,2020-07-04,v3
2020-06-16,hospital_incidence,0,0,0,0,0,0,Surged Maintain Status Quo,Belize,BLZ,2020-07-04,v3
2020-06-16,ICU_demand,0,0,0,0.01,0,0,Surged Maintain Status Quo,Belize,BLZ,2020-07-04,v3
2020-06-16,ICU_incidence,0,0,0,0,0,0,Surged Maintain Status Quo,Belize,BLZ,2020-07-04,v3
2020-06-16,infections,0,0,0,0.22,0,1,Surged Maintain Status Quo,Belize,BLZ,2020-07-04,v3
2020-06-16,Rt,0.19,0.54,0.8,0.94,1.29,2.09,Surged Maintain Status Quo,Belize,BLZ,2020-07-04,v3
2020-06-16,cumulative_infections,266.28,934.75,1359.5,1582.08,1900,4784.4,Surged Relax Interventions 50%,Belize,BLZ,2020-07-04,v3
2020-06-16,deaths,0,0,0,0,0,0,Surged Relax Interventions 50%,Belize,BLZ,2020-07-04,v3
2020-06-16,hospital_demand,0,0,0,0.01,0,0,Surged Relax Interventions 50%,Belize,BLZ,2020-07-04,v3
2020-06-16,hospital_incidence,0,0,0,0,0,0,Surged Relax Interventions 50%,Belize,BLZ,2020-07-04,v3
2020-06-16,ICU_demand,0,0,0,0.01,0,0,Surged Relax Interventions 50%,Belize,BLZ,2020-07-04,v3
2020-06-16,ICU_incidence,0,0,0,0,0,0,Surged Relax Interventions 50%,Belize,BLZ,2020-07-04,v3
2020-06-16,infections,0,0,0,0.22,0,1,Surged Relax Interventions 50%,Belize,BLZ,2020-07-04,v3
2020-06-16,Rt,0.19,0.54,0.8,0.94,1.29,2.09,Surged Relax Interventions 50%,Belize,BLZ,2020-07-04,v3
2020-06-17,cumulative_infections,287.08,767.25,1477,1626.65,2172.75,4438.35,Additional 50% Reduction,Belize,BLZ,2020-07-04,v3
2020-06-17,deaths,0,0,0,0,0,0,Additional 50% Reduction,Belize,BLZ,2020-07-04,v3
2020-06-17,hospital_demand,0,0,0,0.06,0,0,Additional 50% Reduction,Belize,BLZ,2020-07-04,v3
2020-06-17,hospital_incidence,0,0,0,0,0,0,Additional 50% Reduction,Belize,BLZ,2020-07-04,v3
2020-06-17,ICU_demand,0,0,0,0.02,0,0,Additional 50% Reduction,Belize,BLZ,2020-07-04,v3
2020-06-17,ICU_incidence,0,0,0,0,0,0,Additional 50% Reduction,Belize,BLZ,2020-07-04,v3
2020-06-17,infections,0,0,0,0.49,0,5.15,Additional 50% Reduction,Belize,BLZ,2020-07-04,v3
2020-06-17,Rt,0.21,0.52,0.7,0.82,1.07,1.78,Additional 50% Reduction,Belize,BLZ,2020-07-04,v3
2020-06-17,cumulative_infections,287.08,767.25,1477,1626.65,2172.75,4438.35,Maintain Status Quo,Belize,BLZ,2020-07-04,v3
2020-06-17,deaths,0,0,0,0,0,0,Maintain Status Quo,Belize,BLZ,2020-07-04,v3
2020-06-17,hospital_demand,0,0,0,0.06,0,0,Maintain Status Quo,Belize,BLZ,2020-07-04,v3
2020-06-17,hospital_incidence,0,0,0,0,0,0,Maintain Status Quo,Belize,BLZ,2020-07-04,v3
2020-06-17,ICU_demand,0,0,0,0.02,0,0,Maintain Status Quo,Belize,BLZ,2020-07-04,v3
2020-06-17,ICU_incidence,0,0,0,0,0,0,Maintain Status Quo,Belize,BLZ,2020-07-04,v3
2020-06-17,infections,0,0,0,0.49,0,5.15,Maintain Status Quo,Belize,BLZ,2020-07-04,v3
2020-06-17,Rt,0.21,0.52,0.7,0.82,1.07,1.78,Maintain Status Quo,Belize,BLZ,2020-07-04,v3
2020-06-17,cumulative_infections,287.08,767.25,1477,1626.65,2172.75,4438.35,Relax Interventions 50%,Belize,BLZ,2020-07-04,v3
2020-06-17,deaths,0,0,0,0,0,0,Relax Interventions 50%,Belize,BLZ,2020-07-04,v3
2020-06-17,hospital_demand,0,0,0,0.06,0,0,Relax Interventions 50%,Belize,BLZ,2020-07-04,v3
2020-06-17,hospital_incidence,0,0,0,0,0,0,Relax Interventions 50%,Belize,BLZ,2020-07-04,v3
2020-06-17,ICU_demand,0,0,0,0.02,0,0,Relax Interventions 50%,Belize,BLZ,2020-07-04,v3
2020-06-17,ICU_incidence,0,0,0,0,0,0,Relax Interventions 50%,Belize,BLZ,2020-07-04,v3
2020-06-17,infections,0,0,0,0.49,0,5.15,Relax Interventions 50%,Belize,BLZ,2020-07-04,v3
2020-06-17,Rt,0.21,0.52,0.7,0.82,1.07,1.78,Relax Interventions 50%,Belize,BLZ,2020-07-04,v3
2020-06-17,cumulative_infections,266.28,934.75,1359.5,1582.41,1900.5,4784.4,Surged Additional 50% Reduction,Belize,BLZ,2020-07-04,v3
2020-06-17,deaths,0,0,0,0,0,0,Surged Additional 50% Reduction,Belize,BLZ,2020-07-04,v3
2020-06-17,hospital_demand,0,0,0,0.02,0,0,Surged Additional 50% Reduction,Belize,BLZ,2020-07-04,v3
2020-06-17,hospital_incidence,0,0,0,0,0,0,Surged Additional 50% Reduction,Belize,BLZ,2020-07-04,v3
2020-06-17,ICU_demand,0,0,0,0.01,0,0,Surged Additional 50% Reduction,Belize,BLZ,2020-07-04,v3
2020-06-17,ICU_incidence,0,0,0,0,0,0,Surged Additional 50% Reduction,Belize,BLZ,2020-07-04,v3
2020-06-17,infections,0,0,0,0.33,0,2,Surged Additional 50% Reduction,Belize,BLZ,2020-07-04,v3
2020-06-17,Rt,0.18,0.45,0.68,0.77,1.09,1.74,Surged Additional 50% Reduction,Belize,BLZ,2020-07-04,v3
2020-06-17,cumulative_infections,266.28,934.75,1359.5,1582.41,1900.5,4784.4,Surged Maintain Status Quo,Belize,BLZ,2020-07-04,v3
2020-06-17,deaths,0,0,0,0,0,0,Surged Maintain Status Quo,Belize,BLZ,2020-07-04,v3
2020-06-17,hospital_demand,0,0,0,0.02,0,0,Surged Maintain Status Quo,Belize,BLZ,2020-07-04,v3
2020-06-17,hospital_incidence,0,0,0,0,0,0,Surged Maintain Status Quo,Belize,BLZ,2020-07-04,v3
2020-06-17,ICU_demand,0,0,0,0.01,0,0,Surged Maintain Status Quo,Belize,BLZ,2020-07-04,v3
2020-06-17,ICU_incidence,0,0,0,0,0,0,Surged Maintain Status Quo,Belize,BLZ,2020-07-04,v3
2020-06-17,infections,0,0,0,0.33,0,2,Surged Maintain Status Quo,Belize,BLZ,2020-07-04,v3
2020-06-17,Rt,0.18,0.45,0.68,0.77,1.09,1.74,Surged Maintain Status Quo,Belize,BLZ,2020-07-04,v3
2020-06-17,cumulative_infections,266.28,934.75,1359.5,1582.41,1900.5,4784.4,Surged Relax Interventions 50%,Belize,BLZ,2020-07-04,v3
2020-06-17,deaths,0,0,0,0,0,0,Surged Relax Interventions 50%,Belize,BLZ,2020-07-04,v3
2020-06-17,hospital_demand,0,0,0,0.02,0,0,Surged Relax Interventions 50%,Belize,BLZ,2020-07-04,v3
2020-06-17,hospital_incidence,0,0,0,0,0,0,Surged Relax Interventions 50%,Belize,BLZ,2020-07-04,v3
2020-06-17,ICU_demand,0,0,0,0.01,0,0,Surged Relax Interventions 50%,Belize,BLZ,2020-07-04,v3
2020-06-17,ICU_incidence,0,0,0,0,0,0,Surged Relax Interventions 50%,Belize,BLZ,2020-07-04,v3
2020-06-17,infections,0,0,0,0.33,0,2,Surged Relax Interventions 50%,Belize,BLZ,2020-07-04,v3
2020-06-17,Rt,0.18,0.45,0.68,0.77,1.09,1.74,Surged Relax Interventions 50%,Belize,BLZ,2020-07-04,v3
2020-06-18,cumulative_infections,287.08,767.25,1477,1627.15,2172.75,4438.35,Additional 50% Reduction,Belize,BLZ,2020-07-04,v3
2020-06-18,deaths,0,0,0,0,0,0,Additional 50% Reduction,Belize,BLZ,2020-07-04,v3
2020-06-18,hospital_demand,0,0,0,0.06,0,0,Additional 50% Reduction,Belize,BLZ,2020-07-04,v3
2020-06-18,hospital_incidence,0,0,0,0,0,0,Additional 50% Reduction,Belize,BLZ,2020-07-04,v3
2020-06-18,ICU_demand,0,0,0,0.02,0,0,Additional 50% Reduction,Belize,BLZ,2020-07-04,v3
2020-06-18,ICU_incidence,0,0,0,0,0,0,Additional 50% Reduction,Belize,BLZ,2020-07-04,v3
2020-06-18,infections,0,0,0,0.5,0,2.57,Additional 50% Reduction,Belize,BLZ,2020-07-04,v3
2020-06-18,Rt,0.15,0.39,0.55,0.61,0.78,1.33,Additional 50% Reduction,Belize,BLZ,2020-07-04,v3
2020-06-18,cumulative_infections,287.08,767.25,1477,1627.15,2172.75,4438.35,Maintain Status Quo,Belize,BLZ,2020-07-04,v3
2020-06-18,deaths,0,0,0,0,0,0,Maintain Status Quo,Belize,BLZ,2020-07-04,v3
2020-06-18,hospital_demand,0,0,0,0.06,0,0,Maintain Status Quo,Belize,BLZ,2020-07-04,v3
2020-06-18,hospital_incidence,0,0,0,0,0,0,Maintain Status Quo,Belize,BLZ,2020-07-04,v3
2020-06-18,ICU_demand,0,0,0,0.02,0,0,Maintain Status Quo,Belize,BLZ,2020-07-04,v3
2020-06-18,ICU_incidence,0,0,0,0,0,0,Maintain Status Quo,Belize,BLZ,2020-07-04,v3
2020-06-18,infections,0,0,0,0.5,0,2.57,Maintain Status Quo,Belize,BLZ,2020-07-04,v3
2020-06-18,Rt,0.15,0.39,0.55,0.61,0.78,1.33,Maintain Status Quo,Belize,BLZ,2020-07-04,v3
2020-06-18,cumulative_infections,287.08,767.25,1477,1627.15,2172.75,4438.35,Relax Interventions 50%,Belize,BLZ,2020-07-04,v3
2020-06-18,deaths,0,0,0,0,0,0,Relax Interventions 50%,Belize,BLZ,2020-07-04,v3
2020-06-18,hospital_demand,0,0,0,0.06,0,0,Relax Interventions 50%,Belize,BLZ,2020-07-04,v3
2020-06-18,hospital_incidence,0,0,0,0,0,0,Relax Interventions 50%,Belize,BLZ,2020-07-04,v3
2020-06-18,ICU_demand,0,0,0,0.02,0,0,Relax Interventions 50%,Belize,BLZ,2020-07-04,v3
2020-06-18,ICU_incidence,0,0,0,0,0,0,Relax Interventions 50%,Belize,BLZ,2020-07-04,v3
2020-06-18,infections,0,0,0,0.5,0,2.57,Relax Interventions 50%,Belize,BLZ,2020-07-04,v3
2020-06-18,Rt,0.15,0.39,0.55,0.61,0.78,1.33,Relax Interventions 50%,Belize,BLZ,2020-07-04,v3
2020-06-18,cumulative_infections,266.28,934.75,1359.5,1582.67,1901,4784.4,Surged Additional 50% Reduction,Belize,BLZ,2020-07-04,v3
2020-06-18,deaths,0,0,0,0,0,0,Surged Additional 50% Reduction,Belize,BLZ,2020-07-04,v3
2020-06-18,hospital_demand,0,0,0,0.02,0,0,Surged Additional 50% Reduction,Belize,BLZ,2020-07-04,v3
2020-06-18,hospital_incidence,0,0,0,0,0,0,Surged Additional 50% Reduction,Belize,BLZ,2020-07-04,v3
2020-06-18,ICU_demand,0,0,0,0.01,0,0,Surged Additional 50% Reduction,Belize,BLZ,2020-07-04,v3
2020-06-18,ICU_incidence,0,0,0,0,0,0,Surged Additional 50% Reduction,Belize,BLZ,2020-07-04,v3
2020-06-18,infections,0,0,0,0.26,0,2.52,Surged Additional 50% Reduction,Belize,BLZ,2020-07-04,v3
2020-06-18,Rt,0.16,0.34,0.5,0.58,0.8,1.25,Surged Additional 50% Reduction,Belize,BLZ,2020-07-04,v3
2020-06-18,cumulative_infections,266.28,934.75,1359.5,1582.67,1901,4784.4,Surged Maintain Status Quo,Belize,BLZ,2020-07-04,v3
2020-06-18,deaths,0,0,0,0,0,0,Surged Maintain Status Quo,Belize,BLZ,2020-07-04,v3
2020-06-18,hospital_demand,0,0,0,0.02,0,0,Surged Maintain Status Quo,Belize,BLZ,2020-07-04,v3
2020-06-18,hospital_incidence,0,0,0,0,0,0,Surged Maintain Status Quo,Belize,BLZ,2020-07-04,v3
2020-06-18,ICU_demand,0,0,0,0.01,0,0,Surged Maintain Status Quo,Belize,BLZ,2020-07-04,v3
2020-06-18,ICU_incidence,0,0,0,0,0,0,Surged Maintain Status Quo,Belize,BLZ,2020-07-04,v3
2020-06-18,infections,0,0,0,0.26,0,2.52,Surged Maintain Status Quo,Belize,BLZ,2020-07-04,v3
2020-06-18,Rt,0.16,0.34,0.5,0.58,0.8,1.25,Surged Maintain Status Quo,Belize,BLZ,2020-07-04,v3
2020-06-18,cumulative_infections,266.28,934.75,1359.5,1582.67,1901,4784.4,Surged Relax Interventions 50%,Belize,BLZ,2020-07-04,v3
2020-06-18,deaths,0,0,0,0,0,0,Surged Relax Interventions 50%,Belize,BLZ,2020-07-04,v3
2020-06-18,hospital_demand,0,0,0,0.02,0,0,Surged Relax Interventions 50%,Belize,BLZ,2020-07-04,v3
2020-06-18,hospital_incidence,0,0,0,0,0,0,Surged Relax Interventions 50%,Belize,BLZ,2020-07-04,v3
2020-06-18,ICU_demand,0,0,0,0.01,0,0,Surged Relax Interventions 50%,Belize,BLZ,2020-07-04,v3
2020-06-18,ICU_incidence,0,0,0,0,0,0,Surged Relax Interventions 50%,Belize,BLZ,2020-07-04,v3
2020-06-18,infections,0,0,0,0.26,0,2.52,Surged Relax Interventions 50%,Belize,BLZ,2020-07-04,v3
2020-06-18,Rt,0.16,0.34,0.5,0.58,0.8,1.25,Surged Relax Interventions 50%,Belize,BLZ,2020-07-04,v3
2020-06-19,cumulative_infections,287.08,767.25,1477,1627.68,2172.75,4438.35,Additional 50% Reduction,Belize,BLZ,2020-07-04,v3
2020-06-19,deaths,0,0,0,0,0,0,Additional 50% Reduction,Belize,BLZ,2020-07-04,v3
2020-06-19,hospital_demand,0,0,0,0.06,0,0,Additional 50% Reduction,Belize,BLZ,2020-07-04,v3
2020-06-19,hospital_incidence,0,0,0,0,0,0,Additional 50% Reduction,Belize,BLZ,2020-07-04,v3
2020-06-19,ICU_demand,0,0,0,0.02,0,0,Additional 50% Reduction,Belize,BLZ,2020-07-04,v3
2020-06-19,ICU_incidence,0,0,0,0,0,0,Additional 50% Reduction,Belize,BLZ,2020-07-04,v3
2020-06-19,infections,0,0,0,0.53,0,4.72,Additional 50% Reduction,Belize,BLZ,2020-07-04,v3
2020-06-19,Rt,0.26,0.67,0.96,1.1,1.42,2.39,Additional 50% Reduction,Belize,BLZ,2020-07-04,v3
2020-06-19,cumulative_infections,287.08,767.25,1477,1627.68,2172.75,4438.35,Maintain Status Quo,Belize,BLZ,2020-07-04,v3
2020-06-19,deaths,0,0,0,0,0,0,Maintain Status Quo,Belize,BLZ,2020-07-04,v3
2020-06-19,hospital_demand,0,0,0,0.06,0,0,Maintain Status Quo,Belize,BLZ,2020-07-04,v3
2020-06-19,hospital_incidence,0,0,0,0,0,0,Maintain Status Quo,Belize,BLZ,2020-07-04,v3
2020-06-19,ICU_demand,0,0,0,0.02,0,0,Maintain Status Quo,Belize,BLZ,2020-07-04,v3
2020-06-19,ICU_incidence,0,0,0,0,0,0,Maintain Status Quo,Belize,BLZ,2020-07-04,v3
2020-06-19,infections,0,0,0,0.53,0,4.72,Maintain Status Quo,Belize,BLZ,2020-07-04,v3
2020-06-19,Rt,0.26,0.67,0.96,1.1,1.42,2.39,Maintain Status Quo,Belize,BLZ,2020-07-04,v3
2020-06-19,cumulative_infections,287.08,767.25,1477,1627.68,2172.75,4438.35,Relax Interventions 50%,Belize,BLZ,2020-07-04,v3
2020-06-19,deaths,0,0,0,0,0,0,Relax Interventions 50%,Belize,BLZ,2020-07-04,v3
2020-06-19,hospital_demand,0,0,0,0.06,0,0,Relax Interventions 50%,Belize,BLZ,2020-07-04,v3
2020-06-19,hospital_incidence,0,0,0,0,0,0,Relax Interventions 50%,Belize,BLZ,2020-07-04,v3
2020-06-19,ICU_demand,0,0,0,0.02,0,0,Relax Interventions 50%,Belize,BLZ,2020-07-04,v3
2020-06-19,ICU_incidence,0,0,0,0,0,0,Relax Interventions 50%,Belize,BLZ,2020-07-04,v3
2020-06-19,infections,0,0,0,0.53,0,4.72,Relax Interventions 50%,Belize,BLZ,2020-07-04,v3
2020-06-19,Rt,0.26,0.67,0.96,1.1,1.42,2.39,Relax Interventions 50%,Belize,BLZ,2020-07-04,v3
2020-06-19,cumulative_infections,266.28,934.75,1359.5,1582.95,1901.25,4784.4,Surged Additional 50% Reduction,Belize,BLZ,2020-07-04,v3
2020-06-19,deaths,0,0,0,0,0,0,Surged Additional 50% Reduction,Belize,BLZ,2020-07-04,v3
2020-06-19,hospital_demand,0,0,0,0.02,0,0,Surged Additional 50% Reduction,Belize,BLZ,2020-07-04,v3
2020-06-19,hospital_incidence,0,0,0,0,0,0,Surged Additional 50% Reduction,Belize,BLZ,2020-07-04,v3
2020-06-19,ICU_demand,0,0,0,0.01,0,0,Surged Additional 50% Reduction,Belize,BLZ,2020-07-04,v3
2020-06-19,ICU_incidence,0,0,0,0,0,0,Surged Additional 50% Reduction,Belize,BLZ,2020-07-04,v3
2020-06-19,infections,0,0,0,0.28,0,1.52,Surged Additional 50% Reduction,Belize,BLZ,2020-07-04,v3
2020-06-19,Rt,0.2,0.59,0.89,1.04,1.44,2.28,Surged Additional 50% Reduction,Belize,BLZ,2020-07-04,v3
2020-06-19,cumulative_infections,266.28,934.75,1359.5,1582.95,1901.25,4784.4,Surged Maintain Status Quo,Belize,BLZ,2020-07-04,v3
2020-06-19,deaths,0,0,0,0,0,0,Surged Maintain Status Quo,Belize,BLZ,2020-07-04,v3
2020-06-19,hospital_demand,0,0,0,0.02,0,0,Surged Maintain Status Quo,Belize,BLZ,2020-07-04,v3
2020-06-19,hospital_incidence,0,0,0,0,0,0,Surged Maintain Status Quo,Belize,BLZ,2020-07-04,v3
2020-06-19,ICU_demand,0,0,0,0.01,0,0,Surged Maintain Status Quo,Belize,BLZ,2020-07-04,v3
2020-06-19,ICU_incidence,0,0,0,0,0,0,Surged Maintain Status Quo,Belize,BLZ,2020-07-04,v3
2020-06-19,infections,0,0,0,0.28,0,1.52,Surged Maintain Status Quo,Belize,BLZ,2020-07-04,v3
2020-06-19,Rt,0.2,0.59,0.89,1.04,1.44,2.28,Surged Maintain Status Quo,Belize,BLZ,2020-07-04,v3
2020-06-19,cumulative_infections,266.28,934.75,1359.5,1582.95,1901.25,4784.4,Surged Relax Interventions 50%,Belize,BLZ,2020-07-04,v3
2020-06-19,deaths,0,0,0,0,0,0,Surged Relax Interventions 50%,Belize,BLZ,2020-07-04,v3
2020-06-19,hospital_demand,0,0,0,0.02,0,0,Surged Relax Interventions 50%,Belize,BLZ,2020-07-04,v3
2020-06-19,hospital_incidence,0,0,0,0,0,0,Surged Relax Interventions 50%,Belize,BLZ,2020-07-04,v3
2020-06-19,ICU_demand,0,0,0,0.01,0,0,Surged Relax Interventions 50%,Belize,BLZ,2020-07-04,v3
2020-06-19,ICU_incidence,0,0,0,0,0,0,Surged Relax Interventions 50%,Belize,BLZ,2020-07-04,v3
2020-06-19,infections,0,0,0,0.28,0,1.52,Surged Relax Interventions 50%,Belize,BLZ,2020-07-04,v3
2020-06-19,Rt,0.2,0.59,0.89,1.04,1.44,2.28,Surged Relax Interventions 50%,Belize,BLZ,2020-07-04,v3
2020-06-20,cumulative_infections,287.08,767.25,1478,1628.16,2173.25,4438.35,Additional 50% Reduction,Belize,BLZ,2020-07-04,v3
2020-06-20,deaths,0,0,0,0,0,0,Additional 50% Reduction,Belize,BLZ,2020-07-04,v3
2020-06-20,hospital_demand,0,0,0,0.05,0,0,Additional 50% Reduction,Belize,BLZ,2020-07-04,v3
2020-06-20,hospital_incidence,0,0,0,0,0,0,Additional 50% Reduction,Belize,BLZ,2020-07-04,v3
2020-06-20,ICU_demand,0,0,0,0.02,0,0,Additional 50% Reduction,Belize,BLZ,2020-07-04,v3
2020-06-20,ICU_incidence,0,0,0,0,0,0,Additional 50% Reduction,Belize,BLZ,2020-07-04,v3
2020-06-20,infections,0,0,0,0.48,0,4.62,Additional 50% Reduction,Belize,BLZ,2020-07-04,v3
2020-06-20,Rt,0.27,0.82,1.25,1.41,1.84,3.02,Additional 50% Reduction,Belize,BLZ,2020-07-04,v3
2020-06-20,cumulative_infections,287.08,767.25,1478,1628.16,2173.25,4438.35,Maintain Status Quo,Belize,BLZ,2020-07-04,v3
2020-06-20,deaths,0,0,0,0,0,0,Maintain Status Quo,Belize,BLZ,2020-07-04,v3
2020-06-20,hospital_demand,0,0,0,0.05,0,0,Maintain Status Quo,Belize,BLZ,2020-07-04,v3
2020-06-20,hospital_incidence,0,0,0,0,0,0,Maintain Status Quo,Belize,BLZ,2020-07-04,v3
2020-06-20,ICU_demand,0,0,0,0.02,0,0,Maintain Status Quo,Belize,BLZ,2020-07-04,v3
2020-06-20,ICU_incidence,0,0,0,0,0,0,Maintain Status Quo,Belize,BLZ,2020-07-04,v3
2020-06-20,infections,0,0,0,0.48,0,4.62,Maintain Status Quo,Belize,BLZ,2020-07-04,v3
2020-06-20,Rt,0.27,0.82,1.25,1.41,1.84,3.02,Maintain Status Quo,Belize,BLZ,2020-07-04,v3
2020-06-20,cumulative_infections,287.08,767.25,1478,1628.16,2173.25,4438.35,Relax Interventions 50%,Belize,BLZ,2020-07-04,v3
2020-06-20,deaths,0,0,0,0,0,0,Relax Interventions 50%,Belize,BLZ,2020-07-04,v3
2020-06-20,hospital_demand,0,0,0,0.05,0,0,Relax Interventions 50%,Belize,BLZ,2020-07-04,v3
2020-06-20,hospital_incidence,0,0,0,0,0,0,Relax Interventions 50%,Belize,BLZ,2020-07-04,v3
2020-06-20,ICU_demand,0,0,0,0.02,0,0,Relax Interventions 50%,Belize,BLZ,2020-07-04,v3
2020-06-20,ICU_incidence,0,0,0,0,0,0,Relax Interventions 50%,Belize,BLZ,2020-07-04,v3
2020-06-20,infections,0,0,0,0.48,0,4.62,Relax Interventions 50%,Belize,BLZ,2020-07-04,v3
2020-06-20,Rt,0.27,0.82,1.25,1.41,1.84,3.02,Relax Interventions 50%,Belize,BLZ,2020-07-04,v3
2020-06-20,cumulative_infections,266.28,934.75,1359.5,1583.18,1901.5,4784.4,Surged Additional 50% Reduction,Belize,BLZ,2020-07-04,v3
2020-06-20,deaths,0,0,0,0,0,0,Surged Additional 50% Reduction,Belize,BLZ,2020-07-04,v3
2020-06-20,hospital_demand,0,0,0,0.03,0,0.52,Surged Additional 50% Reduction,Belize,BLZ,2020-07-04,v3
2020-06-20,hospital_incidence,0,0,0,0,0,0,Surged Additional 50% Reduction,Belize,BLZ,2020-07-04,v3
2020-06-20,ICU_demand,0,0,0,0,0,0,Surged Additional 50% Reduction,Belize,BLZ,2020-07-04,v3
2020-06-20,ICU_incidence,0,0,0,0,0,0,Surged Additional 50% Reduction,Belize,BLZ,2020-07-04,v3
2020-06-20,infections,0,0,0,0.23,0,1,Surged Additional 50% Reduction,Belize,BLZ,2020-07-04,v3
2020-06-20,Rt,0.22,0.74,1.15,1.33,2.04,2.97,Surged Additional 50% Reduction,Belize,BLZ,2020-07-04,v3
2020-06-20,cumulative_infections,266.28,934.75,1359.5,1583.18,1901.5,4784.4,Surged Maintain Status Quo,Belize,BLZ,2020-07-04,v3
2020-06-20,deaths,0,0,0,0,0,0,Surged Maintain Status Quo,Belize,BLZ,2020-07-04,v3
2020-06-20,hospital_demand,0,0,0,0.03,0,0.52,Surged Maintain Status Quo,Belize,BLZ,2020-07-04,v3
2020-06-20,hospital_incidence,0,0,0,0,0,0,Surged Maintain Status Quo,Belize,BLZ,2020-07-04,v3
2020-06-20,ICU_demand,0,0,0,0,0,0,Surged Maintain Status Quo,Belize,BLZ,2020-07-04,v3
2020-06-20,ICU_incidence,0,0,0,0,0,0,Surged Maintain Status Quo,Belize,BLZ,2020-07-04,v3
2020-06-20,infections,0,0,0,0.23,0,1,Surged Maintain Status Quo,Belize,BLZ,2020-07-04,v3
2020-06-20,Rt,0.22,0.74,1.15,1.33,2.04,2.97,Surged Maintain Status Quo,Belize,BLZ,2020-07-04,v3
2020-06-20,cumulative_infections,266.28,934.75,1359.5,1583.18,1901.5,4784.4,Surged Relax Interventions 50%,Belize,BLZ,2020-07-04,v3
2020-06-20,deaths,0,0,0,0,0,0,Surged Relax Interventions 50%,Belize,BLZ,2020-07-04,v3
2020-06-20,hospital_demand,0,0,0,0.03,0,0.52,Surged Relax Interventions 50%,Belize,BLZ,2020-07-04,v3
2020-06-20,hospital_incidence,0,0,0,0,0,0,Surged Relax Interventions 50%,Belize,BLZ,2020-07-04,v3
2020-06-20,ICU_demand,0,0,0,0,0,0,Surged Relax Interventions 50%,Belize,BLZ,2020-07-04,v3
2020-06-20,ICU_incidence,0,0,0,0,0,0,Surged Relax Interventions 50%,Belize,BLZ,2020-07-04,v3
2020-06-20,infections,0,0,0,0.23,0,1,Surged Relax Interventions 50%,Belize,BLZ,2020-07-04,v3
2020-06-20,Rt,0.22,0.74,1.15,1.33,2.04,2.97,Surged Relax Interventions 50%,Belize,BLZ,2020-07-04,v3
2020-06-21,cumulative_infections,287.08,767.25,1493,1628.81,2174,4438.35,Additional 50% Reduction,Belize,BLZ,2020-07-04,v3
2020-06-21,deaths,0,0,0,0,0,0,Additional 50% Reduction,Belize,BLZ,2020-07-04,v3
2020-06-21,hospital_demand,0,0,0,0.06,0,0.52,Additional 50% Reduction,Belize,BLZ,2020-07-04,v3
2020-06-21,hospital_incidence,0,0,0,0,0,0,Additional 50% Reduction,Belize,BLZ,2020-07-04,v3
2020-06-21,ICU_demand,0,0,0,0.02,0,0,Additional 50% Reduction,Belize,BLZ,2020-07-04,v3
2020-06-21,ICU_incidence,0,0,0,0,0,0,Additional 50% Reduction,Belize,BLZ,2020-07-04,v3
2020-06-21,infections,0,0,0,0.65,0,9.82,Additional 50% Reduction,Belize,BLZ,2020-07-04,v3
2020-06-21,Rt,0.26,0.66,0.93,1.08,1.4,2.34,Additional 50% Reduction,Belize,BLZ,2020-07-04,v3
2020-06-21,cumulative_infections,287.08,767.25,1493,1628.81,2174,4438.35,Maintain Status Quo,Belize,BLZ,2020-07-04,v3
2020-06-21,deaths,0,0,0,0,0,0,Maintain Status Quo,Belize,BLZ,2020-07-04,v3
2020-06-21,hospital_demand,0,0,0,0.06,0,0.52,Maintain Status Quo,Belize,BLZ,2020-07-04,v3
2020-06-21,hospital_incidence,0,0,0,0,0,0,Maintain Status Quo,Belize,BLZ,2020-07-04,v3
2020-06-21,ICU_demand,0,0,0,0.02,0,0,Maintain Status Quo,Belize,BLZ,2020-07-04,v3
2020-06-21,ICU_incidence,0,0,0,0,0,0,Maintain Status Quo,Belize,BLZ,2020-07-04,v3
2020-06-21,infections,0,0,0,0.65,0,9.82,Maintain Status Quo,Belize,BLZ,2020-07-04,v3
2020-06-21,Rt,0.26,0.66,0.93,1.08,1.4,2.34,Maintain Status Quo,Belize,BLZ,2020-07-04,v3
2020-06-21,cumulative_infections,287.08,767.25,1493,1628.81,2174,4438.35,Relax Interventions 50%,Belize,BLZ,2020-07-04,v3
2020-06-21,deaths,0,0,0,0,0,0,Relax Interventions 50%,Belize,BLZ,2020-07-04,v3
2020-06-21,hospital_demand,0,0,0,0.06,0,0.52,Relax Interventions 50%,Belize,BLZ,2020-07-04,v3
2020-06-21,hospital_incidence,0,0,0,0,0,0,Relax Interventions 50%,Belize,BLZ,2020-07-04,v3
2020-06-21,ICU_demand,0,0,0,0.02,0,0,Relax Interventions 50%,Belize,BLZ,2020-07-04,v3
2020-06-21,ICU_incidence,0,0,0,0,0,0,Relax Interventions 50%,Belize,BLZ,2020-07-04,v3
2020-06-21,infections,0,0,0,0.65,0,9.82,Relax Interventions 50%,Belize,BLZ,2020-07-04,v3
2020-06-21,Rt,0.26,0.66,0.93,1.08,1.4,2.34,Relax Interventions 50%,Belize,BLZ,2020-07-04,v3
2020-06-21,cumulative_infections,266.28,934.75,1359.5,1583.55,1902.25,4784.4,Surged Additional 50% Reduction,Belize,BLZ,2020-07-04,v3
2020-06-21,deaths,0,0,0,0,0,0,Surged Additional 50% Reduction,Belize,BLZ,2020-07-04,v3
2020-06-21,hospital_demand,0,0,0,0.03,0,0.52,Surged Additional 50% Reduction,Belize,BLZ,2020-07-04,v3
2020-06-21,hospital_incidence,0,0,0,0,0,0,Surged Additional 50% Reduction,Belize,BLZ,2020-07-04,v3
2020-06-21,ICU_demand,0,0,0,0,0,0,Surged Additional 50% Reduction,Belize,BLZ,2020-07-04,v3
2020-06-21,ICU_incidence,0,0,0,0,0,0,Surged Additional 50% Reduction,Belize,BLZ,2020-07-04,v3
2020-06-21,infections,0,0,0,0.37,0,3.52,Surged Additional 50% Reduction,Belize,BLZ,2020-07-04,v3
2020-06-21,Rt,0.19,0.57,0.87,1.01,1.4,2.23,Surged Additional 50% Reduction,Belize,BLZ,2020-07-04,v3
2020-06-21,cumulative_infections,266.28,934.75,1359.5,1583.55,1902.25,4784.4,Surged Maintain Status Quo,Belize,BLZ,2020-07-04,v3
2020-06-21,deaths,0,0,0,0,0,0,Surged Maintain Status Quo,Belize,BLZ,2020-07-04,v3
2020-06-21,hospital_demand,0,0,0,0.03,0,0.52,Surged Maintain Status Quo,Belize,BLZ,2020-07-04,v3
2020-06-21,hospital_incidence,0,0,0,0,0,0,Surged Maintain Status Quo,Belize,BLZ,2020-07-04,v3
2020-06-21,ICU_demand,0,0,0,0,0,0,Surged Maintain Status Quo,Belize,BLZ,2020-07-04,v3
2020-06-21,ICU_incidence,0,0,0,0,0,0,Surged Maintain Status Quo,Belize,BLZ,2020-07-04,v3
2020-06-21,infections,0,0,0,0.37,0,3.52,Surged Maintain Status Quo,Belize,BLZ,2020-07-04,v3
2020-06-21,Rt,0.19,0.57,0.87,1.01,1.4,2.23,Surged Maintain Status Quo,Belize,BLZ,2020-07-04,v3
2020-06-21,cumulative_infections,266.28,934.75,1359.5,1583.55,1902.25,4784.4,Surged Relax Interventions 50%,Belize,BLZ,2020-07-04,v3
2020-06-21,deaths,0,0,0,0,0,0,Surged Relax Interventions 50%,Belize,BLZ,2020-07-04,v3
2020-06-21,hospital_demand,0,0,0,0.03,0,0.52,Surged Relax Interventions 50%,Belize,BLZ,2020-07-04,v3
2020-06-21,hospital_incidence,0,0,0,0,0,0,Surged Relax Interventions 50%,Belize,BLZ,2020-07-04,v3
2020-06-21,ICU_demand,0,0,0,0,0,0,Surged Relax Interventions 50%,Belize,BLZ,2020-07-04,v3
2020-06-21,ICU_incidence,0,0,0,0,0,0,Surged Relax Interventions 50%,Belize,BLZ,2020-07-04,v3
2020-06-21,infections,0,0,0,0.37,0,3.52,Surged Relax Interventions 50%,Belize,BLZ,2020-07-04,v3
2020-06-21,Rt,0.19,0.57,0.87,1.01,1.4,2.23,Surged Relax Interventions 50%,Belize,BLZ,2020-07-04,v3
2020-06-22,cumulative_infections,287.08,767.25,1507,1629.41,2174.25,4438.35,Additional 50% Reduction,Belize,BLZ,2020-07-04,v3
2020-06-22,deaths,0,0,0,0,0,0,Additional 50% Reduction,Belize,BLZ,2020-07-04,v3
2020-06-22,hospital_demand,0,0,0,0.06,0,0.52,Additional 50% Reduction,Belize,BLZ,2020-07-04,v3
2020-06-22,hospital_incidence,0,0,0,0,0,0,Additional 50% Reduction,Belize,BLZ,2020-07-04,v3
2020-06-22,ICU_demand,0,0,0,0.01,0,0,Additional 50% Reduction,Belize,BLZ,2020-07-04,v3
2020-06-22,ICU_incidence,0,0,0,0,0,0,Additional 50% Reduction,Belize,BLZ,2020-07-04,v3
2020-06-22,infections,0,0,0,0.6,0,3.62,Additional 50% Reduction,Belize,BLZ,2020-07-04,v3
2020-06-22,Rt,0.26,0.65,0.9,1.05,1.37,2.29,Additional 50% Reduction,Belize,BLZ,2020-07-04,v3
2020-06-22,cumulative_infections,287.08,767.25,1507,1629.41,2174.25,4438.35,Maintain Status Quo,Belize,BLZ,2020-07-04,v3
2020-06-22,deaths,0,0,0,0,0,0,Maintain Status Quo,Belize,BLZ,2020-07-04,v3
2020-06-22,hospital_demand,0,0,0,0.06,0,0.52,Maintain Status Quo,Belize,BLZ,2020-07-04,v3
2020-06-22,hospital_incidence,0,0,0,0,0,0,Maintain Status Quo,Belize,BLZ,2020-07-04,v3
2020-06-22,ICU_demand,0,0,0,0.01,0,0,Maintain Status Quo,Belize,BLZ,2020-07-04,v3
2020-06-22,ICU_incidence,0,0,0,0,0,0,Maintain Status Quo,Belize,BLZ,2020-07-04,v3
2020-06-22,infections,0,0,0,0.6,0,3.62,Maintain Status Quo,Belize,BLZ,2020-07-04,v3
2020-06-22,Rt,0.26,0.65,0.9,1.05,1.37,2.29,Maintain Status Quo,Belize,BLZ,2020-07-04,v3
2020-06-22,cumulative_infections,287.08,767.25,1507,1629.41,2174.25,4438.35,Relax Interventions 50%,Belize,BLZ,2020-07-04,v3
2020-06-22,deaths,0,0,0,0,0,0,Relax Interventions 50%,Belize,BLZ,2020-07-04,v3
2020-06-22,hospital_demand,0,0,0,0.06,0,0.52,Relax Interventions 50%,Belize,BLZ,2020-07-04,v3
2020-06-22,hospital_incidence,0,0,0,0,0,0,Relax Interventions 50%,Belize,BLZ,2020-07-04,v3
2020-06-22,ICU_demand,0,0,0,0.01,0,0,Relax Interventions 50%,Belize,BLZ,2020-07-04,v3
2020-06-22,ICU_incidence,0,0,0,0,0,0,Relax Interventions 50%,Belize,BLZ,2020-07-04,v3
2020-06-22,infections,0,0,0,0.6,0,3.62,Relax Interventions 50%,Belize,BLZ,2020-07-04,v3
2020-06-22,Rt,0.26,0.65,0.9,1.05,1.37,2.29,Relax Interventions 50%,Belize,BLZ,2020-07-04,v3
2020-06-22,cumulative_infections,266.28,934.75,1359.5,1583.84,1902.25,4784.4,Surged Additional 50% Reduction,Belize,BLZ,2020-07-04,v3
2020-06-22,deaths,0,0,0,0,0,0,Surged Additional 50% Reduction,Belize,BLZ,2020-07-04,v3
2020-06-22,hospital_demand,0,0,0,0.03,0,0.52,Surged Additional 50% Reduction,Belize,BLZ,2020-07-04,v3
2020-06-22,hospital_incidence,0,0,0,0,0,0,Surged Additional 50% Reduction,Belize,BLZ,2020-07-04,v3
2020-06-22,ICU_demand,0,0,0,0,0,0,Surged Additional 50% Reduction,Belize,BLZ,2020-07-04,v3
2020-06-22,ICU_incidence,0,0,0,0,0,0,Surged Additional 50% Reduction,Belize,BLZ,2020-07-04,v3
2020-06-22,infections,0,0,0,0.29,0,2.57,Surged Additional 50% Reduction,Belize,BLZ,2020-07-04,v3
2020-06-22,Rt,0.19,0.57,0.85,0.99,1.36,2.19,Surged Additional 50% Reduction,Belize,BLZ,2020-07-04,v3
2020-06-22,cumulative_infections,266.28,934.75,1359.5,1583.84,1902.25,4784.4,Surged Maintain Status Quo,Belize,BLZ,2020-07-04,v3
2020-06-22,deaths,0,0,0,0,0,0,Surged Maintain Status Quo,Belize,BLZ,2020-07-04,v3
2020-06-22,hospital_demand,0,0,0,0.03,0,0.52,Surged Maintain Status Quo,Belize,BLZ,2020-07-04,v3
2020-06-22,hospital_incidence,0,0,0,0,0,0,Surged Maintain Status Quo,Belize,BLZ,2020-07-04,v3
2020-06-22,ICU_demand,0,0,0,0,0,0,Surged Maintain Status Quo,Belize,BLZ,2020-07-04,v3
2020-06-22,ICU_incidence,0,0,0,0,0,0,Surged Maintain Status Quo,Belize,BLZ,2020-07-04,v3
2020-06-22,infections,0,0,0,0.29,0,2.57,Surged Maintain Status Quo,Belize,BLZ,2020-07-04,v3
2020-06-22,Rt,0.19,0.57,0.85,0.99,1.36,2.19,Surged Maintain Status Quo,Belize,BLZ,2020-07-04,v3
2020-06-22,cumulative_infections,266.28,934.75,1359.5,1583.84,1902.25,4784.4,Surged Relax Interventions 50%,Belize,BLZ,2020-07-04,v3
2020-06-22,deaths,0,0,0,0,0,0,Surged Relax Interventions 50%,Belize,BLZ,2020-07-04,v3
2020-06-22,hospital_demand,0,0,0,0.03,0,0.52,Surged Relax Interventions 50%,Belize,BLZ,2020-07-04,v3
2020-06-22,hospital_incidence,0,0,0,0,0,0,Surged Relax Interventions 50%,Belize,BLZ,2020-07-04,v3
2020-06-22,ICU_demand,0,0,0,0,0,0,Surged Relax Interventions 50%,Belize,BLZ,2020-07-04,v3
2020-06-22,ICU_incidence,0,0,0,0,0,0,Surged Relax Interventions 50%,Belize,BLZ,2020-07-04,v3
2020-06-22,infections,0,0,0,0.29,0,2.57,Surged Relax Interventions 50%,Belize,BLZ,2020-07-04,v3
2020-06-22,Rt,0.19,0.57,0.85,0.99,1.36,2.19,Surged Relax Interventions 50%,Belize,BLZ,2020-07-04,v3
2020-06-23,cumulative_infections,287.08,767.25,1520,1629.94,2175.25,4438.35,Additional 50% Reduction,Belize,BLZ,2020-07-04,v3
2020-06-23,deaths,0,0,0,0,0,0,Additional 50% Reduction,Belize,BLZ,2020-07-04,v3
2020-06-23,hospital_demand,0,0,0,0.04,0,0.52,Additional 50% Reduction,Belize,BLZ,2020-07-04,v3
2020-06-23,hospital_incidence,0,0,0,0,0,0,Additional 50% Reduction,Belize,BLZ,2020-07-04,v3
2020-06-23,ICU_demand,0,0,0,0.03,0,0,Additional 50% Reduction,Belize,BLZ,2020-07-04,v3
2020-06-23,ICU_incidence,0,0,0,0,0,0,Additional 50% Reduction,Belize,BLZ,2020-07-04,v3
2020-06-23,infections,0,0,0,0.53,0,7.67,Additional 50% Reduction,Belize,BLZ,2020-07-04,v3
2020-06-23,Rt,0.26,0.66,0.93,1.08,1.4,2.34,Additional 50% Reduction,Belize,BLZ,2020-07-04,v3
2020-06-23,cumulative_infections,287.08,767.25,1520,1629.94,2175.25,4438.35,Maintain Status Quo,Belize,BLZ,2020-07-04,v3
2020-06-23,deaths,0,0,0,0,0,0,Maintain Status Quo,Belize,BLZ,2020-07-04,v3
2020-06-23,hospital_demand,0,0,0,0.04,0,0.52,Maintain Status Quo,Belize,BLZ,2020-07-04,v3
2020-06-23,hospital_incidence,0,0,0,0,0,0,Maintain Status Quo,Belize,BLZ,2020-07-04,v3
2020-06-23,ICU_demand,0,0,0,0.03,0,0,Maintain Status Quo,Belize,BLZ,2020-07-04,v3
2020-06-23,ICU_incidence,0,0,0,0,0,0,Maintain Status Quo,Belize,BLZ,2020-07-04,v3
2020-06-23,infections,0,0,0,0.53,0,7.67,Maintain Status Quo,Belize,BLZ,2020-07-04,v3
2020-06-23,Rt,0.26,0.66,0.93,1.08,1.4,2.34,Maintain Status Quo,Belize,BLZ,2020-07-04,v3
2020-06-23,cumulative_infections,287.08,767.25,1520,1629.94,2175.25,4438.35,Relax Interventions 50%,Belize,BLZ,2020-07-04,v3
2020-06-23,deaths,0,0,0,0,0,0,Relax Interventions 50%,Belize,BLZ,2020-07-04,v3
2020-06-23,hospital_demand,0,0,0,0.04,0,0.52,Relax Interventions 50%,Belize,BLZ,2020-07-04,v3
2020-06-23,hospital_incidence,0,0,0,0,0,0,Relax Interventions 50%,Belize,BLZ,2020-07-04,v3
2020-06-23,ICU_demand,0,0,0,0.03,0,0,Relax Interventions 50%,Belize,BLZ,2020-07-04,v3
2020-06-23,ICU_incidence,0,0,0,0,0,0,Relax Interventions 50%,Belize,BLZ,2020-07-04,v3
2020-06-23,infections,0,0,0,0.53,0,7.67,Relax Interventions 50%,Belize,BLZ,2020-07-04,v3
2020-06-23,Rt,0.26,0.66,0.93,1.08,1.4,2.34,Relax Interventions 50%,Belize,BLZ,2020-07-04,v3
2020-06-23,cumulative_infections,266.28,934.75,1359.5,1584.08,1902.75,4784.4,Surged Additional 50% Reduction,Belize,BLZ,2020-07-04,v3
2020-06-23,deaths,0,0,0,0,0,0,Surged Additional 50% Reduction,Belize,BLZ,2020-07-04,v3
2020-06-23,hospital_demand,0,0,0,0.02,0,0,Surged Additional 50% Reduction,Belize,BLZ,2020-07-04,v3
2020-06-23,hospital_incidence,0,0,0,0,0,0,Surged Additional 50% Reduction,Belize,BLZ,2020-07-04,v3
2020-06-23,ICU_demand,0,0,0,0,0,0,Surged Additional 50% Reduction,Belize,BLZ,2020-07-04,v3
2020-06-23,ICU_incidence,0,0,0,0,0,0,Surged Additional 50% Reduction,Belize,BLZ,2020-07-04,v3
2020-06-23,infections,0,0,0,0.24,0,2.52,Surged Additional 50% Reduction,Belize,BLZ,2020-07-04,v3
2020-06-23,Rt,0.19,0.57,0.87,1.01,1.4,2.23,Surged Additional 50% Reduction,Belize,BLZ,2020-07-04,v3
2020-06-23,cumulative_infections,266.28,934.75,1359.5,1584.08,1902.75,4784.4,Surged Maintain Status Quo,Belize,BLZ,2020-07-04,v3
2020-06-23,deaths,0,0,0,0,0,0,Surged Maintain Status Quo,Belize,BLZ,2020-07-04,v3
2020-06-23,hospital_demand,0,0,0,0.02,0,0,Surged Maintain Status Quo,Belize,BLZ,2020-07-04,v3
2020-06-23,hospital_incidence,0,0,0,0,0,0,Surged Maintain Status Quo,Belize,BLZ,2020-07-04,v3
2020-06-23,ICU_demand,0,0,0,0,0,0,Surged Maintain Status Quo,Belize,BLZ,2020-07-04,v3
2020-06-23,ICU_incidence,0,0,0,0,0,0,Surged Maintain Status Quo,Belize,BLZ,2020-07-04,v3
2020-06-23,infections,0,0,0,0.24,0,2.52,Surged Maintain Status Quo,Belize,BLZ,2020-07-04,v3
2020-06-23,Rt,0.19,0.57,0.87,1.01,1.4,2.23,Surged Maintain Status Quo,Belize,BLZ,2020-07-04,v3
2020-06-23,cumulative_infections,266.28,934.75,1359.5,1584.08,1902.75,4784.4,Surged Relax Interventions 50%,Belize,BLZ,2020-07-04,v3
2020-06-23,deaths,0,0,0,0,0,0,Surged Relax Interventions 50%,Belize,BLZ,2020-07-04,v3
2020-06-23,hospital_demand,0,0,0,0.02,0,0,Surged Relax Interventions 50%,Belize,BLZ,2020-07-04,v3
2020-06-23,hospital_incidence,0,0,0,0,0,0,Surged Relax Interventions 50%,Belize,BLZ,2020-07-04,v3
2020-06-23,ICU_demand,0,0,0,0,0,0,Surged Relax Interventions 50%,Belize,BLZ,2020-07-04,v3
2020-06-23,ICU_incidence,0,0,0,0,0,0,Surged Relax Interventions 50%,Belize,BLZ,2020-07-04,v3
2020-06-23,infections,0,0,0,0.24,0,2.52,Surged Relax Interventions 50%,Belize,BLZ,2020-07-04,v3
2020-06-23,Rt,0.19,0.57,0.87,1.01,1.4,2.23,Surged Relax Interventions 50%,Belize,BLZ,2020-07-04,v3
2020-06-24,cumulative_infections,287.08,767.25,1529.5,1630.59,2175.5,4438.35,Additional 50% Reduction,Belize,BLZ,2020-07-04,v3
2020-06-24,deaths,0,0,0,0,0,0,Additional 50% Reduction,Belize,BLZ,2020-07-04,v3
2020-06-24,hospital_demand,0,0,0,0.06,0,0.52,Additional 50% Reduction,Belize,BLZ,2020-07-04,v3
2020-06-24,hospital_incidence,0,0,0,0,0,0,Additional 50% Reduction,Belize,BLZ,2020-07-04,v3
2020-06-24,ICU_demand,0,0,0,0.03,0,0,Additional 50% Reduction,Belize,BLZ,2020-07-04,v3
2020-06-24,ICU_incidence,0,0,0,0,0,0,Additional 50% Reduction,Belize,BLZ,2020-07-04,v3
2020-06-24,infections,0,0,0,0.65,0,6.05,Additional 50% Reduction,Belize,BLZ,2020-07-04,v3
2020-06-24,Rt,0.26,0.65,0.9,1.05,1.37,2.29,Additional 50% Reduction,Belize,BLZ,2020-07-04,v3
2020-06-24,cumulative_infections,287.08,767.25,1529.5,1630.59,2175.5,4438.35,Maintain Status Quo,Belize,BLZ,2020-07-04,v3
2020-06-24,deaths,0,0,0,0,0,0,Maintain Status Quo,Belize,BLZ,2020-07-04,v3
2020-06-24,hospital_demand,0,0,0,0.06,0,0.52,Maintain Status Quo,Belize,BLZ,2020-07-04,v3
2020-06-24,hospital_incidence,0,0,0,0,0,0,Maintain Status Quo,Belize,BLZ,2020-07-04,v3
2020-06-24,ICU_demand,0,0,0,0.03,0,0,Maintain Status Quo,Belize,BLZ,2020-07-04,v3
2020-06-24,ICU_incidence,0,0,0,0,0,0,Maintain Status Quo,Belize,BLZ,2020-07-04,v3
2020-06-24,infections,0,0,0,0.65,0,6.05,Maintain Status Quo,Belize,BLZ,2020-07-04,v3
2020-06-24,Rt,0.26,0.65,0.9,1.05,1.37,2.29,Maintain Status Quo,Belize,BLZ,2020-07-04,v3
2020-06-24,cumulative_infections,287.08,767.25,1529.5,1630.59,2175.5,4438.35,Relax Interventions 50%,Belize,BLZ,2020-07-04,v3
2020-06-24,deaths,0,0,0,0,0,0,Relax Interventions 50%,Belize,BLZ,2020-07-04,v3
2020-06-24,hospital_demand,0,0,0,0.06,0,0.52,Relax Interventions 50%,Belize,BLZ,2020-07-04,v3
2020-06-24,hospital_incidence,0,0,0,0,0,0,Relax Interventions 50%,Belize,BLZ,2020-07-04,v3
2020-06-24,ICU_demand,0,0,0,0.03,0,0,Relax Interventions 50%,Belize,BLZ,2020-07-04,v3
2020-06-24,ICU_incidence,0,0,0,0,0,0,Relax Interventions 50%,Belize,BLZ,2020-07-04,v3
2020-06-24,infections,0,0,0,0.65,0,6.05,Relax Interventions 50%,Belize,BLZ,2020-07-04,v3
2020-06-24,Rt,0.26,0.65,0.9,1.05,1.37,2.29,Relax Interventions 50%,Belize,BLZ,2020-07-04,v3
2020-06-24,cumulative_infections,266.28,934.75,1359.5,1584.38,1903,4784.4,Surged Additional 50% Reduction,Belize,BLZ,2020-07-04,v3
2020-06-24,deaths,0,0,0,0,0,0,Surged Additional 50% Reduction,Belize,BLZ,2020-07-04,v3
2020-06-24,hospital_demand,0,0,0,0.03,0,0,Surged Additional 50% Reduction,Belize,BLZ,2020-07-04,v3
2020-06-24,hospital_incidence,0,0,0,0,0,0,Surged Additional 50% Reduction,Belize,BLZ,2020-07-04,v3
2020-06-24,ICU_demand,0,0,0,0,0,0,Surged Additional 50% Reduction,Belize,BLZ,2020-07-04,v3
2020-06-24,ICU_incidence,0,0,0,0,0,0,Surged Additional 50% Reduction,Belize,BLZ,2020-07-04,v3
2020-06-24,infections,0,0,0,0.3,0,1.52,Surged Additional 50% Reduction,Belize,BLZ,2020-07-04,v3
2020-06-24,Rt,0.19,0.57,0.85,0.99,1.36,2.19,Surged Additional 50% Reduction,Belize,BLZ,2020-07-04,v3
2020-06-24,cumulative_infections,266.28,934.75,1359.5,1584.38,1903,4784.4,Surged Maintain Status Quo,Belize,BLZ,2020-07-04,v3
2020-06-24,deaths,0,0,0,0,0,0,Surged Maintain Status Quo,Belize,BLZ,2020-07-04,v3
2020-06-24,hospital_demand,0,0,0,0.03,0,0,Surged Maintain Status Quo,Belize,BLZ,2020-07-04,v3
2020-06-24,hospital_incidence,0,0,0,0,0,0,Surged Maintain Status Quo,Belize,BLZ,2020-07-04,v3
2020-06-24,ICU_demand,0,0,0,0,0,0,Surged Maintain Status Quo,Belize,BLZ,2020-07-04,v3
2020-06-24,ICU_incidence,0,0,0,0,0,0,Surged Maintain Status Quo,Belize,BLZ,2020-07-04,v3
2020-06-24,infections,0,0,0,0.3,0,1.52,Surged Maintain Status Quo,Belize,BLZ,2020-07-04,v3
2020-06-24,Rt,0.19,0.57,0.85,0.99,1.36,2.19,Surged Maintain Status Quo,Belize,BLZ,2020-07-04,v3
2020-06-24,cumulative_infections,266.28,934.75,1359.5,1584.38,1903,4784.4,Surged Relax Interventions 50%,Belize,BLZ,2020-07-04,v3
2020-06-24,deaths,0,0,0,0,0,0,Surged Relax Interventions 50%,Belize,BLZ,2020-07-04,v3
2020-06-24,hospital_demand,0,0,0,0.03,0,0,Surged Relax Interventions 50%,Belize,BLZ,2020-07-04,v3
2020-06-24,hospital_incidence,0,0,0,0,0,0,Surged Relax Interventions 50%,Belize,BLZ,2020-07-04,v3
2020-06-24,ICU_demand,0,0,0,0,0,0,Surged Relax Interventions 50%,Belize,BLZ,2020-07-04,v3
2020-06-24,ICU_incidence,0,0,0,0,0,0,Surged Relax Interventions 50%,Belize,BLZ,2020-07-04,v3
2020-06-24,infections,0,0,0,0.3,0,1.52,Surged Relax Interventions 50%,Belize,BLZ,2020-07-04,v3
2020-06-24,Rt,0.19,0.57,0.85,0.99,1.36,2.19,Surged Relax Interventions 50%,Belize,BLZ,2020-07-04,v3
2020-06-25,cumulative_infections,287.08,767.25,1529.5,1631.54,2175.5,4438.35,Additional 50% Reduction,Belize,BLZ,2020-07-04,v3
2020-06-25,deaths,0,0,0,0,0,0,Additional 50% Reduction,Belize,BLZ,2020-07-04,v3
2020-06-25,hospital_demand,0,0,0,0.09,0,1,Additional 50% Reduction,Belize,BLZ,2020-07-04,v3
2020-06-25,hospital_incidence,0,0,0,0,0,0,Additional 50% Reduction,Belize,BLZ,2020-07-04,v3
2020-06-25,ICU_demand,0,0,0,0.03,0,0,Additional 50% Reduction,Belize,BLZ,2020-07-04,v3
2020-06-25,ICU_incidence,0,0,0,0,0,0,Additional 50% Reduction,Belize,BLZ,2020-07-04,v3
2020-06-25,infections,0,0,0,0.95,0,14.4,Additional 50% Reduction,Belize,BLZ,2020-07-04,v3
2020-06-25,Rt,0.26,0.7,1.01,1.14,1.45,2.47,Additional 50% Reduction,Belize,BLZ,2020-07-04,v3
2020-06-25,cumulative_infections,287.08,767.25,1529.5,1631.54,2175.5,4438.35,Maintain Status Quo,Belize,BLZ,2020-07-04,v3
2020-06-25,deaths,0,0,0,0,0,0,Maintain Status Quo,Belize,BLZ,2020-07-04,v3
2020-06-25,hospital_demand,0,0,0,0.09,0,1,Maintain Status Quo,Belize,BLZ,2020-07-04,v3
2020-06-25,hospital_incidence,0,0,0,0,0,0,Maintain Status Quo,Belize,BLZ,2020-07-04,v3
2020-06-25,ICU_demand,0,0,0,0.03,0,0,Maintain Status Quo,Belize,BLZ,2020-07-04,v3
2020-06-25,ICU_incidence,0,0,0,0,0,0,Maintain Status Quo,Belize,BLZ,2020-07-04,v3
2020-06-25,infections,0,0,0,0.95,0,14.4,Maintain Status Quo,Belize,BLZ,2020-07-04,v3
2020-06-25,Rt,0.26,0.7,1.01,1.14,1.45,2.47,Maintain Status Quo,Belize,BLZ,2020-07-04,v3
2020-06-25,cumulative_infections,287.08,767.25,1529.5,1631.54,2175.5,4438.35,Relax Interventions 50%,Belize,BLZ,2020-07-04,v3
2020-06-25,deaths,0,0,0,0,0,0,Relax Interventions 50%,Belize,BLZ,2020-07-04,v3
2020-06-25,hospital_demand,0,0,0,0.09,0,1,Relax Interventions 50%,Belize,BLZ,2020-07-04,v3
2020-06-25,hospital_incidence,0,0,0,0,0,0,Relax Interventions 50%,Belize,BLZ,2020-07-04,v3
2020-06-25,ICU_demand,0,0,0,0.03,0,0,Relax Interventions 50%,Belize,BLZ,2020-07-04,v3
2020-06-25,ICU_incidence,0,0,0,0,0,0,Relax Interventions 50%,Belize,BLZ,2020-07-04,v3
2020-06-25,infections,0,0,0,0.95,0,14.4,Relax Interventions 50%,Belize,BLZ,2020-07-04,v3
2020-06-25,Rt,0.26,0.7,1.01,1.14,1.45,2.47,Relax Interventions 50%,Belize,BLZ,2020-07-04,v3
2020-06-25,cumulative_infections,266.28,934.75,1359.5,1584.78,1903.75,4784.4,Surged Additional 50% Reduction,Belize,BLZ,2020-07-04,v3
2020-06-25,deaths,0,0,0,0,0,0,Surged Additional 50% Reduction,Belize,BLZ,2020-07-04,v3
2020-06-25,hospital_demand,0,0,0,0.05,0,0,Surged Additional 50% Reduction,Belize,BLZ,2020-07-04,v3
2020-06-25,hospital_incidence,0,0,0,0,0,0,Surged Additional 50% Reduction,Belize,BLZ,2020-07-04,v3
2020-06-25,ICU_demand,0,0,0,0,0,0,Surged Additional 50% Reduction,Belize,BLZ,2020-07-04,v3
2020-06-25,ICU_incidence,0,0,0,0,0,0,Surged Additional 50% Reduction,Belize,BLZ,2020-07-04,v3
2020-06-25,infections,0,0,0,0.4,0,3,Surged Additional 50% Reduction,Belize,BLZ,2020-07-04,v3
2020-06-25,Rt,0.2,0.6,0.92,1.07,1.51,2.34,Surged Additional 50% Reduction,Belize,BLZ,2020-07-04,v3
2020-06-25,cumulative_infections,266.28,934.75,1359.5,1584.78,1903.75,4784.4,Surged Maintain Status Quo,Belize,BLZ,2020-07-04,v3
2020-06-25,deaths,0,0,0,0,0,0,Surged Maintain Status Quo,Belize,BLZ,2020-07-04,v3
2020-06-25,hospital_demand,0,0,0,0.05,0,0,Surged Maintain Status Quo,Belize,BLZ,2020-07-04,v3
2020-06-25,hospital_incidence,0,0,0,0,0,0,Surged Maintain Status Quo,Belize,BLZ,2020-07-04,v3
2020-06-25,ICU_demand,0,0,0,0,0,0,Surged Maintain Status Quo,Belize,BLZ,2020-07-04,v3
2020-06-25,ICU_incidence,0,0,0,0,0,0,Surged Maintain Status Quo,Belize,BLZ,2020-07-04,v3
2020-06-25,infections,0,0,0,0.4,0,3,Surged Maintain Status Quo,Belize,BLZ,2020-07-04,v3
2020-06-25,Rt,0.2,0.6,0.92,1.07,1.51,2.34,Surged Maintain Status Quo,Belize,BLZ,2020-07-04,v3
2020-06-25,cumulative_infections,266.28,934.75,1359.5,1584.78,1903.75,4784.4,Surged Relax Interventions 50%,Belize,BLZ,2020-07-04,v3
2020-06-25,deaths,0,0,0,0,0,0,Surged Relax Interventions 50%,Belize,BLZ,2020-07-04,v3
2020-06-25,hospital_demand,0,0,0,0.05,0,0,Surged Relax Interventions 50%,Belize,BLZ,2020-07-04,v3
2020-06-25,hospital_incidence,0,0,0,0,0,0,Surged Relax Interventions 50%,Belize,BLZ,2020-07-04,v3
2020-06-25,ICU_demand,0,0,0,0,0,0,Surged Relax Interventions 50%,Belize,BLZ,2020-07-04,v3
2020-06-25,ICU_incidence,0,0,0,0,0,0,Surged Relax Interventions 50%,Belize,BLZ,2020-07-04,v3
2020-06-25,infections,0,0,0,0.4,0,3,Surged Relax Interventions 50%,Belize,BLZ,2020-07-04,v3
2020-06-25,Rt,0.2,0.6,0.92,1.07,1.51,2.34,Surged Relax Interventions 50%,Belize,BLZ,2020-07-04,v3
2020-06-26,cumulative_infections,287.08,767.25,1529.5,1632.41,2175.5,4438.35,Additional 50% Reduction,Belize,BLZ,2020-07-04,v3
2020-06-26,deaths,0,0,0,0,0,0,Additional 50% Reduction,Belize,BLZ,2020-07-04,v3
2020-06-26,hospital_demand,0,0,0,0.06,0,1,Additional 50% Reduction,Belize,BLZ,2020-07-04,v3
2020-06-26,hospital_incidence,0,0,0,0,0,0,Additional 50% Reduction,Belize,BLZ,2020-07-04,v3
2020-06-26,ICU_demand,0,0,0,0.03,0,0,Additional 50% Reduction,Belize,BLZ,2020-07-04,v3
2020-06-26,ICU_incidence,0,0,0,0,0,0,Additional 50% Reduction,Belize,BLZ,2020-07-04,v3
2020-06-26,infections,0,0,0,0.87,0,13.77,Additional 50% Reduction,Belize,BLZ,2020-07-04,v3
2020-06-26,Rt,0.27,0.79,1.21,1.36,1.76,2.91,Additional 50% Reduction,Belize,BLZ,2020-07-04,v3
2020-06-26,cumulative_infections,287.08,767.25,1529.5,1632.41,2175.5,4438.35,Maintain Status Quo,Belize,BLZ,2020-07-04,v3
2020-06-26,deaths,0,0,0,0,0,0,Maintain Status Quo,Belize,BLZ,2020-07-04,v3
2020-06-26,hospital_demand,0,0,0,0.06,0,1,Maintain Status Quo,Belize,BLZ,2020-07-04,v3
2020-06-26,hospital_incidence,0,0,0,0,0,0,Maintain Status Quo,Belize,BLZ,2020-07-04,v3
2020-06-26,ICU_demand,0,0,0,0.03,0,0,Maintain Status Quo,Belize,BLZ,2020-07-04,v3
2020-06-26,ICU_incidence,0,0,0,0,0,0,Maintain Status Quo,Belize,BLZ,2020-07-04,v3
2020-06-26,infections,0,0,0,0.87,0,13.77,Maintain Status Quo,Belize,BLZ,2020-07-04,v3
2020-06-26,Rt,0.27,0.79,1.21,1.36,1.76,2.91,Maintain Status Quo,Belize,BLZ,2020-07-04,v3
2020-06-26,cumulative_infections,287.08,767.25,1529.5,1632.41,2175.5,4438.35,Relax Interventions 50%,Belize,BLZ,2020-07-04,v3
2020-06-26,deaths,0,0,0,0,0,0,Relax Interventions 50%,Belize,BLZ,2020-07-04,v3
2020-06-26,hospital_demand,0,0,0,0.06,0,1,Relax Interventions 50%,Belize,BLZ,2020-07-04,v3
2020-06-26,hospital_incidence,0,0,0,0,0,0,Relax Interventions 50%,Belize,BLZ,2020-07-04,v3
2020-06-26,ICU_demand,0,0,0,0.03,0,0,Relax Interventions 50%,Belize,BLZ,2020-07-04,v3
2020-06-26,ICU_incidence,0,0,0,0,0,0,Relax Interventions 50%,Belize,BLZ,2020-07-04,v3
2020-06-26,infections,0,0,0,0.87,0,13.77,Relax Interventions 50%,Belize,BLZ,2020-07-04,v3
2020-06-26,Rt,0.27,0.79,1.21,1.36,1.76,2.91,Relax Interventions 50%,Belize,BLZ,2020-07-04,v3
2020-06-26,cumulative_infections,266.28,934.75,1359.5,1585.12,1903.75,4784.4,Surged Additional 50% Reduction,Belize,BLZ,2020-07-04,v3
2020-06-26,deaths,0,0,0,0,0,0,Surged Additional 50% Reduction,Belize,BLZ,2020-07-04,v3
2020-06-26,hospital_demand,0,0,0,0.05,0,0,Surged Additional 50% Reduction,Belize,BLZ,2020-07-04,v3
2020-06-26,hospital_incidence,0,0,0,0,0,0,Surged Additional 50% Reduction,Belize,BLZ,2020-07-04,v3
2020-06-26,ICU_demand,0,0,0,0,0,0,Surged Additional 50% Reduction,Belize,BLZ,2020-07-04,v3
2020-06-26,ICU_incidence,0,0,0,0,0,0,Surged Additional 50% Reduction,Belize,BLZ,2020-07-04,v3
2020-06-26,infections,0,0,0,0.34,0,4.15,Surged Additional 50% Reduction,Belize,BLZ,2020-07-04,v3
2020-06-26,Rt,0.22,0.72,1.11,1.28,1.92,2.83,Surged Additional 50% Reduction,Belize,BLZ,2020-07-04,v3
2020-06-26,cumulative_infections,266.28,934.75,1359.5,1585.12,1903.75,4784.4,Surged Maintain Status Quo,Belize,BLZ,2020-07-04,v3
2020-06-26,deaths,0,0,0,0,0,0,Surged Maintain Status Quo,Belize,BLZ,2020-07-04,v3
2020-06-26,hospital_demand,0,0,0,0.05,0,0,Surged Maintain Status Quo,Belize,BLZ,2020-07-04,v3
2020-06-26,hospital_incidence,0,0,0,0,0,0,Surged Maintain Status Quo,Belize,BLZ,2020-07-04,v3
2020-06-26,ICU_demand,0,0,0,0,0,0,Surged Maintain Status Quo,Belize,BLZ,2020-07-04,v3
2020-06-26,ICU_incidence,0,0,0,0,0,0,Surged Maintain Status Quo,Belize,BLZ,2020-07-04,v3
2020-06-26,infections,0,0,0,0.34,0,4.15,Surged Maintain Status Quo,Belize,BLZ,2020-07-04,v3
2020-06-26,Rt,0.22,0.72,1.11,1.28,1.92,2.83,Surged Maintain Status Quo,Belize,BLZ,2020-07-04,v3
2020-06-26,cumulative_infections,266.28,934.75,1359.5,1585.12,1903.75,4784.4,Surged Relax Interventions 50%,Belize,BLZ,2020-07-04,v3
2020-06-26,deaths,0,0,0,0,0,0,Surged Relax Interventions 50%,Belize,BLZ,2020-07-04,v3
2020-06-26,hospital_demand,0,0,0,0.05,0,0,Surged Relax Interventions 50%,Belize,BLZ,2020-07-04,v3
2020-06-26,hospital_incidence,0,0,0,0,0,0,Surged Relax Interventions 50%,Belize,BLZ,2020-07-04,v3
2020-06-26,ICU_demand,0,0,0,0,0,0,Surged Relax Interventions 50%,Belize,BLZ,2020-07-04,v3
2020-06-26,ICU_incidence,0,0,0,0,0,0,Surged Relax Interventions 50%,Belize,BLZ,2020-07-04,v3
2020-06-26,infections,0,0,0,0.34,0,4.15,Surged Relax Interventions 50%,Belize,BLZ,2020-07-04,v3
2020-06-26,Rt,0.22,0.72,1.11,1.28,1.92,2.83,Surged Relax Interventions 50%,Belize,BLZ,2020-07-04,v3
2020-06-27,cumulative_infections,287.08,767.25,1529.5,1633.33,2175.5,4438.35,Additional 50% Reduction,Belize,BLZ,2020-07-04,v3
2020-06-27,deaths,0,0,0,0,0,0,Additional 50% Reduction,Belize,BLZ,2020-07-04,v3
2020-06-27,hospital_demand,0,0,0,0.07,0,1,Additional 50% Reduction,Belize,BLZ,2020-07-04,v3
2020-06-27,hospital_incidence,0,0,0,0,0,0,Additional 50% Reduction,Belize,BLZ,2020-07-04,v3
2020-06-27,ICU_demand,0,0,0,0.03,0,0,Additional 50% Reduction,Belize,BLZ,2020-07-04,v3
2020-06-27,ICU_incidence,0,0,0,0,0,0,Additional 50% Reduction,Belize,BLZ,2020-07-04,v3
2020-06-27,infections,0,0,0,0.92,0,15.25,Additional 50% Reduction,Belize,BLZ,2020-07-04,v3
2020-06-27,Rt,0.29,0.95,1.5,1.68,2.21,3.62,Additional 50% Reduction,Belize,BLZ,2020-07-04,v3
2020-06-27,cumulative_infections,287.08,767.25,1529.5,1633.33,2175.5,4438.35,Maintain Status Quo,Belize,BLZ,2020-07-04,v3
2020-06-27,deaths,0,0,0,0,0,0,Maintain Status Quo,Belize,BLZ,2020-07-04,v3
2020-06-27,hospital_demand,0,0,0,0.07,0,1,Maintain Status Quo,Belize,BLZ,2020-07-04,v3
2020-06-27,hospital_incidence,0,0,0,0,0,0,Maintain Status Quo,Belize,BLZ,2020-07-04,v3
2020-06-27,ICU_demand,0,0,0,0.03,0,0,Maintain Status Quo,Belize,BLZ,2020-07-04,v3
2020-06-27,ICU_incidence,0,0,0,0,0,0,Maintain Status Quo,Belize,BLZ,2020-07-04,v3
2020-06-27,infections,0,0,0,0.92,0,15.25,Maintain Status Quo,Belize,BLZ,2020-07-04,v3
2020-06-27,Rt,0.29,0.95,1.5,1.68,2.21,3.62,Maintain Status Quo,Belize,BLZ,2020-07-04,v3
2020-06-27,cumulative_infections,287.08,767.25,1529.5,1633.33,2175.5,4438.35,Relax Interventions 50%,Belize,BLZ,2020-07-04,v3
2020-06-27,deaths,0,0,0,0,0,0,Relax Interventions 50%,Belize,BLZ,2020-07-04,v3
2020-06-27,hospital_demand,0,0,0,0.07,0,1,Relax Interventions 50%,Belize,BLZ,2020-07-04,v3
2020-06-27,hospital_incidence,0,0,0,0,0,0,Relax Interventions 50%,Belize,BLZ,2020-07-04,v3
2020-06-27,ICU_demand,0,0,0,0.03,0,0,Relax Interventions 50%,Belize,BLZ,2020-07-04,v3
2020-06-27,ICU_incidence,0,0,0,0,0,0,Relax Interventions 50%,Belize,BLZ,2020-07-04,v3
2020-06-27,infections,0,0,0,0.92,0,15.25,Relax Interventions 50%,Belize,BLZ,2020-07-04,v3
2020-06-27,Rt,0.29,0.95,1.5,1.68,2.21,3.62,Relax Interventions 50%,Belize,BLZ,2020-07-04,v3
2020-06-27,cumulative_infections,266.28,934.75,1359.5,1585.61,1904,4784.4,Surged Additional 50% Reduction,Belize,BLZ,2020-07-04,v3
2020-06-27,deaths,0,0,0,0,0,0,Surged Additional 50% Reduction,Belize,BLZ,2020-07-04,v3
2020-06-27,hospital_demand,0,0,0,0.03,0,0,Surged Additional 50% Reduction,Belize,BLZ,2020-07-04,v3
2020-06-27,hospital_incidence,0,0,0,0,0,0,Surged Additional 50% Reduction,Belize,BLZ,2020-07-04,v3
2020-06-27,ICU_demand,0,0,0,0,0,0,Surged Additional 50% Reduction,Belize,BLZ,2020-07-04,v3
2020-06-27,ICU_incidence,0,0,0,0,0,0,Surged Additional 50% Reduction,Belize,BLZ,2020-07-04,v3
2020-06-27,infections,0,0,0,0.49,0,7.72,Surged Additional 50% Reduction,Belize,BLZ,2020-07-04,v3
2020-06-27,Rt,0.22,0.83,1.34,1.58,2.38,3.47,Surged Additional 50% Reduction,Belize,BLZ,2020-07-04,v3
2020-06-27,cumulative_infections,266.28,934.75,1359.5,1585.61,1904,4784.4,Surged Maintain Status Quo,Belize,BLZ,2020-07-04,v3
2020-06-27,deaths,0,0,0,0,0,0,Surged Maintain Status Quo,Belize,BLZ,2020-07-04,v3
2020-06-27,hospital_demand,0,0,0,0.03,0,0,Surged Maintain Status Quo,Belize,BLZ,2020-07-04,v3
2020-06-27,hospital_incidence,0,0,0,0,0,0,Surged Maintain Status Quo,Belize,BLZ,2020-07-04,v3
2020-06-27,ICU_demand,0,0,0,0,0,0,Surged Maintain Status Quo,Belize,BLZ,2020-07-04,v3
2020-06-27,ICU_incidence,0,0,0,0,0,0,Surged Maintain Status Quo,Belize,BLZ,2020-07-04,v3
2020-06-27,infections,0,0,0,0.49,0,7.72,Surged Maintain Status Quo,Belize,BLZ,2020-07-04,v3
2020-06-27,Rt,0.22,0.83,1.34,1.58,2.38,3.47,Surged Maintain Status Quo,Belize,BLZ,2020-07-04,v3
2020-06-27,cumulative_infections,266.28,934.75,1359.5,1585.61,1904,4784.4,Surged Relax Interventions 50%,Belize,BLZ,2020-07-04,v3
2020-06-27,deaths,0,0,0,0,0,0,Surged Relax Interventions 50%,Belize,BLZ,2020-07-04,v3
2020-06-27,hospital_demand,0,0,0,0.03,0,0,Surged Relax Interventions 50%,Belize,BLZ,2020-07-04,v3
2020-06-27,hospital_incidence,0,0,0,0,0,0,Surged Relax Interventions 50%,Belize,BLZ,2020-07-04,v3
2020-06-27,ICU_demand,0,0,0,0,0,0,Surged Relax Interventions 50%,Belize,BLZ,2020-07-04,v3
2020-06-27,ICU_incidence,0,0,0,0,0,0,Surged Relax Interventions 50%,Belize,BLZ,2020-07-04,v3
2020-06-27,infections,0,0,0,0.49,0,7.72,Surged Relax Interventions 50%,Belize,BLZ,2020-07-04,v3
2020-06-27,Rt,0.22,0.83,1.34,1.58,2.38,3.47,Surged Relax Interventions 50%,Belize,BLZ,2020-07-04,v3
2020-06-28,cumulative_infections,287.08,767.25,1529.5,1634.32,2175.5,4438.35,Additional 50% Reduction,Belize,BLZ,2020-07-04,v3
2020-06-28,deaths,0,0,0,0,0,0,Additional 50% Reduction,Belize,BLZ,2020-07-04,v3
2020-06-28,hospital_demand,0,0,0,0.07,0,1,Additional 50% Reduction,Belize,BLZ,2020-07-04,v3
2020-06-28,hospital_incidence,0,0,0,0,0,0,Additional 50% Reduction,Belize,BLZ,2020-07-04,v3
2020-06-28,ICU_demand,0,0,0,0.03,0,0,Additional 50% Reduction,Belize,BLZ,2020-07-04,v3
2020-06-28,ICU_incidence,0,0,0,0,0,0,Additional 50% Reduction,Belize,BLZ,2020-07-04,v3
2020-06-28,infections,0,0,0,0.99,0,13.57,Additional 50% Reduction,Belize,BLZ,2020-07-04,v3
2020-06-28,Rt,0.26,0.67,0.95,1.09,1.41,2.37,Additional 50% Reduction,Belize,BLZ,2020-07-04,v3
2020-06-28,cumulative_infections,287.08,767.25,1529.5,1634.32,2175.5,4438.35,Maintain Status Quo,Belize,BLZ,2020-07-04,v3
2020-06-28,deaths,0,0,0,0,0,0,Maintain Status Quo,Belize,BLZ,2020-07-04,v3
2020-06-28,hospital_demand,0,0,0,0.07,0,1,Maintain Status Quo,Belize,BLZ,2020-07-04,v3
2020-06-28,hospital_incidence,0,0,0,0,0,0,Maintain Status Quo,Belize,BLZ,2020-07-04,v3
2020-06-28,ICU_demand,0,0,0,0.03,0,0,Maintain Status Quo,Belize,BLZ,2020-07-04,v3
2020-06-28,ICU_incidence,0,0,0,0,0,0,Maintain Status Quo,Belize,BLZ,2020-07-04,v3
2020-06-28,infections,0,0,0,0.99,0,13.57,Maintain Status Quo,Belize,BLZ,2020-07-04,v3
2020-06-28,Rt,0.26,0.67,0.95,1.09,1.41,2.37,Maintain Status Quo,Belize,BLZ,2020-07-04,v3
2020-06-28,cumulative_infections,287.08,767.25,1529.5,1634.32,2175.5,4438.35,Relax Interventions 50%,Belize,BLZ,2020-07-04,v3
2020-06-28,deaths,0,0,0,0,0,0,Relax Interventions 50%,Belize,BLZ,2020-07-04,v3
2020-06-28,hospital_demand,0,0,0,0.07,0,1,Relax Interventions 50%,Belize,BLZ,2020-07-04,v3
2020-06-28,hospital_incidence,0,0,0,0,0,0,Relax Interventions 50%,Belize,BLZ,2020-07-04,v3
2020-06-28,ICU_demand,0,0,0,0.03,0,0,Relax Interventions 50%,Belize,BLZ,2020-07-04,v3
2020-06-28,ICU_incidence,0,0,0,0,0,0,Relax Interventions 50%,Belize,BLZ,2020-07-04,v3
2020-06-28,infections,0,0,0,0.99,0,13.57,Relax Interventions 50%,Belize,BLZ,2020-07-04,v3
2020-06-28,Rt,0.26,0.67,0.95,1.09,1.41,2.37,Relax Interventions 50%,Belize,BLZ,2020-07-04,v3
2020-06-28,cumulative_infections,266.28,934.75,1359.5,1586,1904.25,4784.4,Surged Additional 50% Reduction,Belize,BLZ,2020-07-04,v3
2020-06-28,deaths,0,0,0,0,0,0,Surged Additional 50% Reduction,Belize,BLZ,2020-07-04,v3
2020-06-28,hospital_demand,0,0,0,0.03,0,0,Surged Additional 50% Reduction,Belize,BLZ,2020-07-04,v3
2020-06-28,hospital_incidence,0,0,0,0,0,0,Surged Additional 50% Reduction,Belize,BLZ,2020-07-04,v3
2020-06-28,ICU_demand,0,0,0,0,0,0,Surged Additional 50% Reduction,Belize,BLZ,2020-07-04,v3
2020-06-28,ICU_incidence,0,0,0,0,0,0,Surged Additional 50% Reduction,Belize,BLZ,2020-07-04,v3
2020-06-28,infections,0,0,0,0.39,0,2.52,Surged Additional 50% Reduction,Belize,BLZ,2020-07-04,v3
2020-06-28,Rt,0.2,0.58,0.88,1.03,1.43,2.26,Surged Additional 50% Reduction,Belize,BLZ,2020-07-04,v3
2020-06-28,cumulative_infections,266.28,934.75,1359.5,1586,1904.25,4784.4,Surged Maintain Status Quo,Belize,BLZ,2020-07-04,v3
2020-06-28,deaths,0,0,0,0,0,0,Surged Maintain Status Quo,Belize,BLZ,2020-07-04,v3
2020-06-28,hospital_demand,0,0,0,0.03,0,0,Surged Maintain Status Quo,Belize,BLZ,2020-07-04,v3
2020-06-28,hospital_incidence,0,0,0,0,0,0,Surged Maintain Status Quo,Belize,BLZ,2020-07-04,v3
2020-06-28,ICU_demand,0,0,0,0,0,0,Surged Maintain Status Quo,Belize,BLZ,2020-07-04,v3
2020-06-28,ICU_incidence,0,0,0,0,0,0,Surged Maintain Status Quo,Belize,BLZ,2020-07-04,v3
2020-06-28,infections,0,0,0,0.39,0,2.52,Surged Maintain Status Quo,Belize,BLZ,2020-07-04,v3
2020-06-28,Rt,0.2,0.58,0.88,1.03,1.43,2.26,Surged Maintain Status Quo,Belize,BLZ,2020-07-04,v3
2020-06-28,cumulative_infections,266.28,934.75,1359.5,1586,1904.25,4784.4,Surged Relax Interventions 50%,Belize,BLZ,2020-07-04,v3
2020-06-28,deaths,0,0,0,0,0,0,Surged Relax Interventions 50%,Belize,BLZ,2020-07-04,v3
2020-06-28,hospital_demand,0,0,0,0.03,0,0,Surged Relax Interventions 50%,Belize,BLZ,2020-07-04,v3
2020-06-28,hospital_incidence,0,0,0,0,0,0,Surged Relax Interventions 50%,Belize,BLZ,2020-07-04,v3
2020-06-28,ICU_demand,0,0,0,0,0,0,Surged Relax Interventions 50%,Belize,BLZ,2020-07-04,v3
2020-06-28,ICU_incidence,0,0,0,0,0,0,Surged Relax Interventions 50%,Belize,BLZ,2020-07-04,v3
2020-06-28,infections,0,0,0,0.39,0,2.52,Surged Relax Interventions 50%,Belize,BLZ,2020-07-04,v3
2020-06-28,Rt,0.2,0.58,0.88,1.03,1.43,2.26,Surged Relax Interventions 50%,Belize,BLZ,2020-07-04,v3
2020-06-29,cumulative_infections,287.08,767.25,1529.5,1635.47,2176.25,4438.35,Additional 50% Reduction,Belize,BLZ,2020-07-04,v3
2020-06-29,deaths,0,0,0,0,0,0,Additional 50% Reduction,Belize,BLZ,2020-07-04,v3
2020-06-29,hospital_demand,0,0,0,0.08,0,1,Additional 50% Reduction,Belize,BLZ,2020-07-04,v3
2020-06-29,hospital_incidence,0,0,0,0,0,0,Additional 50% Reduction,Belize,BLZ,2020-07-04,v3
2020-06-29,ICU_demand,0,0,0,0.03,0,0,Additional 50% Reduction,Belize,BLZ,2020-07-04,v3
2020-06-29,ICU_incidence,0,0,0,0,0,0,Additional 50% Reduction,Belize,BLZ,2020-07-04,v3
2020-06-29,infections,0,0,0,1.15,0,17.52,Additional 50% Reduction,Belize,BLZ,2020-07-04,v3
2020-06-29,Rt,0.26,0.67,0.95,1.09,1.41,2.37,Additional 50% Reduction,Belize,BLZ,2020-07-04,v3
2020-06-29,cumulative_infections,287.08,767.25,1529.5,1635.47,2176.25,4438.35,Maintain Status Quo,Belize,BLZ,2020-07-04,v3
2020-06-29,deaths,0,0,0,0,0,0,Maintain Status Quo,Belize,BLZ,2020-07-04,v3
2020-06-29,hospital_demand,0,0,0,0.08,0,1,Maintain Status Quo,Belize,BLZ,2020-07-04,v3
2020-06-29,hospital_incidence,0,0,0,0,0,0,Maintain Status Quo,Belize,BLZ,2020-07-04,v3
2020-06-29,ICU_demand,0,0,0,0.03,0,0,Maintain Status Quo,Belize,BLZ,2020-07-04,v3
2020-06-29,ICU_incidence,0,0,0,0,0,0,Maintain Status Quo,Belize,BLZ,2020-07-04,v3
2020-06-29,infections,0,0,0,1.15,0,17.52,Maintain Status Quo,Belize,BLZ,2020-07-04,v3
2020-06-29,Rt,0.26,0.67,0.95,1.09,1.41,2.37,Maintain Status Quo,Belize,BLZ,2020-07-04,v3
2020-06-29,cumulative_infections,287.08,767.25,1529.5,1635.47,2176.25,4438.35,Relax Interventions 50%,Belize,BLZ,2020-07-04,v3
2020-06-29,deaths,0,0,0,0,0,0,Relax Interventions 50%,Belize,BLZ,2020-07-04,v3
2020-06-29,hospital_demand,0,0,0,0.08,0,1,Relax Interventions 50%,Belize,BLZ,2020-07-04,v3
2020-06-29,hospital_incidence,0,0,0,0,0,0,Relax Interventions 50%,Belize,BLZ,2020-07-04,v3
2020-06-29,ICU_demand,0,0,0,0.03,0,0,Relax Interventions 50%,Belize,BLZ,2020-07-04,v3
2020-06-29,ICU_incidence,0,0,0,0,0,0,Relax Interventions 50%,Belize,BLZ,2020-07-04,v3
2020-06-29,infections,0,0,0,1.15,0,17.52,Relax Interventions 50%,Belize,BLZ,2020-07-04,v3
2020-06-29,Rt,0.26,0.67,0.95,1.09,1.41,2.37,Relax Interventions 50%,Belize,BLZ,2020-07-04,v3
2020-06-29,cumulative_infections,266.28,934.75,1359.5,1586.58,1904.5,4784.4,Surged Additional 50% Reduction,Belize,BLZ,2020-07-04,v3
2020-06-29,deaths,0,0,0,0,0,0,Surged Additional 50% Reduction,Belize,BLZ,2020-07-04,v3
2020-06-29,hospital_demand,0,0,0,0.03,0,0,Surged Additional 50% Reduction,Belize,BLZ,2020-07-04,v3
2020-06-29,hospital_incidence,0,0,0,0,0,0,Surged Additional 50% Reduction,Belize,BLZ,2020-07-04,v3
2020-06-29,ICU_demand,0,0,0,0,0,0,Surged Additional 50% Reduction,Belize,BLZ,2020-07-04,v3
2020-06-29,ICU_incidence,0,0,0,0,0,0,Surged Additional 50% Reduction,Belize,BLZ,2020-07-04,v3
2020-06-29,infections,0,0,0,0.58,0,7.25,Surged Additional 50% Reduction,Belize,BLZ,2020-07-04,v3
2020-06-29,Rt,0.2,0.58,0.88,1.03,1.43,2.26,Surged Additional 50% Reduction,Belize,BLZ,2020-07-04,v3
2020-06-29,cumulative_infections,266.28,934.75,1359.5,1586.58,1904.5,4784.4,Surged Maintain Status Quo,Belize,BLZ,2020-07-04,v3
2020-06-29,deaths,0,0,0,0,0,0,Surged Maintain Status Quo,Belize,BLZ,2020-07-04,v3
2020-06-29,hospital_demand,0,0,0,0.03,0,0,Surged Maintain Status Quo,Belize,BLZ,2020-07-04,v3
2020-06-29,hospital_incidence,0,0,0,0,0,0,Surged Maintain Status Quo,Belize,BLZ,2020-07-04,v3
2020-06-29,ICU_demand,0,0,0,0,0,0,Surged Maintain Status Quo,Belize,BLZ,2020-07-04,v3
2020-06-29,ICU_incidence,0,0,0,0,0,0,Surged Maintain Status Quo,Belize,BLZ,2020-07-04,v3
2020-06-29,infections,0,0,0,0.58,0,7.25,Surged Maintain Status Quo,Belize,BLZ,2020-07-04,v3
2020-06-29,Rt,0.2,0.58,0.88,1.03,1.43,2.26,Surged Maintain Status Quo,Belize,BLZ,2020-07-04,v3
2020-06-29,cumulative_infections,266.28,934.75,1359.5,1586.58,1904.5,4784.4,Surged Relax Interventions 50%,Belize,BLZ,2020-07-04,v3
2020-06-29,deaths,0,0,0,0,0,0,Surged Relax Interventions 50%,Belize,BLZ,2020-07-04,v3
2020-06-29,hospital_demand,0,0,0,0.03,0,0,Surged Relax Interventions 50%,Belize,BLZ,2020-07-04,v3
2020-06-29,hospital_incidence,0,0,0,0,0,0,Surged Relax Interventions 50%,Belize,BLZ,2020-07-04,v3
2020-06-29,ICU_demand,0,0,0,0,0,0,Surged Relax Interventions 50%,Belize,BLZ,2020-07-04,v3
2020-06-29,ICU_incidence,0,0,0,0,0,0,Surged Relax Interventions 50%,Belize,BLZ,2020-07-04,v3
2020-06-29,infections,0,0,0,0.58,0,7.25,Surged Relax Interventions 50%,Belize,BLZ,2020-07-04,v3
2020-06-29,Rt,0.2,0.58,0.88,1.03,1.43,2.26,Surged Relax Interventions 50%,Belize,BLZ,2020-07-04,v3
2020-06-30,cumulative_infections,287.08,767.25,1529.5,1636.69,2201.75,4438.35,Additional 50% Reduction,Belize,BLZ,2020-07-04,v3
2020-06-30,deaths,0,0,0,0.01,0,0,Additional 50% Reduction,Belize,BLZ,2020-07-04,v3
2020-06-30,hospital_demand,0,0,0,0.08,0,1,Additional 50% Reduction,Belize,BLZ,2020-07-04,v3
2020-06-30,hospital_incidence,0,0,0,0,0,0,Additional 50% Reduction,Belize,BLZ,2020-07-04,v3
2020-06-30,ICU_demand,0,0,0,0.03,0,0,Additional 50% Reduction,Belize,BLZ,2020-07-04,v3
2020-06-30,ICU_incidence,0,0,0,0,0,0,Additional 50% Reduction,Belize,BLZ,2020-07-04,v3
2020-06-30,infections,0,0,0,1.22,0,23.15,Additional 50% Reduction,Belize,BLZ,2020-07-04,v3
2020-06-30,Rt,0.26,0.67,0.95,1.09,1.41,2.37,Additional 50% Reduction,Belize,BLZ,2020-07-04,v3
2020-06-30,cumulative_infections,287.08,767.25,1529.5,1636.69,2201.75,4438.35,Maintain Status Quo,Belize,BLZ,2020-07-04,v3
2020-06-30,deaths,0,0,0,0.01,0,0,Maintain Status Quo,Belize,BLZ,2020-07-04,v3
2020-06-30,hospital_demand,0,0,0,0.08,0,1,Maintain Status Quo,Belize,BLZ,2020-07-04,v3
2020-06-30,hospital_incidence,0,0,0,0,0,0,Maintain Status Quo,Belize,BLZ,2020-07-04,v3
2020-06-30,ICU_demand,0,0,0,0.03,0,0,Maintain Status Quo,Belize,BLZ,2020-07-04,v3
2020-06-30,ICU_incidence,0,0,0,0,0,0,Maintain Status Quo,Belize,BLZ,2020-07-04,v3
2020-06-30,infections,0,0,0,1.22,0,23.15,Maintain Status Quo,Belize,BLZ,2020-07-04,v3
2020-06-30,Rt,0.26,0.67,0.95,1.09,1.41,2.37,Maintain Status Quo,Belize,BLZ,2020-07-04,v3
2020-06-30,cumulative_infections,287.08,767.25,1529.5,1636.69,2201.75,4438.35,Relax Interventions 50%,Belize,BLZ,2020-07-04,v3
2020-06-30,deaths,0,0,0,0.01,0,0,Relax Interventions 50%,Belize,BLZ,2020-07-04,v3
2020-06-30,hospital_demand,0,0,0,0.08,0,1,Relax Interventions 50%,Belize,BLZ,2020-07-04,v3
2020-06-30,hospital_incidence,0,0,0,0,0,0,Relax Interventions 50%,Belize,BLZ,2020-07-04,v3
2020-06-30,ICU_demand,0,0,0,0.03,0,0,Relax Interventions 50%,Belize,BLZ,2020-07-04,v3
2020-06-30,ICU_incidence,0,0,0,0,0,0,Relax Interventions 50%,Belize,BLZ,2020-07-04,v3
2020-06-30,infections,0,0,0,1.22,0,23.15,Relax Interventions 50%,Belize,BLZ,2020-07-04,v3
2020-06-30,Rt,0.26,0.67,0.95,1.09,1.41,2.37,Relax Interventions 50%,Belize,BLZ,2020-07-04,v3
2020-06-30,cumulative_infections,266.28,934.75,1359.5,1587.05,1904.75,4784.4,Surged Additional 50% Reduction,Belize,BLZ,2020-07-04,v3
2020-06-30,deaths,0,0,0,0,0,0,Surged Additional 50% Reduction,Belize,BLZ,2020-07-04,v3
2020-06-30,hospital_demand,0,0,0,0.03,0,0,Surged Additional 50% Reduction,Belize,BLZ,2020-07-04,v3
2020-06-30,hospital_incidence,0,0,0,0,0,0,Surged Additional 50% Reduction,Belize,BLZ,2020-07-04,v3
2020-06-30,ICU_demand,0,0,0,0,0,0,Surged Additional 50% Reduction,Belize,BLZ,2020-07-04,v3
2020-06-30,ICU_incidence,0,0,0,0,0,0,Surged Additional 50% Reduction,Belize,BLZ,2020-07-04,v3
2020-06-30,infections,0,0,0,0.47,0,4.62,Surged Additional 50% Reduction,Belize,BLZ,2020-07-04,v3
2020-06-30,Rt,0.2,0.58,0.88,1.03,1.43,2.26,Surged Additional 50% Reduction,Belize,BLZ,2020-07-04,v3
2020-06-30,cumulative_infections,266.28,934.75,1359.5,1587.05,1904.75,4784.4,Surged Maintain Status Quo,Belize,BLZ,2020-07-04,v3
2020-06-30,deaths,0,0,0,0,0,0,Surged Maintain Status Quo,Belize,BLZ,2020-07-04,v3
2020-06-30,hospital_demand,0,0,0,0.03,0,0,Surged Maintain Status Quo,Belize,BLZ,2020-07-04,v3
2020-06-30,hospital_incidence,0,0,0,0,0,0,Surged Maintain Status Quo,Belize,BLZ,2020-07-04,v3
2020-06-30,ICU_demand,0,0,0,0,0,0,Surged Maintain Status Quo,Belize,BLZ,2020-07-04,v3
2020-06-30,ICU_incidence,0,0,0,0,0,0,Surged Maintain Status Quo,Belize,BLZ,2020-07-04,v3
2020-06-30,infections,0,0,0,0.47,0,4.62,Surged Maintain Status Quo,Belize,BLZ,2020-07-04,v3
2020-06-30,Rt,0.2,0.58,0.88,1.03,1.43,2.26,Surged Maintain Status Quo,Belize,BLZ,2020-07-04,v3
2020-06-30,cumulative_infections,266.28,934.75,1359.5,1587.05,1904.75,4784.4,Surged Relax Interventions 50%,Belize,BLZ,2020-07-04,v3
2020-06-30,deaths,0,0,0,0,0,0,Surged Relax Interventions 50%,Belize,BLZ,2020-07-04,v3
2020-06-30,hospital_demand,0,0,0,0.03,0,0,Surged Relax Interventions 50%,Belize,BLZ,2020-07-04,v3
2020-06-30,hospital_incidence,0,0,0,0,0,0,Surged Relax Interventions 50%,Belize,BLZ,2020-07-04,v3
2020-06-30,ICU_demand,0,0,0,0,0,0,Surged Relax Interventions 50%,Belize,BLZ,2020-07-04,v3
2020-06-30,ICU_incidence,0,0,0,0,0,0,Surged Relax Interventions 50%,Belize,BLZ,2020-07-04,v3
2020-06-30,infections,0,0,0,0.47,0,4.62,Surged Relax Interventions 50%,Belize,BLZ,2020-07-04,v3
2020-06-30,Rt,0.2,0.58,0.88,1.03,1.43,2.26,Surged Relax Interventions 50%,Belize,BLZ,2020-07-04,v3
2020-07-01,cumulative_infections,287.08,767.25,1529.5,1637.91,2226.5,4438.35,Additional 50% Reduction,Belize,BLZ,2020-07-04,v3
2020-07-01,deaths,0,0,0,0,0,0,Additional 50% Reduction,Belize,BLZ,2020-07-04,v3
2020-07-01,hospital_demand,0,0,0,0.1,0,1.52,Additional 50% Reduction,Belize,BLZ,2020-07-04,v3
2020-07-01,hospital_incidence,0,0,0,0,0,0,Additional 50% Reduction,Belize,BLZ,2020-07-04,v3
2020-07-01,ICU_demand,0,0,0,0.03,0,0,Additional 50% Reduction,Belize,BLZ,2020-07-04,v3
2020-07-01,ICU_incidence,0,0,0,0,0,0,Additional 50% Reduction,Belize,BLZ,2020-07-04,v3
2020-07-01,infections,0,0,0,1.22,0,21.15,Additional 50% Reduction,Belize,BLZ,2020-07-04,v3
2020-07-01,Rt,0.26,0.67,0.95,1.09,1.41,2.37,Additional 50% Reduction,Belize,BLZ,2020-07-04,v3
2020-07-01,cumulative_infections,287.08,767.25,1529.5,1637.91,2226.5,4438.35,Maintain Status Quo,Belize,BLZ,2020-07-04,v3
2020-07-01,deaths,0,0,0,0,0,0,Maintain Status Quo,Belize,BLZ,2020-07-04,v3
2020-07-01,hospital_demand,0,0,0,0.1,0,1.52,Maintain Status Quo,Belize,BLZ,2020-07-04,v3
2020-07-01,hospital_incidence,0,0,0,0,0,0,Maintain Status Quo,Belize,BLZ,2020-07-04,v3
2020-07-01,ICU_demand,0,0,0,0.03,0,0,Maintain Status Quo,Belize,BLZ,2020-07-04,v3
2020-07-01,ICU_incidence,0,0,0,0,0,0,Maintain Status Quo,Belize,BLZ,2020-07-04,v3
2020-07-01,infections,0,0,0,1.22,0,21.15,Maintain Status Quo,Belize,BLZ,2020-07-04,v3
2020-07-01,Rt,0.26,0.67,0.95,1.09,1.41,2.37,Maintain Status Quo,Belize,BLZ,2020-07-04,v3
2020-07-01,cumulative_infections,287.08,767.25,1529.5,1637.91,2226.5,4438.35,Relax Interventions 50%,Belize,BLZ,2020-07-04,v3
2020-07-01,deaths,0,0,0,0,0,0,Relax Interventions 50%,Belize,BLZ,2020-07-04,v3
2020-07-01,hospital_demand,0,0,0,0.1,0,1.52,Relax Interventions 50%,Belize,BLZ,2020-07-04,v3
2020-07-01,hospital_incidence,0,0,0,0,0,0,Relax Interventions 50%,Belize,BLZ,2020-07-04,v3
2020-07-01,ICU_demand,0,0,0,0.03,0,0,Relax Interventions 50%,Belize,BLZ,2020-07-04,v3
2020-07-01,ICU_incidence,0,0,0,0,0,0,Relax Interventions 50%,Belize,BLZ,2020-07-04,v3
2020-07-01,infections,0,0,0,1.22,0,21.15,Relax Interventions 50%,Belize,BLZ,2020-07-04,v3
2020-07-01,Rt,0.26,0.67,0.95,1.09,1.41,2.37,Relax Interventions 50%,Belize,BLZ,2020-07-04,v3
2020-07-01,cumulative_infections,266.28,934.75,1364,1587.63,1905.25,4784.4,Surged Additional 50% Reduction,Belize,BLZ,2020-07-04,v3
2020-07-01,deaths,0,0,0,0,0,0,Surged Additional 50% Reduction,Belize,BLZ,2020-07-04,v3
2020-07-01,hospital_demand,0,0,0,0.04,0,0,Surged Additional 50% Reduction,Belize,BLZ,2020-07-04,v3
2020-07-01,hospital_incidence,0,0,0,0,0,0,Surged Additional 50% Reduction,Belize,BLZ,2020-07-04,v3
2020-07-01,ICU_demand,0,0,0,0,0,0,Surged Additional 50% Reduction,Belize,BLZ,2020-07-04,v3
2020-07-01,ICU_incidence,0,0,0,0,0,0,Surged Additional 50% Reduction,Belize,BLZ,2020-07-04,v3
2020-07-01,infections,0,0,0,0.58,0,7.77,Surged Additional 50% Reduction,Belize,BLZ,2020-07-04,v3
2020-07-01,Rt,0.2,0.58,0.88,1.03,1.43,2.26,Surged Additional 50% Reduction,Belize,BLZ,2020-07-04,v3
2020-07-01,cumulative_infections,266.28,934.75,1364,1587.63,1905.25,4784.4,Surged Maintain Status Quo,Belize,BLZ,2020-07-04,v3
2020-07-01,deaths,0,0,0,0,0,0,Surged Maintain Status Quo,Belize,BLZ,2020-07-04,v3
2020-07-01,hospital_demand,0,0,0,0.04,0,0,Surged Maintain Status Quo,Belize,BLZ,2020-07-04,v3
2020-07-01,hospital_incidence,0,0,0,0,0,0,Surged Maintain Status Quo,Belize,BLZ,2020-07-04,v3
2020-07-01,ICU_demand,0,0,0,0,0,0,Surged Maintain Status Quo,Belize,BLZ,2020-07-04,v3
2020-07-01,ICU_incidence,0,0,0,0,0,0,Surged Maintain Status Quo,Belize,BLZ,2020-07-04,v3
2020-07-01,infections,0,0,0,0.58,0,7.77,Surged Maintain Status Quo,Belize,BLZ,2020-07-04,v3
2020-07-01,Rt,0.2,0.58,0.88,1.03,1.43,2.26,Surged Maintain Status Quo,Belize,BLZ,2020-07-04,v3
2020-07-01,cumulative_infections,266.28,934.75,1364,1587.63,1905.25,4784.4,Surged Relax Interventions 50%,Belize,BLZ,2020-07-04,v3
2020-07-01,deaths,0,0,0,0,0,0,Surged Relax Interventions 50%,Belize,BLZ,2020-07-04,v3
2020-07-01,hospital_demand,0,0,0,0.04,0,0,Surged Relax Interventions 50%,Belize,BLZ,2020-07-04,v3
2020-07-01,hospital_incidence,0,0,0,0,0,0,Surged Relax Interventions 50%,Belize,BLZ,2020-07-04,v3
2020-07-01,ICU_demand,0,0,0,0,0,0,Surged Relax Interventions 50%,Belize,BLZ,2020-07-04,v3
2020-07-01,ICU_incidence,0,0,0,0,0,0,Surged Relax Interventions 50%,Belize,BLZ,2020-07-04,v3
2020-07-01,infections,0,0,0,0.58,0,7.77,Surged Relax Interventions 50%,Belize,BLZ,2020-07-04,v3
2020-07-01,Rt,0.2,0.58,0.88,1.03,1.43,2.26,Surged Relax Interventions 50%,Belize,BLZ,2020-07-04,v3
2020-07-02,cumulative_infections,287.08,767.25,1529.5,1639.49,2261,4438.35,Additional 50% Reduction,Belize,BLZ,2020-07-04,v3
2020-07-02,deaths,0,0,0,0,0,0,Additional 50% Reduction,Belize,BLZ,2020-07-04,v3
2020-07-02,hospital_demand,0,0,0,0.08,0,1,Additional 50% Reduction,Belize,BLZ,2020-07-04,v3
2020-07-02,hospital_incidence,0,0,0,0,0,0,Additional 50% Reduction,Belize,BLZ,2020-07-04,v3
2020-07-02,ICU_demand,0,0,0,0.04,0,0,Additional 50% Reduction,Belize,BLZ,2020-07-04,v3
2020-07-02,ICU_incidence,0,0,0,0,0,0,Additional 50% Reduction,Belize,BLZ,2020-07-04,v3
2020-07-02,infections,0,0,0,1.58,0,31.3,Additional 50% Reduction,Belize,BLZ,2020-07-04,v3
2020-07-02,Rt,0.26,0.67,0.95,1.09,1.41,2.37,Additional 50% Reduction,Belize,BLZ,2020-07-04,v3
2020-07-02,cumulative_infections,287.08,767.25,1529.5,1639.49,2261,4438.35,Maintain Status Quo,Belize,BLZ,2020-07-04,v3
2020-07-02,deaths,0,0,0,0,0,0,Maintain Status Quo,Belize,BLZ,2020-07-04,v3
2020-07-02,hospital_demand,0,0,0,0.08,0,1,Maintain Status Quo,Belize,BLZ,2020-07-04,v3
2020-07-02,hospital_incidence,0,0,0,0,0,0,Maintain Status Quo,Belize,BLZ,2020-07-04,v3
2020-07-02,ICU_demand,0,0,0,0.04,0,0,Maintain Status Quo,Belize,BLZ,2020-07-04,v3
2020-07-02,ICU_incidence,0,0,0,0,0,0,Maintain Status Quo,Belize,BLZ,2020-07-04,v3
2020-07-02,infections,0,0,0,1.58,0,31.3,Maintain Status Quo,Belize,BLZ,2020-07-04,v3
2020-07-02,Rt,0.26,0.67,0.95,1.09,1.41,2.37,Maintain Status Quo,Belize,BLZ,2020-07-04,v3
2020-07-02,cumulative_infections,287.08,767.25,1529.5,1639.49,2261,4438.35,Relax Interventions 50%,Belize,BLZ,2020-07-04,v3
2020-07-02,deaths,0,0,0,0,0,0,Relax Interventions 50%,Belize,BLZ,2020-07-04,v3
2020-07-02,hospital_demand,0,0,0,0.08,0,1,Relax Interventions 50%,Belize,BLZ,2020-07-04,v3
2020-07-02,hospital_incidence,0,0,0,0,0,0,Relax Interventions 50%,Belize,BLZ,2020-07-04,v3
2020-07-02,ICU_demand,0,0,0,0.04,0,0,Relax Interventions 50%,Belize,BLZ,2020-07-04,v3
2020-07-02,ICU_incidence,0,0,0,0,0,0,Relax Interventions 50%,Belize,BLZ,2020-07-04,v3
2020-07-02,infections,0,0,0,1.58,0,31.3,Relax Interventions 50%,Belize,BLZ,2020-07-04,v3
2020-07-02,Rt,0.26,0.67,0.95,1.09,1.41,2.37,Relax Interventions 50%,Belize,BLZ,2020-07-04,v3
2020-07-02,cumulative_infections,266.28,934.75,1370.5,1588.25,1905.5,4784.4,Surged Additional 50% Reduction,Belize,BLZ,2020-07-04,v3
2020-07-02,deaths,0,0,0,0,0,0,Surged Additional 50% Reduction,Belize,BLZ,2020-07-04,v3
2020-07-02,hospital_demand,0,0,0,0.04,0,0,Surged Additional 50% Reduction,Belize,BLZ,2020-07-04,v3
2020-07-02,hospital_incidence,0,0,0,0,0,0,Surged Additional 50% Reduction,Belize,BLZ,2020-07-04,v3
2020-07-02,ICU_demand,0,0,0,0,0,0,Surged Additional 50% Reduction,Belize,BLZ,2020-07-04,v3
2020-07-02,ICU_incidence,0,0,0,0,0,0,Surged Additional 50% Reduction,Belize,BLZ,2020-07-04,v3
2020-07-02,infections,0,0,0,0.62,0,7.77,Surged Additional 50% Reduction,Belize,BLZ,2020-07-04,v3
2020-07-02,Rt,0.2,0.58,0.88,1.03,1.43,2.26,Surged Additional 50% Reduction,Belize,BLZ,2020-07-04,v3
2020-07-02,cumulative_infections,266.28,934.75,1370.5,1588.25,1905.5,4784.4,Surged Maintain Status Quo,Belize,BLZ,2020-07-04,v3
2020-07-02,deaths,0,0,0,0,0,0,Surged Maintain Status Quo,Belize,BLZ,2020-07-04,v3
2020-07-02,hospital_demand,0,0,0,0.04,0,0,Surged Maintain Status Quo,Belize,BLZ,2020-07-04,v3
2020-07-02,hospital_incidence,0,0,0,0,0,0,Surged Maintain Status Quo,Belize,BLZ,2020-07-04,v3
2020-07-02,ICU_demand,0,0,0,0,0,0,Surged Maintain Status Quo,Belize,BLZ,2020-07-04,v3
2020-07-02,ICU_incidence,0,0,0,0,0,0,Surged Maintain Status Quo,Belize,BLZ,2020-07-04,v3
2020-07-02,infections,0,0,0,0.62,0,7.77,Surged Maintain Status Quo,Belize,BLZ,2020-07-04,v3
2020-07-02,Rt,0.2,0.58,0.88,1.03,1.43,2.26,Surged Maintain Status Quo,Belize,BLZ,2020-07-04,v3
2020-07-02,cumulative_infections,266.28,934.75,1370.5,1588.25,1905.5,4784.4,Surged Relax Interventions 50%,Belize,BLZ,2020-07-04,v3
2020-07-02,deaths,0,0,0,0,0,0,Surged Relax Interventions 50%,Belize,BLZ,2020-07-04,v3
2020-07-02,hospital_demand,0,0,0,0.04,0,0,Surged Relax Interventions 50%,Belize,BLZ,2020-07-04,v3
2020-07-02,hospital_incidence,0,0,0,0,0,0,Surged Relax Interventions 50%,Belize,BLZ,2020-07-04,v3
2020-07-02,ICU_demand,0,0,0,0,0,0,Surged Relax Interventions 50%,Belize,BLZ,2020-07-04,v3
2020-07-02,ICU_incidence,0,0,0,0,0,0,Surged Relax Interventions 50%,Belize,BLZ,2020-07-04,v3
2020-07-02,infections,0,0,0,0.62,0,7.77,Surged Relax Interventions 50%,Belize,BLZ,2020-07-04,v3
2020-07-02,Rt,0.2,0.58,0.88,1.03,1.43,2.26,Surged Relax Interventions 50%,Belize,BLZ,2020-07-04,v3
2020-07-03,cumulative_infections,287.08,767.25,1529.5,1640.98,2294,4438.35,Additional 50% Reduction,Belize,BLZ,2020-07-04,v3
2020-07-03,deaths,0,0,0,0,0,0,Additional 50% Reduction,Belize,BLZ,2020-07-04,v3
2020-07-03,hospital_demand,0,0,0,0.09,0,1.52,Additional 50% Reduction,Belize,BLZ,2020-07-04,v3
2020-07-03,hospital_incidence,0,0,0,0.01,0,0,Additional 50% Reduction,Belize,BLZ,2020-07-04,v3
2020-07-03,ICU_demand,0,0,0,0.05,0,0,Additional 50% Reduction,Belize,BLZ,2020-07-04,v3
2020-07-03,ICU_incidence,0,0,0,0,0,0,Additional 50% Reduction,Belize,BLZ,2020-07-04,v3
2020-07-03,infections,0,0,0,1.49,0,25.87,Additional 50% Reduction,Belize,BLZ,2020-07-04,v3
2020-07-03,Rt,0.26,0.67,0.95,1.09,1.41,2.37,Additional 50% Reduction,Belize,BLZ,2020-07-04,v3
2020-07-03,cumulative_infections,287.08,767.25,1529.5,1640.98,2294,4438.35,Maintain Status Quo,Belize,BLZ,2020-07-04,v3
2020-07-03,deaths,0,0,0,0,0,0,Maintain Status Quo,Belize,BLZ,2020-07-04,v3
2020-07-03,hospital_demand,0,0,0,0.09,0,1.52,Maintain Status Quo,Belize,BLZ,2020-07-04,v3
2020-07-03,hospital_incidence,0,0,0,0.01,0,0,Maintain Status Quo,Belize,BLZ,2020-07-04,v3
2020-07-03,ICU_demand,0,0,0,0.05,0,0,Maintain Status Quo,Belize,BLZ,2020-07-04,v3
2020-07-03,ICU_incidence,0,0,0,0,0,0,Maintain Status Quo,Belize,BLZ,2020-07-04,v3
2020-07-03,infections,0,0,0,1.49,0,25.87,Maintain Status Quo,Belize,BLZ,2020-07-04,v3
2020-07-03,Rt,0.26,0.67,0.95,1.09,1.41,2.37,Maintain Status Quo,Belize,BLZ,2020-07-04,v3
2020-07-03,cumulative_infections,287.08,767.25,1529.5,1640.98,2294,4438.35,Relax Interventions 50%,Belize,BLZ,2020-07-04,v3
2020-07-03,deaths,0,0,0,0,0,0,Relax Interventions 50%,Belize,BLZ,2020-07-04,v3
2020-07-03,hospital_demand,0,0,0,0.09,0,1.52,Relax Interventions 50%,Belize,BLZ,2020-07-04,v3
2020-07-03,hospital_incidence,0,0,0,0.01,0,0,Relax Interventions 50%,Belize,BLZ,2020-07-04,v3
2020-07-03,ICU_demand,0,0,0,0.05,0,0,Relax Interventions 50%,Belize,BLZ,2020-07-04,v3
2020-07-03,ICU_incidence,0,0,0,0,0,0,Relax Interventions 50%,Belize,BLZ,2020-07-04,v3
2020-07-03,infections,0,0,0,1.49,0,25.87,Relax Interventions 50%,Belize,BLZ,2020-07-04,v3
2020-07-03,Rt,0.26,0.67,0.95,1.09,1.41,2.37,Relax Interventions 50%,Belize,BLZ,2020-07-04,v3
2020-07-03,cumulative_infections,266.28,934.75,1378,1588.81,1905.75,4784.4,Surged Additional 50% Reduction,Belize,BLZ,2020-07-04,v3
2020-07-03,deaths,0,0,0,0,0,0,Surged Additional 50% Reduction,Belize,BLZ,2020-07-04,v3
2020-07-03,hospital_demand,0,0,0,0.04,0,0,Surged Additional 50% Reduction,Belize,BLZ,2020-07-04,v3
2020-07-03,hospital_incidence,0,0,0,0,0,0,Surged Additional 50% Reduction,Belize,BLZ,2020-07-04,v3
2020-07-03,ICU_demand,0,0,0,0,0,0,Surged Additional 50% Reduction,Belize,BLZ,2020-07-04,v3
2020-07-03,ICU_incidence,0,0,0,0,0,0,Surged Additional 50% Reduction,Belize,BLZ,2020-07-04,v3
2020-07-03,infections,0,0,0,0.56,0,10.67,Surged Additional 50% Reduction,Belize,BLZ,2020-07-04,v3
2020-07-03,Rt,0.2,0.58,0.88,1.03,1.43,2.26,Surged Additional 50% Reduction,Belize,BLZ,2020-07-04,v3
2020-07-03,cumulative_infections,266.28,934.75,1378,1588.81,1905.75,4784.4,Surged Maintain Status Quo,Belize,BLZ,2020-07-04,v3
2020-07-03,deaths,0,0,0,0,0,0,Surged Maintain Status Quo,Belize,BLZ,2020-07-04,v3
2020-07-03,hospital_demand,0,0,0,0.04,0,0,Surged Maintain Status Quo,Belize,BLZ,2020-07-04,v3
2020-07-03,hospital_incidence,0,0,0,0,0,0,Surged Maintain Status Quo,Belize,BLZ,2020-07-04,v3
2020-07-03,ICU_demand,0,0,0,0,0,0,Surged Maintain Status Quo,Belize,BLZ,2020-07-04,v3
2020-07-03,ICU_incidence,0,0,0,0,0,0,Surged Maintain Status Quo,Belize,BLZ,2020-07-04,v3
2020-07-03,infections,0,0,0,0.56,0,10.67,Surged Maintain Status Quo,Belize,BLZ,2020-07-04,v3
2020-07-03,Rt,0.2,0.58,0.88,1.03,1.43,2.26,Surged Maintain Status Quo,Belize,BLZ,2020-07-04,v3
2020-07-03,cumulative_infections,266.28,934.75,1378,1588.81,1905.75,4784.4,Surged Relax Interventions 50%,Belize,BLZ,2020-07-04,v3
2020-07-03,deaths,0,0,0,0,0,0,Surged Relax Interventions 50%,Belize,BLZ,2020-07-04,v3
2020-07-03,hospital_demand,0,0,0,0.04,0,0,Surged Relax Interventions 50%,Belize,BLZ,2020-07-04,v3
2020-07-03,hospital_incidence,0,0,0,0,0,0,Surged Relax Interventions 50%,Belize,BLZ,2020-07-04,v3
2020-07-03,ICU_demand,0,0,0,0,0,0,Surged Relax Interventions 50%,Belize,BLZ,2020-07-04,v3
2020-07-03,ICU_incidence,0,0,0,0,0,0,Surged Relax Interventions 50%,Belize,BLZ,2020-07-04,v3
2020-07-03,infections,0,0,0,0.56,0,10.67,Surged Relax Interventions 50%,Belize,BLZ,2020-07-04,v3
2020-07-03,Rt,0.2,0.58,0.88,1.03,1.43,2.26,Surged Relax Interventions 50%,Belize,BLZ,2020-07-04,v3
2020-07-04,cumulative_infections,287.08,767.25,1529.5,1642.83,2317.25,4438.35,Additional 50% Reduction,Belize,BLZ,2020-07-04,v3
2020-07-04,deaths,0,0,0,0,0,0,Additional 50% Reduction,Belize,BLZ,2020-07-04,v3
2020-07-04,hospital_demand,0,0,0,0.09,0,1,Additional 50% Reduction,Belize,BLZ,2020-07-04,v3
2020-07-04,hospital_incidence,0,0,0,0,0,0,Additional 50% Reduction,Belize,BLZ,2020-07-04,v3
2020-07-04,ICU_demand,0,0,0,0.07,0,0.52,Additional 50% Reduction,Belize,BLZ,2020-07-04,v3
2020-07-04,ICU_incidence,0,0,0,0,0,0,Additional 50% Reduction,Belize,BLZ,2020-07-04,v3
2020-07-04,infections,0,0,0,1.85,0,38.4,Additional 50% Reduction,Belize,BLZ,2020-07-04,v3
2020-07-04,Rt,0.26,0.67,0.95,1.09,1.41,2.37,Additional 50% Reduction,Belize,BLZ,2020-07-04,v3
2020-07-04,cumulative_infections,287.08,767.25,1529.5,1642.83,2317.25,4438.35,Maintain Status Quo,Belize,BLZ,2020-07-04,v3
2020-07-04,deaths,0,0,0,0,0,0,Maintain Status Quo,Belize,BLZ,2020-07-04,v3
2020-07-04,hospital_demand,0,0,0,0.09,0,1,Maintain Status Quo,Belize,BLZ,2020-07-04,v3
2020-07-04,hospital_incidence,0,0,0,0,0,0,Maintain Status Quo,Belize,BLZ,2020-07-04,v3
2020-07-04,ICU_demand,0,0,0,0.07,0,0.52,Maintain Status Quo,Belize,BLZ,2020-07-04,v3
2020-07-04,ICU_incidence,0,0,0,0,0,0,Maintain Status Quo,Belize,BLZ,2020-07-04,v3
2020-07-04,infections,0,0,0,1.85,0,38.4,Maintain Status Quo,Belize,BLZ,2020-07-04,v3
2020-07-04,Rt,0.26,0.67,0.95,1.09,1.41,2.37,Maintain Status Quo,Belize,BLZ,2020-07-04,v3
2020-07-04,cumulative_infections,287.08,767.25,1529.5,1642.83,2317.25,4438.35,Relax Interventions 50%,Belize,BLZ,2020-07-04,v3
2020-07-04,deaths,0,0,0,0,0,0,Relax Interventions 50%,Belize,BLZ,2020-07-04,v3
2020-07-04,hospital_demand,0,0,0,0.09,0,1,Relax Interventions 50%,Belize,BLZ,2020-07-04,v3
2020-07-04,hospital_incidence,0,0,0,0,0,0,Relax Interventions 50%,Belize,BLZ,2020-07-04,v3
2020-07-04,ICU_demand,0,0,0,0.07,0,0.52,Relax Interventions 50%,Belize,BLZ,2020-07-04,v3
2020-07-04,ICU_incidence,0,0,0,0,0,0,Relax Interventions 50%,Belize,BLZ,2020-07-04,v3
2020-07-04,infections,0,0,0,1.85,0,38.4,Relax Interventions 50%,Belize,BLZ,2020-07-04,v3
2020-07-04,Rt,0.26,0.67,0.95,1.09,1.41,2.37,Relax Interventions 50%,Belize,BLZ,2020-07-04,v3
2020-07-04,cumulative_infections,266.28,934.75,1382,1589.38,1906,4784.4,Surged Additional 50% Reduction,Belize,BLZ,2020-07-04,v3
2020-07-04,deaths,0,0,0,0,0,0,Surged Additional 50% Reduction,Belize,BLZ,2020-07-04,v3
2020-07-04,hospital_demand,0,0,0,0.03,0,0.52,Surged Additional 50% Reduction,Belize,BLZ,2020-07-04,v3
2020-07-04,hospital_incidence,0,0,0,0,0,0,Surged Additional 50% Reduction,Belize,BLZ,2020-07-04,v3
2020-07-04,ICU_demand,0,0,0,0,0,0,Surged Additional 50% Reduction,Belize,BLZ,2020-07-04,v3
2020-07-04,ICU_incidence,0,0,0,0,0,0,Surged Additional 50% Reduction,Belize,BLZ,2020-07-04,v3
2020-07-04,infections,0,0,0,0.57,0,6.15,Surged Additional 50% Reduction,Belize,BLZ,2020-07-04,v3
2020-07-04,Rt,0.2,0.58,0.88,1.03,1.43,2.26,Surged Additional 50% Reduction,Belize,BLZ,2020-07-04,v3
2020-07-04,cumulative_infections,266.28,934.75,1382,1589.38,1906,4784.4,Surged Maintain Status Quo,Belize,BLZ,2020-07-04,v3
2020-07-04,deaths,0,0,0,0,0,0,Surged Maintain Status Quo,Belize,BLZ,2020-07-04,v3
2020-07-04,hospital_demand,0,0,0,0.03,0,0.52,Surged Maintain Status Quo,Belize,BLZ,2020-07-04,v3
2020-07-04,hospital_incidence,0,0,0,0,0,0,Surged Maintain Status Quo,Belize,BLZ,2020-07-04,v3
2020-07-04,ICU_demand,0,0,0,0,0,0,Surged Maintain Status Quo,Belize,BLZ,2020-07-04,v3
2020-07-04,ICU_incidence,0,0,0,0,0,0,Surged Maintain Status Quo,Belize,BLZ,2020-07-04,v3
2020-07-04,infections,0,0,0,0.57,0,6.15,Surged Maintain Status Quo,Belize,BLZ,2020-07-04,v3
2020-07-04,Rt,0.2,0.58,0.88,1.03,1.43,2.26,Surged Maintain Status Quo,Belize,BLZ,2020-07-04,v3
2020-07-04,cumulative_infections,266.28,934.75,1382,1589.38,1906,4784.4,Surged Relax Interventions 50%,Belize,BLZ,2020-07-04,v3
2020-07-04,deaths,0,0,0,0,0,0,Surged Relax Interventions 50%,Belize,BLZ,2020-07-04,v3
2020-07-04,hospital_demand,0,0,0,0.03,0,0.52,Surged Relax Interventions 50%,Belize,BLZ,2020-07-04,v3
2020-07-04,hospital_incidence,0,0,0,0,0,0,Surged Relax Interventions 50%,Belize,BLZ,2020-07-04,v3
2020-07-04,ICU_demand,0,0,0,0,0,0,Surged Relax Interventions 50%,Belize,BLZ,2020-07-04,v3
2020-07-04,ICU_incidence,0,0,0,0,0,0,Surged Relax Interventions 50%,Belize,BLZ,2020-07-04,v3
2020-07-04,infections,0,0,0,0.57,0,6.15,Surged Relax Interventions 50%,Belize,BLZ,2020-07-04,v3
2020-07-04,Rt,0.2,0.58,0.88,1.03,1.43,2.26,Surged Relax Interventions 50%,Belize,BLZ,2020-07-04,v3
2020-07-05,cumulative_infections,287.08,767.25,1529.5,1644.68,2317.25,4438.35,Additional 50% Reduction,Belize,BLZ,2020-07-04,v3
2020-07-05,deaths,0,0,0,0.01,0,0,Additional 50% Reduction,Belize,BLZ,2020-07-04,v3
2020-07-05,hospital_demand,0,0,0,0.09,0,1,Additional 50% Reduction,Belize,BLZ,2020-07-04,v3
2020-07-05,hospital_incidence,0,0,0,0,0,0,Additional 50% Reduction,Belize,BLZ,2020-07-04,v3
2020-07-05,ICU_demand,0,0,0,0.07,0,0.52,Additional 50% Reduction,Belize,BLZ,2020-07-04,v3
2020-07-05,ICU_incidence,0,0,0,0,0,0,Additional 50% Reduction,Belize,BLZ,2020-07-04,v3
2020-07-05,infections,0,0,0,1.85,0,40.15,Additional 50% Reduction,Belize,BLZ,2020-07-04,v3
2020-07-05,Rt,0.13,0.33,0.47,0.55,0.71,1.19,Additional 50% Reduction,Belize,BLZ,2020-07-04,v3
2020-07-05,cumulative_infections,287.08,767.25,1529.5,1644.43,2317.25,4438.35,Maintain Status Quo,Belize,BLZ,2020-07-04,v3
2020-07-05,deaths,0,0,0,0.02,0,0,Maintain Status Quo,Belize,BLZ,2020-07-04,v3
2020-07-05,hospital_demand,0,0,0,0.1,0,1.52,Maintain Status Quo,Belize,BLZ,2020-07-04,v3
2020-07-05,hospital_incidence,0,0,0,0,0,0,Maintain Status Quo,Belize,BLZ,2020-07-04,v3
2020-07-05,ICU_demand,0,0,0,0.06,0,0.52,Maintain Status Quo,Belize,BLZ,2020-07-04,v3
2020-07-05,ICU_incidence,0,0,0,0,0,0,Maintain Status Quo,Belize,BLZ,2020-07-04,v3
2020-07-05,infections,0,0,0,1.6,0,33.02,Maintain Status Quo,Belize,BLZ,2020-07-04,v3
2020-07-05,Rt,0.26,0.67,0.95,1.09,1.41,2.37,Maintain Status Quo,Belize,BLZ,2020-07-04,v3
2020-07-05,cumulative_infections,287.08,767.25,1529.5,1644.63,2317.25,4438.35,Relax Interventions 50%,Belize,BLZ,2020-07-04,v3
2020-07-05,deaths,0,0,0,0,0,0,Relax Interventions 50%,Belize,BLZ,2020-07-04,v3
2020-07-05,hospital_demand,0,0,0,0.11,0,1,Relax Interventions 50%,Belize,BLZ,2020-07-04,v3
2020-07-05,hospital_incidence,0,0,0,0,0,0,Relax Interventions 50%,Belize,BLZ,2020-07-04,v3
2020-07-05,ICU_demand,0,0,0,0.06,0,0,Relax Interventions 50%,Belize,BLZ,2020-07-04,v3
2020-07-05,ICU_incidence,0,0,0,0,0,0,Relax Interventions 50%,Belize,BLZ,2020-07-04,v3
2020-07-05,infections,0,0,0,1.8,0,33.25,Relax Interventions 50%,Belize,BLZ,2020-07-04,v3
2020-07-05,Rt,0.39,1,1.42,1.64,2.12,3.56,Relax Interventions 50%,Belize,BLZ,2020-07-04,v3
2020-07-05,cumulative_infections,266.28,934.75,1382,1590.04,1906.5,4784.4,Surged Additional 50% Reduction,Belize,BLZ,2020-07-04,v3
2020-07-05,deaths,0,0,0,0,0,0,Surged Additional 50% Reduction,Belize,BLZ,2020-07-04,v3
2020-07-05,hospital_demand,0,0,0,0.04,0,0.52,Surged Additional 50% Reduction,Belize,BLZ,2020-07-04,v3
2020-07-05,hospital_incidence,0,0,0,0,0,0,Surged Additional 50% Reduction,Belize,BLZ,2020-07-04,v3
2020-07-05,ICU_demand,0,0,0,0,0,0,Surged Additional 50% Reduction,Belize,BLZ,2020-07-04,v3
2020-07-05,ICU_incidence,0,0,0,0,0,0,Surged Additional 50% Reduction,Belize,BLZ,2020-07-04,v3
2020-07-05,infections,0,0,0,0.66,0,9.72,Surged Additional 50% Reduction,Belize,BLZ,2020-07-04,v3
2020-07-05,Rt,0.1,0.29,0.44,0.51,0.71,1.13,Surged Additional 50% Reduction,Belize,BLZ,2020-07-04,v3
2020-07-05,cumulative_infections,266.28,934.75,1382,1590.27,1906.25,4784.4,Surged Maintain Status Quo,Belize,BLZ,2020-07-04,v3
2020-07-05,deaths,0,0,0,0,0,0,Surged Maintain Status Quo,Belize,BLZ,2020-07-04,v3
2020-07-05,hospital_demand,0,0,0,0.03,0,0.52,Surged Maintain Status Quo,Belize,BLZ,2020-07-04,v3
2020-07-05,hospital_incidence,0,0,0,0,0,0,Surged Maintain Status Quo,Belize,BLZ,2020-07-04,v3
2020-07-05,ICU_demand,0,0,0,0,0,0,Surged Maintain Status Quo,Belize,BLZ,2020-07-04,v3
2020-07-05,ICU_incidence,0,0,0,0,0,0,Surged Maintain Status Quo,Belize,BLZ,2020-07-04,v3
2020-07-05,infections,0,0,0,0.89,0,13.97,Surged Maintain Status Quo,Belize,BLZ,2020-07-04,v3
2020-07-05,Rt,0.2,0.58,0.88,1.03,1.43,2.26,Surged Maintain Status Quo,Belize,BLZ,2020-07-04,v3
2020-07-05,cumulative_infections,266.28,934.75,1382,1590.11,1906.5,4784.4,Surged Relax Interventions 50%,Belize,BLZ,2020-07-04,v3
2020-07-05,deaths,0,0,0,0,0,0,Surged Relax Interventions 50%,Belize,BLZ,2020-07-04,v3
2020-07-05,hospital_demand,0,0,0,0.03,0,0.52,Surged Relax Interventions 50%,Belize,BLZ,2020-07-04,v3
2020-07-05,hospital_incidence,0,0,0,0,0,0,Surged Relax Interventions 50%,Belize,BLZ,2020-07-04,v3
2020-07-05,ICU_demand,0,0,0,0,0,0,Surged Relax Interventions 50%,Belize,BLZ,2020-07-04,v3
2020-07-05,ICU_incidence,0,0,0,0,0,0,Surged Relax Interventions 50%,Belize,BLZ,2020-07-04,v3
2020-07-05,infections,0,0,0,0.73,0,10.82,Surged Relax Interventions 50%,Belize,BLZ,2020-07-04,v3
2020-07-05,Rt,0.29,0.87,1.32,1.54,2.14,3.39,Surged Relax Interventions 50%,Belize,BLZ,2020-07-04,v3
2020-07-06,cumulative_infections,287.08,767.25,1529.5,1646.5,2317.25,4438.35,Additional 50% Reduction,Belize,BLZ,2020-07-04,v3
2020-07-06,deaths,0,0,0,0,0,0,Additional 50% Reduction,Belize,BLZ,2020-07-04,v3
2020-07-06,hospital_demand,0,0,0,0.09,0,1,Additional 50% Reduction,Belize,BLZ,2020-07-04,v3
2020-07-06,hospital_incidence,0,0,0,0,0,0,Additional 50% Reduction,Belize,BLZ,2020-07-04,v3
2020-07-06,ICU_demand,0,0,0,0.07,0,0.52,Additional 50% Reduction,Belize,BLZ,2020-07-04,v3
2020-07-06,ICU_incidence,0,0,0,0,0,0,Additional 50% Reduction,Belize,BLZ,2020-07-04,v3
2020-07-06,infections,0,0,0,1.82,0,38.62,Additional 50% Reduction,Belize,BLZ,2020-07-04,v3
2020-07-06,Rt,0.13,0.33,0.47,0.55,0.71,1.19,Additional 50% Reduction,Belize,BLZ,2020-07-04,v3
2020-07-06,cumulative_infections,287.08,767.25,1529.5,1646.6,2317.25,4438.35,Maintain Status Quo,Belize,BLZ,2020-07-04,v3
2020-07-06,deaths,0,0,0,0,0,0,Maintain Status Quo,Belize,BLZ,2020-07-04,v3
2020-07-06,hospital_demand,0,0,0,0.1,0,1.52,Maintain Status Quo,Belize,BLZ,2020-07-04,v3
2020-07-06,hospital_incidence,0,0,0,0,0,0,Maintain Status Quo,Belize,BLZ,2020-07-04,v3
2020-07-06,ICU_demand,0,0,0,0.06,0,0.52,Maintain Status Quo,Belize,BLZ,2020-07-04,v3
2020-07-06,ICU_incidence,0,0,0,0,0,0,Maintain Status Quo,Belize,BLZ,2020-07-04,v3
2020-07-06,infections,0,0,0,2.17,0,46.3,Maintain Status Quo,Belize,BLZ,2020-07-04,v3
2020-07-06,Rt,0.26,0.67,0.95,1.09,1.41,2.37,Maintain Status Quo,Belize,BLZ,2020-07-04,v3
2020-07-06,cumulative_infections,287.08,767.25,1529.5,1646.81,2317.25,4438.35,Relax Interventions 50%,Belize,BLZ,2020-07-04,v3
2020-07-06,deaths,0,0,0,0.02,0,0,Relax Interventions 50%,Belize,BLZ,2020-07-04,v3
2020-07-06,hospital_demand,0,0,0,0.11,0,1,Relax Interventions 50%,Belize,BLZ,2020-07-04,v3
2020-07-06,hospital_incidence,0,0,0,0,0,0,Relax Interventions 50%,Belize,BLZ,2020-07-04,v3
2020-07-06,ICU_demand,0,0,0,0.05,0,0,Relax Interventions 50%,Belize,BLZ,2020-07-04,v3
2020-07-06,ICU_incidence,0,0,0,0,0,0,Relax Interventions 50%,Belize,BLZ,2020-07-04,v3
2020-07-06,infections,0,0,0,2.18,0,51.05,Relax Interventions 50%,Belize,BLZ,2020-07-04,v3
2020-07-06,Rt,0.39,1,1.42,1.64,2.12,3.56,Relax Interventions 50%,Belize,BLZ,2020-07-04,v3
2020-07-06,cumulative_infections,266.28,934.75,1382,1590.67,1906.5,4784.4,Surged Additional 50% Reduction,Belize,BLZ,2020-07-04,v3
2020-07-06,deaths,0,0,0,0,0,0,Surged Additional 50% Reduction,Belize,BLZ,2020-07-04,v3
2020-07-06,hospital_demand,0,0,0,0.04,0,0.52,Surged Additional 50% Reduction,Belize,BLZ,2020-07-04,v3
2020-07-06,hospital_incidence,0,0,0,0,0,0,Surged Additional 50% Reduction,Belize,BLZ,2020-07-04,v3
2020-07-06,ICU_demand,0,0,0,0,0,0,Surged Additional 50% Reduction,Belize,BLZ,2020-07-04,v3
2020-07-06,ICU_incidence,0,0,0,0,0,0,Surged Additional 50% Reduction,Belize,BLZ,2020-07-04,v3
2020-07-06,infections,0,0,0,0.63,0,8.82,Surged Additional 50% Reduction,Belize,BLZ,2020-07-04,v3
2020-07-06,Rt,0.1,0.29,0.44,0.51,0.71,1.13,Surged Additional 50% Reduction,Belize,BLZ,2020-07-04,v3
2020-07-06,cumulative_infections,266.28,934.75,1382,1590.98,1906.5,4784.4,Surged Maintain Status Quo,Belize,BLZ,2020-07-04,v3
2020-07-06,deaths,0,0,0,0,0,0,Surged Maintain Status Quo,Belize,BLZ,2020-07-04,v3
2020-07-06,hospital_demand,0,0,0,0.03,0,0.52,Surged Maintain Status Quo,Belize,BLZ,2020-07-04,v3
2020-07-06,hospital_incidence,0,0,0,0,0,0,Surged Maintain Status Quo,Belize,BLZ,2020-07-04,v3
2020-07-06,ICU_demand,0,0,0,0,0,0,Surged Maintain Status Quo,Belize,BLZ,2020-07-04,v3
2020-07-06,ICU_incidence,0,0,0,0,0,0,Surged Maintain Status Quo,Belize,BLZ,2020-07-04,v3
2020-07-06,infections,0,0,0,0.71,0,10.77,Surged Maintain Status Quo,Belize,BLZ,2020-07-04,v3
2020-07-06,Rt,0.2,0.58,0.88,1.03,1.43,2.26,Surged Maintain Status Quo,Belize,BLZ,2020-07-04,v3
2020-07-06,cumulative_infections,266.28,934.75,1382,1590.93,1906.5,4784.4,Surged Relax Interventions 50%,Belize,BLZ,2020-07-04,v3
2020-07-06,deaths,0,0,0,0,0,0,Surged Relax Interventions 50%,Belize,BLZ,2020-07-04,v3
2020-07-06,hospital_demand,0,0,0,0.03,0,0.52,Surged Relax Interventions 50%,Belize,BLZ,2020-07-04,v3
2020-07-06,hospital_incidence,0,0,0,0,0,0,Surged Relax Interventions 50%,Belize,BLZ,2020-07-04,v3
2020-07-06,ICU_demand,0,0,0,0,0,0,Surged Relax Interventions 50%,Belize,BLZ,2020-07-04,v3
2020-07-06,ICU_incidence,0,0,0,0,0,0,Surged Relax Interventions 50%,Belize,BLZ,2020-07-04,v3
2020-07-06,infections,0,0,0,0.82,0,12.87,Surged Relax Interventions 50%,Belize,BLZ,2020-07-04,v3
2020-07-06,Rt,0.29,0.87,1.32,1.54,2.14,3.39,Surged Relax Interventions 50%,Belize,BLZ,2020-07-04,v3
2020-07-07,cumulative_infections,287.08,767.25,1529.5,1648.17,2317.25,4438.35,Additional 50% Reduction,Belize,BLZ,2020-07-04,v3
2020-07-07,deaths,0,0,0,0.01,0,0,Additional 50% Reduction,Belize,BLZ,2020-07-04,v3
2020-07-07,hospital_demand,0,0,0,0.1,0,1.52,Additional 50% Reduction,Belize,BLZ,2020-07-04,v3
2020-07-07,hospital_incidence,0,0,0,0,0,0,Additional 50% Reduction,Belize,BLZ,2020-07-04,v3
2020-07-07,ICU_demand,0,0,0,0.06,0,0.52,Additional 50% Reduction,Belize,BLZ,2020-07-04,v3
2020-07-07,ICU_incidence,0,0,0,0,0,0,Additional 50% Reduction,Belize,BLZ,2020-07-04,v3
2020-07-07,infections,0,0,0,1.67,0,35.72,Additional 50% Reduction,Belize,BLZ,2020-07-04,v3
2020-07-07,Rt,0.13,0.33,0.47,0.55,0.71,1.19,Additional 50% Reduction,Belize,BLZ,2020-07-04,v3
2020-07-07,cumulative_infections,287.08,767.25,1529.5,1648.92,2317.25,4438.35,Maintain Status Quo,Belize,BLZ,2020-07-04,v3
2020-07-07,deaths,0,0,0,0.01,0,0,Maintain Status Quo,Belize,BLZ,2020-07-04,v3
2020-07-07,hospital_demand,0,0,0,0.11,0,1,Maintain Status Quo,Belize,BLZ,2020-07-04,v3
2020-07-07,hospital_incidence,0,0,0,0,0,0,Maintain Status Quo,Belize,BLZ,2020-07-04,v3
2020-07-07,ICU_demand,0,0,0,0.07,0,0.52,Maintain Status Quo,Belize,BLZ,2020-07-04,v3
2020-07-07,ICU_incidence,0,0,0,0,0,0,Maintain Status Quo,Belize,BLZ,2020-07-04,v3
2020-07-07,infections,0,0,0,2.32,0,54.67,Maintain Status Quo,Belize,BLZ,2020-07-04,v3
2020-07-07,Rt,0.26,0.67,0.95,1.09,1.41,2.37,Maintain Status Quo,Belize,BLZ,2020-07-04,v3
2020-07-07,cumulative_infections,287.08,767.25,1529.5,1649.1,2317.25,4438.35,Relax Interventions 50%,Belize,BLZ,2020-07-04,v3
2020-07-07,deaths,0,0,0,0,0,0,Relax Interventions 50%,Belize,BLZ,2020-07-04,v3
2020-07-07,hospital_demand,0,0,0,0.13,0,1,Relax Interventions 50%,Belize,BLZ,2020-07-04,v3
2020-07-07,hospital_incidence,0,0,0,0,0,0,Relax Interventions 50%,Belize,BLZ,2020-07-04,v3
2020-07-07,ICU_demand,0,0,0,0.06,0,0.52,Relax Interventions 50%,Belize,BLZ,2020-07-04,v3
2020-07-07,ICU_incidence,0,0,0,0,0,0,Relax Interventions 50%,Belize,BLZ,2020-07-04,v3
2020-07-07,infections,0,0,0,2.29,0,51.15,Relax Interventions 50%,Belize,BLZ,2020-07-04,v3
2020-07-07,Rt,0.39,1,1.42,1.64,2.12,3.56,Relax Interventions 50%,Belize,BLZ,2020-07-04,v3
2020-07-07,cumulative_infections,266.28,934.75,1382,1591.36,1906.5,4784.4,Surged Additional 50% Reduction,Belize,BLZ,2020-07-04,v3
2020-07-07,deaths,0,0,0,0,0,0,Surged Additional 50% Reduction,Belize,BLZ,2020-07-04,v3
2020-07-07,hospital_demand,0,0,0,0.03,0,0,Surged Additional 50% Reduction,Belize,BLZ,2020-07-04,v3
2020-07-07,hospital_incidence,0,0,0,0,0,0,Surged Additional 50% Reduction,Belize,BLZ,2020-07-04,v3
2020-07-07,ICU_demand,0,0,0,0,0,0,Surged Additional 50% Reduction,Belize,BLZ,2020-07-04,v3
2020-07-07,ICU_incidence,0,0,0,0,0,0,Surged Additional 50% Reduction,Belize,BLZ,2020-07-04,v3
2020-07-07,infections,0,0,0,0.69,0,11.82,Surged Additional 50% Reduction,Belize,BLZ,2020-07-04,v3
2020-07-07,Rt,0.1,0.29,0.44,0.51,0.71,1.13,Surged Additional 50% Reduction,Belize,BLZ,2020-07-04,v3
2020-07-07,cumulative_infections,266.28,934.75,1382,1591.76,1906.5,4784.4,Surged Maintain Status Quo,Belize,BLZ,2020-07-04,v3
2020-07-07,deaths,0,0,0,0,0,0,Surged Maintain Status Quo,Belize,BLZ,2020-07-04,v3
2020-07-07,hospital_demand,0,0,0,0.03,0,0.52,Surged Maintain Status Quo,Belize,BLZ,2020-07-04,v3
2020-07-07,hospital_incidence,0,0,0,0,0,0,Surged Maintain Status Quo,Belize,BLZ,2020-07-04,v3
2020-07-07,ICU_demand,0,0,0,0,0,0,Surged Maintain Status Quo,Belize,BLZ,2020-07-04,v3
2020-07-07,ICU_incidence,0,0,0,0,0,0,Surged Maintain Status Quo,Belize,BLZ,2020-07-04,v3
2020-07-07,infections,0,0,0,0.78,0,7.3,Surged Maintain Status Quo,Belize,BLZ,2020-07-04,v3
2020-07-07,Rt,0.2,0.58,0.88,1.03,1.43,2.26,Surged Maintain Status Quo,Belize,BLZ,2020-07-04,v3
2020-07-07,cumulative_infections,266.28,934.75,1382,1591.79,1906.5,4784.4,Surged Relax Interventions 50%,Belize,BLZ,2020-07-04,v3
2020-07-07,deaths,0,0,0,0,0,0,Surged Relax Interventions 50%,Belize,BLZ,2020-07-04,v3
2020-07-07,hospital_demand,0,0,0,0.04,0,0.52,Surged Relax Interventions 50%,Belize,BLZ,2020-07-04,v3
2020-07-07,hospital_incidence,0,0,0,0,0,0,Surged Relax Interventions 50%,Belize,BLZ,2020-07-04,v3
2020-07-07,ICU_demand,0,0,0,0,0,0,Surged Relax Interventions 50%,Belize,BLZ,2020-07-04,v3
2020-07-07,ICU_incidence,0,0,0,0,0,0,Surged Relax Interventions 50%,Belize,BLZ,2020-07-04,v3
2020-07-07,infections,0,0,0,0.86,0,11.3,Surged Relax Interventions 50%,Belize,BLZ,2020-07-04,v3
2020-07-07,Rt,0.29,0.87,1.32,1.54,2.14,3.39,Surged Relax Interventions 50%,Belize,BLZ,2020-07-04,v3
2020-07-08,cumulative_infections,287.08,767.25,1529.5,1649.82,2317.25,4438.35,Additional 50% Reduction,Belize,BLZ,2020-07-04,v3
2020-07-08,deaths,0,0,0,0,0,0,Additional 50% Reduction,Belize,BLZ,2020-07-04,v3
2020-07-08,hospital_demand,0,0,0,0.14,0,2.52,Additional 50% Reduction,Belize,BLZ,2020-07-04,v3
2020-07-08,hospital_incidence,0,0,0,0,0,0,Additional 50% Reduction,Belize,BLZ,2020-07-04,v3
2020-07-08,ICU_demand,0,0,0,0.07,0,0.52,Additional 50% Reduction,Belize,BLZ,2020-07-04,v3
2020-07-08,ICU_incidence,0,0,0,0,0,0,Additional 50% Reduction,Belize,BLZ,2020-07-04,v3
2020-07-08,infections,0,0,0,1.65,0,37.57,Additional 50% Reduction,Belize,BLZ,2020-07-04,v3
2020-07-08,Rt,0.13,0.33,0.47,0.55,0.71,1.19,Additional 50% Reduction,Belize,BLZ,2020-07-04,v3
2020-07-08,cumulative_infections,287.08,767.25,1530.5,1651.38,2317.25,4438.35,Maintain Status Quo,Belize,BLZ,2020-07-04,v3
2020-07-08,deaths,0,0,0,0,0,0,Maintain Status Quo,Belize,BLZ,2020-07-04,v3
2020-07-08,hospital_demand,0,0,0,0.11,0,1.52,Maintain Status Quo,Belize,BLZ,2020-07-04,v3
2020-07-08,hospital_incidence,0,0,0,0,0,0,Maintain Status Quo,Belize,BLZ,2020-07-04,v3
2020-07-08,ICU_demand,0,0,0,0.08,0,1,Maintain Status Quo,Belize,BLZ,2020-07-04,v3
2020-07-08,ICU_incidence,0,0,0,0,0,0,Maintain Status Quo,Belize,BLZ,2020-07-04,v3
2020-07-08,infections,0,0,0,2.46,0,53.52,Maintain Status Quo,Belize,BLZ,2020-07-04,v3
2020-07-08,Rt,0.26,0.67,0.95,1.09,1.41,2.37,Maintain Status Quo,Belize,BLZ,2020-07-04,v3
2020-07-08,cumulative_infections,287.08,767.25,1535,1652.52,2317.25,4438.35,Relax Interventions 50%,Belize,BLZ,2020-07-04,v3
2020-07-08,deaths,0,0,0,0,0,0,Relax Interventions 50%,Belize,BLZ,2020-07-04,v3
2020-07-08,hospital_demand,0,0,0,0.16,0,1.52,Relax Interventions 50%,Belize,BLZ,2020-07-04,v3
2020-07-08,hospital_incidence,0,0,0,0,0,0,Relax Interventions 50%,Belize,BLZ,2020-07-04,v3
2020-07-08,ICU_demand,0,0,0,0.09,0,1,Relax Interventions 50%,Belize,BLZ,2020-07-04,v3
2020-07-08,ICU_incidence,0,0,0,0,0,0,Relax Interventions 50%,Belize,BLZ,2020-07-04,v3
2020-07-08,infections,0,0,0,3.42,0,77.72,Relax Interventions 50%,Belize,BLZ,2020-07-04,v3
2020-07-08,Rt,0.39,1,1.42,1.64,2.12,3.56,Relax Interventions 50%,Belize,BLZ,2020-07-04,v3
2020-07-08,cumulative_infections,266.28,934.75,1382,1591.98,1906.5,4784.4,Surged Additional 50% Reduction,Belize,BLZ,2020-07-04,v3
2020-07-08,deaths,0,0,0,0,0,0,Surged Additional 50% Reduction,Belize,BLZ,2020-07-04,v3
2020-07-08,hospital_demand,0,0,0,0.03,0,0,Surged Additional 50% Reduction,Belize,BLZ,2020-07-04,v3
2020-07-08,hospital_incidence,0,0,0,0,0,0,Surged Additional 50% Reduction,Belize,BLZ,2020-07-04,v3
2020-07-08,ICU_demand,0,0,0,0,0,0,Surged Additional 50% Reduction,Belize,BLZ,2020-07-04,v3
2020-07-08,ICU_incidence,0,0,0,0,0,0,Surged Additional 50% Reduction,Belize,BLZ,2020-07-04,v3
2020-07-08,infections,0,0,0,0.62,0,10.15,Surged Additional 50% Reduction,Belize,BLZ,2020-07-04,v3
2020-07-08,Rt,0.1,0.29,0.44,0.51,0.71,1.13,Surged Additional 50% Reduction,Belize,BLZ,2020-07-04,v3
2020-07-08,cumulative_infections,266.28,934.75,1382,1592.59,1906.5,4784.4,Surged Maintain Status Quo,Belize,BLZ,2020-07-04,v3
2020-07-08,deaths,0,0,0,0,0,0,Surged Maintain Status Quo,Belize,BLZ,2020-07-04,v3
2020-07-08,hospital_demand,0,0,0,0.05,0,0.52,Surged Maintain Status Quo,Belize,BLZ,2020-07-04,v3
2020-07-08,hospital_incidence,0,0,0,0,0,0,Surged Maintain Status Quo,Belize,BLZ,2020-07-04,v3
2020-07-08,ICU_demand,0,0,0,0,0,0,Surged Maintain Status Quo,Belize,BLZ,2020-07-04,v3
2020-07-08,ICU_incidence,0,0,0,0,0,0,Surged Maintain Status Quo,Belize,BLZ,2020-07-04,v3
2020-07-08,infections,0,0,0,0.83,0,11.35,Surged Maintain Status Quo,Belize,BLZ,2020-07-04,v3
2020-07-08,Rt,0.2,0.58,0.88,1.03,1.43,2.26,Surged Maintain Status Quo,Belize,BLZ,2020-07-04,v3
2020-07-08,cumulative_infections,266.28,934.75,1382,1592.91,1906.5,4784.4,Surged Relax Interventions 50%,Belize,BLZ,2020-07-04,v3
2020-07-08,deaths,0,0,0,0,0,0,Surged Relax Interventions 50%,Belize,BLZ,2020-07-04,v3
2020-07-08,hospital_demand,0,0,0,0.04,0,0.52,Surged Relax Interventions 50%,Belize,BLZ,2020-07-04,v3
2020-07-08,hospital_incidence,0,0,0,0,0,0,Surged Relax Interventions 50%,Belize,BLZ,2020-07-04,v3
2020-07-08,ICU_demand,0,0,0,0,0,0,Surged Relax Interventions 50%,Belize,BLZ,2020-07-04,v3
2020-07-08,ICU_incidence,0,0,0,0,0,0,Surged Relax Interventions 50%,Belize,BLZ,2020-07-04,v3
2020-07-08,infections,0,0,0,1.12,0,13.4,Surged Relax Interventions 50%,Belize,BLZ,2020-07-04,v3
2020-07-08,Rt,0.29,0.87,1.32,1.54,2.14,3.39,Surged Relax Interventions 50%,Belize,BLZ,2020-07-04,v3
2020-07-09,cumulative_infections,287.08,767.25,1529.5,1651.55,2317.25,4438.35,Additional 50% Reduction,Belize,BLZ,2020-07-04,v3
2020-07-09,deaths,0,0,0,0,0,0,Additional 50% Reduction,Belize,BLZ,2020-07-04,v3
2020-07-09,hospital_demand,0,0,0,0.15,0,3.05,Additional 50% Reduction,Belize,BLZ,2020-07-04,v3
2020-07-09,hospital_incidence,0,0,0,0,0,0,Additional 50% Reduction,Belize,BLZ,2020-07-04,v3
2020-07-09,ICU_demand,0,0,0,0.06,0,0.52,Additional 50% Reduction,Belize,BLZ,2020-07-04,v3
2020-07-09,ICU_incidence,0,0,0,0,0,0,Additional 50% Reduction,Belize,BLZ,2020-07-04,v3
2020-07-09,infections,0,0,0,1.73,0,35.77,Additional 50% Reduction,Belize,BLZ,2020-07-04,v3
2020-07-09,Rt,0.13,0.33,0.47,0.55,0.71,1.19,Additional 50% Reduction,Belize,BLZ,2020-07-04,v3
2020-07-09,cumulative_infections,287.08,767.25,1572.5,1654.16,2317.25,4438.35,Maintain Status Quo,Belize,BLZ,2020-07-04,v3
2020-07-09,deaths,0,0,0,0.01,0,0,Maintain Status Quo,Belize,BLZ,2020-07-04,v3
2020-07-09,hospital_demand,0,0,0,0.13,0,2.05,Maintain Status Quo,Belize,BLZ,2020-07-04,v3
2020-07-09,hospital_incidence,0,0,0,0,0,0,Maintain Status Quo,Belize,BLZ,2020-07-04,v3
2020-07-09,ICU_demand,0,0,0,0.08,0,1.52,Maintain Status Quo,Belize,BLZ,2020-07-04,v3
2020-07-09,ICU_incidence,0,0,0,0,0,0,Maintain Status Quo,Belize,BLZ,2020-07-04,v3
2020-07-09,infections,0,0,0,2.78,0,58.52,Maintain Status Quo,Belize,BLZ,2020-07-04,v3
2020-07-09,Rt,0.26,0.67,0.95,1.09,1.41,2.37,Maintain Status Quo,Belize,BLZ,2020-07-04,v3
2020-07-09,cumulative_infections,287.08,767.25,1577.5,1656.01,2336.75,4438.35,Relax Interventions 50%,Belize,BLZ,2020-07-04,v3
2020-07-09,deaths,0,0,0,0,0,0,Relax Interventions 50%,Belize,BLZ,2020-07-04,v3
2020-07-09,hospital_demand,0,0,0,0.17,0,3,Relax Interventions 50%,Belize,BLZ,2020-07-04,v3
2020-07-09,hospital_incidence,0,0,0,0,0,0,Relax Interventions 50%,Belize,BLZ,2020-07-04,v3
2020-07-09,ICU_demand,0,0,0,0.1,0,2,Relax Interventions 50%,Belize,BLZ,2020-07-04,v3
2020-07-09,ICU_incidence,0,0,0,0,0,0,Relax Interventions 50%,Belize,BLZ,2020-07-04,v3
2020-07-09,infections,0,0,0,3.49,0,84.05,Relax Interventions 50%,Belize,BLZ,2020-07-04,v3
2020-07-09,Rt,0.39,1,1.42,1.64,2.12,3.56,Relax Interventions 50%,Belize,BLZ,2020-07-04,v3
2020-07-09,cumulative_infections,266.28,934.75,1382,1592.55,1906.5,4784.4,Surged Additional 50% Reduction,Belize,BLZ,2020-07-04,v3
2020-07-09,deaths,0,0,0,0,0,0,Surged Additional 50% Reduction,Belize,BLZ,2020-07-04,v3
2020-07-09,hospital_demand,0,0,0,0.04,0,0.52,Surged Additional 50% Reduction,Belize,BLZ,2020-07-04,v3
2020-07-09,hospital_incidence,0,0,0,0,0,0,Surged Additional 50% Reduction,Belize,BLZ,2020-07-04,v3
2020-07-09,ICU_demand,0,0,0,0,0,0,Surged Additional 50% Reduction,Belize,BLZ,2020-07-04,v3
2020-07-09,ICU_incidence,0,0,0,0,0,0,Surged Additional 50% Reduction,Belize,BLZ,2020-07-04,v3
2020-07-09,infections,0,0,0,0.57,0,9.72,Surged Additional 50% Reduction,Belize,BLZ,2020-07-04,v3
2020-07-09,Rt,0.1,0.29,0.44,0.51,0.71,1.13,Surged Additional 50% Reduction,Belize,BLZ,2020-07-04,v3
2020-07-09,cumulative_infections,266.28,934.75,1382,1593.56,1906.5,4784.4,Surged Maintain Status Quo,Belize,BLZ,2020-07-04,v3
2020-07-09,deaths,0,0,0,0,0,0,Surged Maintain Status Quo,Belize,BLZ,2020-07-04,v3
2020-07-09,hospital_demand,0,0,0,0.05,0,0.52,Surged Maintain Status Quo,Belize,BLZ,2020-07-04,v3
2020-07-09,hospital_incidence,0,0,0,0,0,0,Surged Maintain Status Quo,Belize,BLZ,2020-07-04,v3
2020-07-09,ICU_demand,0,0,0,0,0,0,Surged Maintain Status Quo,Belize,BLZ,2020-07-04,v3
2020-07-09,ICU_incidence,0,0,0,0,0,0,Surged Maintain Status Quo,Belize,BLZ,2020-07-04,v3
2020-07-09,infections,0,0,0,0.97,0,13.6,Surged Maintain Status Quo,Belize,BLZ,2020-07-04,v3
2020-07-09,Rt,0.2,0.58,0.88,1.03,1.43,2.26,Surged Maintain Status Quo,Belize,BLZ,2020-07-04,v3
2020-07-09,cumulative_infections,266.28,934.75,1382,1594.13,1906.5,4784.4,Surged Relax Interventions 50%,Belize,BLZ,2020-07-04,v3
2020-07-09,deaths,0,0,0,0,0,0,Surged Relax Interventions 50%,Belize,BLZ,2020-07-04,v3
2020-07-09,hospital_demand,0,0,0,0.05,0,0.52,Surged Relax Interventions 50%,Belize,BLZ,2020-07-04,v3
2020-07-09,hospital_incidence,0,0,0,0.01,0,0,Surged Relax Interventions 50%,Belize,BLZ,2020-07-04,v3
2020-07-09,ICU_demand,0,0,0,0,0,0,Surged Relax Interventions 50%,Belize,BLZ,2020-07-04,v3
2020-07-09,ICU_incidence,0,0,0,0,0,0,Surged Relax Interventions 50%,Belize,BLZ,2020-07-04,v3
2020-07-09,infections,0,0,0,1.22,0,16.12,Surged Relax Interventions 50%,Belize,BLZ,2020-07-04,v3
2020-07-09,Rt,0.29,0.87,1.32,1.54,2.14,3.39,Surged Relax Interventions 50%,Belize,BLZ,2020-07-04,v3
2020-07-10,cumulative_infections,287.08,767.25,1549.5,1653.43,2317.25,4438.35,Additional 50% Reduction,Belize,BLZ,2020-07-04,v3
2020-07-10,deaths,0,0,0,0.01,0,0,Additional 50% Reduction,Belize,BLZ,2020-07-04,v3
2020-07-10,hospital_demand,0,0,0,0.18,0,3.52,Additional 50% Reduction,Belize,BLZ,2020-07-04,v3
2020-07-10,hospital_incidence,0,0,0,0,0,0,Additional 50% Reduction,Belize,BLZ,2020-07-04,v3
2020-07-10,ICU_demand,0,0,0,0.04,0,0,Additional 50% Reduction,Belize,BLZ,2020-07-04,v3
2020-07-10,ICU_incidence,0,0,0,0,0,0,Additional 50% Reduction,Belize,BLZ,2020-07-04,v3
2020-07-10,infections,0,0,0,1.88,0,40.77,Additional 50% Reduction,Belize,BLZ,2020-07-04,v3
2020-07-10,Rt,0.13,0.33,0.47,0.55,0.71,1.19,Additional 50% Reduction,Belize,BLZ,2020-07-04,v3
2020-07-10,cumulative_infections,287.08,767.25,1586,1657.21,2339.75,4438.35,Maintain Status Quo,Belize,BLZ,2020-07-04,v3
2020-07-10,deaths,0,0,0,0,0,0,Maintain Status Quo,Belize,BLZ,2020-07-04,v3
2020-07-10,hospital_demand,0,0,0,0.13,0,2.52,Maintain Status Quo,Belize,BLZ,2020-07-04,v3
2020-07-10,hospital_incidence,0,0,0,0,0,0,Maintain Status Quo,Belize,BLZ,2020-07-04,v3
2020-07-10,ICU_demand,0,0,0,0.08,0,1.52,Maintain Status Quo,Belize,BLZ,2020-07-04,v3
2020-07-10,ICU_incidence,0,0,0,0,0,0,Maintain Status Quo,Belize,BLZ,2020-07-04,v3
2020-07-10,infections,0,0,0,3.05,0,68.87,Maintain Status Quo,Belize,BLZ,2020-07-04,v3
2020-07-10,Rt,0.26,0.67,0.95,1.09,1.41,2.37,Maintain Status Quo,Belize,BLZ,2020-07-04,v3
2020-07-10,cumulative_infections,287.08,767.25,1586,1660.12,2341.75,4438.35,Relax Interventions 50%,Belize,BLZ,2020-07-04,v3
2020-07-10,deaths,0,0,0,0.01,0,0,Relax Interventions 50%,Belize,BLZ,2020-07-04,v3
2020-07-10,hospital_demand,0,0,0,0.18,0,3,Relax Interventions 50%,Belize,BLZ,2020-07-04,v3
2020-07-10,hospital_incidence,0,0,0,0,0,0,Relax Interventions 50%,Belize,BLZ,2020-07-04,v3
2020-07-10,ICU_demand,0,0,0,0.08,0,1.52,Relax Interventions 50%,Belize,BLZ,2020-07-04,v3
2020-07-10,ICU_incidence,0,0,0,0,0,0,Relax Interventions 50%,Belize,BLZ,2020-07-04,v3
2020-07-10,infections,0,0,0,4.11,0,95.72,Relax Interventions 50%,Belize,BLZ,2020-07-04,v3
2020-07-10,Rt,0.39,1,1.42,1.64,2.12,3.56,Relax Interventions 50%,Belize,BLZ,2020-07-04,v3
2020-07-10,cumulative_infections,266.28,934.75,1382,1593.18,1906.5,4784.4,Surged Additional 50% Reduction,Belize,BLZ,2020-07-04,v3
2020-07-10,deaths,0,0,0,0,0,0,Surged Additional 50% Reduction,Belize,BLZ,2020-07-04,v3
2020-07-10,hospital_demand,0,0,0,0.05,0,1,Surged Additional 50% Reduction,Belize,BLZ,2020-07-04,v3
2020-07-10,hospital_incidence,0,0,0,0,0,0,Surged Additional 50% Reduction,Belize,BLZ,2020-07-04,v3
2020-07-10,ICU_demand,0,0,0,0,0,0,Surged Additional 50% Reduction,Belize,BLZ,2020-07-04,v3
2020-07-10,ICU_incidence,0,0,0,0,0,0,Surged Additional 50% Reduction,Belize,BLZ,2020-07-04,v3
2020-07-10,infections,0,0,0,0.63,0,8.2,Surged Additional 50% Reduction,Belize,BLZ,2020-07-04,v3
2020-07-10,Rt,0.1,0.29,0.44,0.51,0.71,1.13,Surged Additional 50% Reduction,Belize,BLZ,2020-07-04,v3
2020-07-10,cumulative_infections,266.28,934.75,1382,1594.59,1906.5,4784.4,Surged Maintain Status Quo,Belize,BLZ,2020-07-04,v3
2020-07-10,deaths,0,0,0,0,0,0,Surged Maintain Status Quo,Belize,BLZ,2020-07-04,v3
2020-07-10,hospital_demand,0,0,0,0.05,0,0.52,Surged Maintain Status Quo,Belize,BLZ,2020-07-04,v3
2020-07-10,hospital_incidence,0,0,0,0.01,0,0,Surged Maintain Status Quo,Belize,BLZ,2020-07-04,v3
2020-07-10,ICU_demand,0,0,0,0.02,0,0,Surged Maintain Status Quo,Belize,BLZ,2020-07-04,v3
2020-07-10,ICU_incidence,0,0,0,0,0,0,Surged Maintain Status Quo,Belize,BLZ,2020-07-04,v3
2020-07-10,infections,0,0,0,1.03,0,16.65,Surged Maintain Status Quo,Belize,BLZ,2020-07-04,v3
2020-07-10,Rt,0.2,0.58,0.88,1.03,1.43,2.26,Surged Maintain Status Quo,Belize,BLZ,2020-07-04,v3
2020-07-10,cumulative_infections,266.28,934.75,1382,1595.61,1906.5,4784.4,Surged Relax Interventions 50%,Belize,BLZ,2020-07-04,v3
2020-07-10,deaths,0,0,0,0,0,0,Surged Relax Interventions 50%,Belize,BLZ,2020-07-04,v3
2020-07-10,hospital_demand,0,0,0,0.06,0,0.52,Surged Relax Interventions 50%,Belize,BLZ,2020-07-04,v3
2020-07-10,hospital_incidence,0,0,0,0,0,0,Surged Relax Interventions 50%,Belize,BLZ,2020-07-04,v3
2020-07-10,ICU_demand,0,0,0,0,0,0,Surged Relax Interventions 50%,Belize,BLZ,2020-07-04,v3
2020-07-10,ICU_incidence,0,0,0,0,0,0,Surged Relax Interventions 50%,Belize,BLZ,2020-07-04,v3
2020-07-10,infections,0,0,0,1.48,0,15.2,Surged Relax Interventions 50%,Belize,BLZ,2020-07-04,v3
2020-07-10,Rt,0.29,0.87,1.32,1.54,2.14,3.39,Surged Relax Interventions 50%,Belize,BLZ,2020-07-04,v3
2020-07-11,cumulative_infections,287.08,767.25,1576,1655.2,2333.25,4438.35,Additional 50% Reduction,Belize,BLZ,2020-07-04,v3
2020-07-11,deaths,0,0,0,0,0,0,Additional 50% Reduction,Belize,BLZ,2020-07-04,v3
2020-07-11,hospital_demand,0,0,0,0.2,0,4.1,Additional 50% Reduction,Belize,BLZ,2020-07-04,v3
2020-07-11,hospital_incidence,0,0,0,0,0,0,Additional 50% Reduction,Belize,BLZ,2020-07-04,v3
2020-07-11,ICU_demand,0,0,0,0.04,0,0,Additional 50% Reduction,Belize,BLZ,2020-07-04,v3
2020-07-11,ICU_incidence,0,0,0,0,0,0,Additional 50% Reduction,Belize,BLZ,2020-07-04,v3
2020-07-11,infections,0,0,0,1.77,0,38.52,Additional 50% Reduction,Belize,BLZ,2020-07-04,v3
2020-07-11,Rt,0.13,0.33,0.47,0.55,0.71,1.19,Additional 50% Reduction,Belize,BLZ,2020-07-04,v3
2020-07-11,cumulative_infections,287.08,767.25,1586,1660.41,2341.75,4438.35,Maintain Status Quo,Belize,BLZ,2020-07-04,v3
2020-07-11,deaths,0,0,0,0,0,0,Maintain Status Quo,Belize,BLZ,2020-07-04,v3
2020-07-11,hospital_demand,0,0,0,0.13,0,2.52,Maintain Status Quo,Belize,BLZ,2020-07-04,v3
2020-07-11,hospital_incidence,0,0,0,0,0,0,Maintain Status Quo,Belize,BLZ,2020-07-04,v3
2020-07-11,ICU_demand,0,0,0,0.09,0,1.52,Maintain Status Quo,Belize,BLZ,2020-07-04,v3
2020-07-11,ICU_incidence,0,0,0,0,0,0,Maintain Status Quo,Belize,BLZ,2020-07-04,v3
2020-07-11,infections,0,0,0,3.2,0,67.15,Maintain Status Quo,Belize,BLZ,2020-07-04,v3
2020-07-11,Rt,0.26,0.67,0.95,1.09,1.41,2.37,Maintain Status Quo,Belize,BLZ,2020-07-04,v3
2020-07-11,cumulative_infections,287.08,767.25,1586,1665.57,2341.75,4438.35,Relax Interventions 50%,Belize,BLZ,2020-07-04,v3
2020-07-11,deaths,0,0,0,0.01,0,0,Relax Interventions 50%,Belize,BLZ,2020-07-04,v3
2020-07-11,hospital_demand,0,0,0,0.18,0,3.52,Relax Interventions 50%,Belize,BLZ,2020-07-04,v3
2020-07-11,hospital_incidence,0,0,0,0,0,0,Relax Interventions 50%,Belize,BLZ,2020-07-04,v3
2020-07-11,ICU_demand,0,0,0,0.08,0,1.52,Relax Interventions 50%,Belize,BLZ,2020-07-04,v3
2020-07-11,ICU_incidence,0,0,0,0,0,0,Relax Interventions 50%,Belize,BLZ,2020-07-04,v3
2020-07-11,infections,0,0,0,5.45,0,119.35,Relax Interventions 50%,Belize,BLZ,2020-07-04,v3
2020-07-11,Rt,0.39,1,1.42,1.64,2.12,3.56,Relax Interventions 50%,Belize,BLZ,2020-07-04,v3
2020-07-11,cumulative_infections,266.28,934.75,1382,1593.73,1906.5,4784.4,Surged Additional 50% Reduction,Belize,BLZ,2020-07-04,v3
2020-07-11,deaths,0,0,0,0,0,0,Surged Additional 50% Reduction,Belize,BLZ,2020-07-04,v3
2020-07-11,hospital_demand,0,0,0,0.05,0,1,Surged Additional 50% Reduction,Belize,BLZ,2020-07-04,v3
2020-07-11,hospital_incidence,0,0,0,0,0,0,Surged Additional 50% Reduction,Belize,BLZ,2020-07-04,v3
2020-07-11,ICU_demand,0,0,0,0,0,0,Surged Additional 50% Reduction,Belize,BLZ,2020-07-04,v3
2020-07-11,ICU_incidence,0,0,0,0,0,0,Surged Additional 50% Reduction,Belize,BLZ,2020-07-04,v3
2020-07-11,infections,0,0,0,0.55,0,7.72,Surged Additional 50% Reduction,Belize,BLZ,2020-07-04,v3
2020-07-11,Rt,0.1,0.29,0.44,0.51,0.71,1.13,Surged Additional 50% Reduction,Belize,BLZ,2020-07-04,v3
2020-07-11,cumulative_infections,266.28,934.75,1382,1595.58,1906.5,4784.4,Surged Maintain Status Quo,Belize,BLZ,2020-07-04,v3
2020-07-11,deaths,0,0,0,0,0,0,Surged Maintain Status Quo,Belize,BLZ,2020-07-04,v3
2020-07-11,hospital_demand,0,0,0,0.09,0,1.05,Surged Maintain Status Quo,Belize,BLZ,2020-07-04,v3
2020-07-11,hospital_incidence,0,0,0,0,0,0,Surged Maintain Status Quo,Belize,BLZ,2020-07-04,v3
2020-07-11,ICU_demand,0,0,0,0.03,0,0.52,Surged Maintain Status Quo,Belize,BLZ,2020-07-04,v3
2020-07-11,ICU_incidence,0,0,0,0,0,0,Surged Maintain Status Quo,Belize,BLZ,2020-07-04,v3
2020-07-11,infections,0,0,0,0.99,0,10.35,Surged Maintain Status Quo,Belize,BLZ,2020-07-04,v3
2020-07-11,Rt,0.2,0.58,0.88,1.03,1.43,2.26,Surged Maintain Status Quo,Belize,BLZ,2020-07-04,v3
2020-07-11,cumulative_infections,266.28,934.75,1382,1597.25,1906.5,4784.4,Surged Relax Interventions 50%,Belize,BLZ,2020-07-04,v3
2020-07-11,deaths,0,0,0,0,0,0,Surged Relax Interventions 50%,Belize,BLZ,2020-07-04,v3
2020-07-11,hospital_demand,0,0,0,0.05,0,0.52,Surged Relax Interventions 50%,Belize,BLZ,2020-07-04,v3
2020-07-11,hospital_incidence,0,0,0,0,0,0,Surged Relax Interventions 50%,Belize,BLZ,2020-07-04,v3
2020-07-11,ICU_demand,0,0,0,0,0,0,Surged Relax Interventions 50%,Belize,BLZ,2020-07-04,v3
2020-07-11,ICU_incidence,0,0,0,0,0,0,Surged Relax Interventions 50%,Belize,BLZ,2020-07-04,v3
2020-07-11,infections,0,0,0,1.64,0,23.17,Surged Relax Interventions 50%,Belize,BLZ,2020-07-04,v3
2020-07-11,Rt,0.29,0.87,1.32,1.54,2.14,3.39,Surged Relax Interventions 50%,Belize,BLZ,2020-07-04,v3
2020-07-12,cumulative_infections,287.08,767.25,1586,1656.98,2341.5,4438.35,Additional 50% Reduction,Belize,BLZ,2020-07-04,v3
2020-07-12,deaths,0,0,0,0,0,0,Additional 50% Reduction,Belize,BLZ,2020-07-04,v3
2020-07-12,hospital_demand,0,0,0,0.19,0,4,Additional 50% Reduction,Belize,BLZ,2020-07-04,v3
2020-07-12,hospital_incidence,0,0,0,0.01,0,0,Additional 50% Reduction,Belize,BLZ,2020-07-04,v3
2020-07-12,ICU_demand,0,0,0,0.03,0,0,Additional 50% Reduction,Belize,BLZ,2020-07-04,v3
2020-07-12,ICU_incidence,0,0,0,0,0,0,Additional 50% Reduction,Belize,BLZ,2020-07-04,v3
2020-07-12,infections,0,0,0,1.78,0,38.77,Additional 50% Reduction,Belize,BLZ,2020-07-04,v3
2020-07-12,Rt,0.13,0.33,0.47,0.55,0.71,1.19,Additional 50% Reduction,Belize,BLZ,2020-07-04,v3
2020-07-12,cumulative_infections,287.08,767.25,1586,1664.63,2341.75,4438.35,Maintain Status Quo,Belize,BLZ,2020-07-04,v3
2020-07-12,deaths,0,0,0,0,0,0,Maintain Status Quo,Belize,BLZ,2020-07-04,v3
2020-07-12,hospital_demand,0,0,0,0.2,0,3.52,Maintain Status Quo,Belize,BLZ,2020-07-04,v3
2020-07-12,hospital_incidence,0,0,0,0,0,0,Maintain Status Quo,Belize,BLZ,2020-07-04,v3
2020-07-12,ICU_demand,0,0,0,0.08,0,1,Maintain Status Quo,Belize,BLZ,2020-07-04,v3
2020-07-12,ICU_incidence,0,0,0,0,0,0,Maintain Status Quo,Belize,BLZ,2020-07-04,v3
2020-07-12,infections,0,0,0,4.22,0,91.37,Maintain Status Quo,Belize,BLZ,2020-07-04,v3
2020-07-12,Rt,0.26,0.67,0.95,1.09,1.41,2.37,Maintain Status Quo,Belize,BLZ,2020-07-04,v3
2020-07-12,cumulative_infections,287.08,767.25,1586,1671.69,2341.75,4438.35,Relax Interventions 50%,Belize,BLZ,2020-07-04,v3
2020-07-12,deaths,0,0,0,0.01,0,0,Relax Interventions 50%,Belize,BLZ,2020-07-04,v3
2020-07-12,hospital_demand,0,0,0,0.22,0,3.57,Relax Interventions 50%,Belize,BLZ,2020-07-04,v3
2020-07-12,hospital_incidence,0,0,0,0,0,0,Relax Interventions 50%,Belize,BLZ,2020-07-04,v3
2020-07-12,ICU_demand,0,0,0,0.08,0,2,Relax Interventions 50%,Belize,BLZ,2020-07-04,v3
2020-07-12,ICU_incidence,0,0,0,0,0,0,Relax Interventions 50%,Belize,BLZ,2020-07-04,v3
2020-07-12,infections,0,0,0,6.12,0,116.15,Relax Interventions 50%,Belize,BLZ,2020-07-04,v3
2020-07-12,Rt,0.39,1,1.42,1.64,2.12,3.56,Relax Interventions 50%,Belize,BLZ,2020-07-04,v3
2020-07-12,cumulative_infections,266.28,934.75,1382,1594.17,1906.5,4784.4,Surged Additional 50% Reduction,Belize,BLZ,2020-07-04,v3
2020-07-12,deaths,0,0,0,0,0,0,Surged Additional 50% Reduction,Belize,BLZ,2020-07-04,v3
2020-07-12,hospital_demand,0,0,0,0.05,0,1,Surged Additional 50% Reduction,Belize,BLZ,2020-07-04,v3
2020-07-12,hospital_incidence,0,0,0,0,0,0,Surged Additional 50% Reduction,Belize,BLZ,2020-07-04,v3
2020-07-12,ICU_demand,0,0,0,0,0,0,Surged Additional 50% Reduction,Belize,BLZ,2020-07-04,v3
2020-07-12,ICU_incidence,0,0,0,0,0,0,Surged Additional 50% Reduction,Belize,BLZ,2020-07-04,v3
2020-07-12,infections,0,0,0,0.44,0,5.62,Surged Additional 50% Reduction,Belize,BLZ,2020-07-04,v3
2020-07-12,Rt,0.1,0.29,0.44,0.51,0.71,1.13,Surged Additional 50% Reduction,Belize,BLZ,2020-07-04,v3
2020-07-12,cumulative_infections,266.28,934.75,1382,1596.7,1906.5,4784.4,Surged Maintain Status Quo,Belize,BLZ,2020-07-04,v3
2020-07-12,deaths,0,0,0,0,0,0,Surged Maintain Status Quo,Belize,BLZ,2020-07-04,v3
2020-07-12,hospital_demand,0,0,0,0.09,0,1.05,Surged Maintain Status Quo,Belize,BLZ,2020-07-04,v3
2020-07-12,hospital_incidence,0,0,0,0,0,0,Surged Maintain Status Quo,Belize,BLZ,2020-07-04,v3
2020-07-12,ICU_demand,0,0,0,0.03,0,0.52,Surged Maintain Status Quo,Belize,BLZ,2020-07-04,v3
2020-07-12,ICU_incidence,0,0,0,0,0,0,Surged Maintain Status Quo,Belize,BLZ,2020-07-04,v3
2020-07-12,infections,0,0,0,1.12,0,14.97,Surged Maintain Status Quo,Belize,BLZ,2020-07-04,v3
2020-07-12,Rt,0.2,0.58,0.88,1.03,1.43,2.26,Surged Maintain Status Quo,Belize,BLZ,2020-07-04,v3
2020-07-12,cumulative_infections,266.28,934.75,1382,1599.33,1906.5,4784.4,Surged Relax Interventions 50%,Belize,BLZ,2020-07-04,v3
2020-07-12,deaths,0,0,0,0,0,0,Surged Relax Interventions 50%,Belize,BLZ,2020-07-04,v3
2020-07-12,hospital_demand,0,0,0,0.03,0,0,Surged Relax Interventions 50%,Belize,BLZ,2020-07-04,v3
2020-07-12,hospital_incidence,0,0,0,0,0,0,Surged Relax Interventions 50%,Belize,BLZ,2020-07-04,v3
2020-07-12,ICU_demand,0,0,0,0,0,0,Surged Relax Interventions 50%,Belize,BLZ,2020-07-04,v3
2020-07-12,ICU_incidence,0,0,0,0,0,0,Surged Relax Interventions 50%,Belize,BLZ,2020-07-04,v3
2020-07-12,infections,0,0,0,2.08,0,24.65,Surged Relax Interventions 50%,Belize,BLZ,2020-07-04,v3
2020-07-12,Rt,0.29,0.87,1.32,1.54,2.14,3.39,Surged Relax Interventions 50%,Belize,BLZ,2020-07-04,v3
2020-07-13,cumulative_infections,287.08,767.25,1586,1658.63,2341.75,4438.35,Additional 50% Reduction,Belize,BLZ,2020-07-04,v3
2020-07-13,deaths,0,0,0,0.01,0,0,Additional 50% Reduction,Belize,BLZ,2020-07-04,v3
2020-07-13,hospital_demand,0,0,0,0.22,0,4.52,Additional 50% Reduction,Belize,BLZ,2020-07-04,v3
2020-07-13,hospital_incidence,0,0,0,0,0,0,Additional 50% Reduction,Belize,BLZ,2020-07-04,v3
2020-07-13,ICU_demand,0,0,0,0.02,0,0,Additional 50% Reduction,Belize,BLZ,2020-07-04,v3
2020-07-13,ICU_incidence,0,0,0,0,0,0,Additional 50% Reduction,Belize,BLZ,2020-07-04,v3
2020-07-13,infections,0,0,0,1.65,0,40.05,Additional 50% Reduction,Belize,BLZ,2020-07-04,v3
2020-07-13,Rt,0.13,0.33,0.47,0.55,0.71,1.19,Additional 50% Reduction,Belize,BLZ,2020-07-04,v3
2020-07-13,cumulative_infections,287.08,767.25,1586,1668.99,2341.75,4438.35,Maintain Status Quo,Belize,BLZ,2020-07-04,v3
2020-07-13,deaths,0,0,0,0,0,0,Maintain Status Quo,Belize,BLZ,2020-07-04,v3
2020-07-13,hospital_demand,0,0,0,0.23,0,4.52,Maintain Status Quo,Belize,BLZ,2020-07-04,v3
2020-07-13,hospital_incidence,0,0,0,0,0,0,Maintain Status Quo,Belize,BLZ,2020-07-04,v3
2020-07-13,ICU_demand,0,0,0,0.09,0,1,Maintain Status Quo,Belize,BLZ,2020-07-04,v3
2020-07-13,ICU_incidence,0,0,0,0,0,0,Maintain Status Quo,Belize,BLZ,2020-07-04,v3
2020-07-13,infections,0,0,0,4.36,0,92.07,Maintain Status Quo,Belize,BLZ,2020-07-04,v3
2020-07-13,Rt,0.26,0.67,0.95,1.09,1.41,2.37,Maintain Status Quo,Belize,BLZ,2020-07-04,v3
2020-07-13,cumulative_infections,287.08,767.25,1586,1679.61,2341.75,4438.35,Relax Interventions 50%,Belize,BLZ,2020-07-04,v3
2020-07-13,deaths,0,0,0,0,0,0,Relax Interventions 50%,Belize,BLZ,2020-07-04,v3
2020-07-13,hospital_demand,0,0,0,0.28,0,4.57,Relax Interventions 50%,Belize,BLZ,2020-07-04,v3
2020-07-13,hospital_incidence,0,0,0,0,0,0,Relax Interventions 50%,Belize,BLZ,2020-07-04,v3
2020-07-13,ICU_demand,0,0,0,0.1,0,2,Relax Interventions 50%,Belize,BLZ,2020-07-04,v3
2020-07-13,ICU_incidence,0,0,0,0,0,0,Relax Interventions 50%,Belize,BLZ,2020-07-04,v3
2020-07-13,infections,0,0,0,7.92,0,164.8,Relax Interventions 50%,Belize,BLZ,2020-07-04,v3
2020-07-13,Rt,0.39,1,1.42,1.64,2.12,3.56,Relax Interventions 50%,Belize,BLZ,2020-07-04,v3
2020-07-13,cumulative_infections,266.28,934.75,1382,1594.69,1906.5,4784.4,Surged Additional 50% Reduction,Belize,BLZ,2020-07-04,v3
2020-07-13,deaths,0,0,0,0,0,0,Surged Additional 50% Reduction,Belize,BLZ,2020-07-04,v3
2020-07-13,hospital_demand,0,0,0,0.06,0,1,Surged Additional 50% Reduction,Belize,BLZ,2020-07-04,v3
2020-07-13,hospital_incidence,0,0,0,0,0,0,Surged Additional 50% Reduction,Belize,BLZ,2020-07-04,v3
2020-07-13,ICU_demand,0,0,0,0,0,0,Surged Additional 50% Reduction,Belize,BLZ,2020-07-04,v3
2020-07-13,ICU_incidence,0,0,0,0,0,0,Surged Additional 50% Reduction,Belize,BLZ,2020-07-04,v3
2020-07-13,infections,0,0,0,0.52,0,6.67,Surged Additional 50% Reduction,Belize,BLZ,2020-07-04,v3
2020-07-13,Rt,0.1,0.29,0.44,0.51,0.71,1.13,Surged Additional 50% Reduction,Belize,BLZ,2020-07-04,v3
2020-07-13,cumulative_infections,266.28,934.75,1382,1597.9,1906.5,4784.4,Surged Maintain Status Quo,Belize,BLZ,2020-07-04,v3
2020-07-13,deaths,0,0,0,0,0,0,Surged Maintain Status Quo,Belize,BLZ,2020-07-04,v3
2020-07-13,hospital_demand,0,0,0,0.1,0,0.52,Surged Maintain Status Quo,Belize,BLZ,2020-07-04,v3
2020-07-13,hospital_incidence,0,0,0,0,0,0,Surged Maintain Status Quo,Belize,BLZ,2020-07-04,v3
2020-07-13,ICU_demand,0,0,0,0.03,0,0.52,Surged Maintain Status Quo,Belize,BLZ,2020-07-04,v3
2020-07-13,ICU_incidence,0,0,0,0,0,0,Surged Maintain Status Quo,Belize,BLZ,2020-07-04,v3
2020-07-13,infections,0,0,0,1.2,0,12.35,Surged Maintain Status Quo,Belize,BLZ,2020-07-04,v3
2020-07-13,Rt,0.2,0.58,0.88,1.03,1.43,2.26,Surged Maintain Status Quo,Belize,BLZ,2020-07-04,v3
2020-07-13,cumulative_infections,266.28,934.75,1382,1601.47,1906.5,4784.4,Surged Relax Interventions 50%,Belize,BLZ,2020-07-04,v3
2020-07-13,deaths,0,0,0,0,0,0,Surged Relax Interventions 50%,Belize,BLZ,2020-07-04,v3
2020-07-13,hospital_demand,0,0,0,0.04,0,0,Surged Relax Interventions 50%,Belize,BLZ,2020-07-04,v3
2020-07-13,hospital_incidence,0,0,0,0,0,0,Surged Relax Interventions 50%,Belize,BLZ,2020-07-04,v3
2020-07-13,ICU_demand,0,0,0,0.01,0,0,Surged Relax Interventions 50%,Belize,BLZ,2020-07-04,v3
2020-07-13,ICU_incidence,0,0,0,0,0,0,Surged Relax Interventions 50%,Belize,BLZ,2020-07-04,v3
2020-07-13,infections,0,0,0,2.14,0,29.22,Surged Relax Interventions 50%,Belize,BLZ,2020-07-04,v3
2020-07-13,Rt,0.29,0.87,1.32,1.54,2.14,3.39,Surged Relax Interventions 50%,Belize,BLZ,2020-07-04,v3
2020-07-14,cumulative_infections,287.08,767.25,1586,1660,2341.75,4438.35,Additional 50% Reduction,Belize,BLZ,2020-07-04,v3
2020-07-14,deaths,0,0,0,0,0,0,Additional 50% Reduction,Belize,BLZ,2020-07-04,v3
2020-07-14,hospital_demand,0,0,0,0.23,0,4.57,Additional 50% Reduction,Belize,BLZ,2020-07-04,v3
2020-07-14,hospital_incidence,0,0,0,0,0,0,Additional 50% Reduction,Belize,BLZ,2020-07-04,v3
2020-07-14,ICU_demand,0,0,0,0.04,0,0.52,Additional 50% Reduction,Belize,BLZ,2020-07-04,v3
2020-07-14,ICU_incidence,0,0,0,0,0,0,Additional 50% Reduction,Belize,BLZ,2020-07-04,v3
2020-07-14,infections,0,0,0,1.37,0,31.05,Additional 50% Reduction,Belize,BLZ,2020-07-04,v3
2020-07-14,Rt,0.13,0.33,0.47,0.55,0.71,1.19,Additional 50% Reduction,Belize,BLZ,2020-07-04,v3
2020-07-14,cumulative_infections,287.08,767.25,1586,1673.52,2341.75,4438.35,Maintain Status Quo,Belize,BLZ,2020-07-04,v3
2020-07-14,deaths,0,0,0,0.01,0,0,Maintain Status Quo,Belize,BLZ,2020-07-04,v3
2020-07-14,hospital_demand,0,0,0,0.28,0,5.52,Maintain Status Quo,Belize,BLZ,2020-07-04,v3
2020-07-14,hospital_incidence,0,0,0,0,0,0,Maintain Status Quo,Belize,BLZ,2020-07-04,v3
2020-07-14,ICU_demand,0,0,0,0.08,0,1,Maintain Status Quo,Belize,BLZ,2020-07-04,v3
2020-07-14,ICU_incidence,0,0,0,0,0,0,Maintain Status Quo,Belize,BLZ,2020-07-04,v3
2020-07-14,infections,0,0,0,4.53,0,93,Maintain Status Quo,Belize,BLZ,2020-07-04,v3
2020-07-14,Rt,0.26,0.67,0.95,1.09,1.41,2.37,Maintain Status Quo,Belize,BLZ,2020-07-04,v3
2020-07-14,cumulative_infections,287.08,767.25,1586,1688.39,2371.5,4438.35,Relax Interventions 50%,Belize,BLZ,2020-07-04,v3
2020-07-14,deaths,0,0,0,0,0,0,Relax Interventions 50%,Belize,BLZ,2020-07-04,v3
2020-07-14,hospital_demand,0,0,0,0.32,0,5.57,Relax Interventions 50%,Belize,BLZ,2020-07-04,v3
2020-07-14,hospital_incidence,0,0,0,0,0,0,Relax Interventions 50%,Belize,BLZ,2020-07-04,v3
2020-07-14,ICU_demand,0,0,0,0.1,0,2,Relax Interventions 50%,Belize,BLZ,2020-07-04,v3
2020-07-14,ICU_incidence,0,0,0,0,0,0,Relax Interventions 50%,Belize,BLZ,2020-07-04,v3
2020-07-14,infections,0,0,0,8.78,0,160.75,Relax Interventions 50%,Belize,BLZ,2020-07-04,v3
2020-07-14,Rt,0.39,1,1.42,1.64,2.12,3.56,Relax Interventions 50%,Belize,BLZ,2020-07-04,v3
2020-07-14,cumulative_infections,266.28,934.75,1382,1595.08,1906.5,4784.4,Surged Additional 50% Reduction,Belize,BLZ,2020-07-04,v3
2020-07-14,deaths,0,0,0,0,0,0,Surged Additional 50% Reduction,Belize,BLZ,2020-07-04,v3
2020-07-14,hospital_demand,0,0,0,0.05,0,1,Surged Additional 50% Reduction,Belize,BLZ,2020-07-04,v3
2020-07-14,hospital_incidence,0,0,0,0,0,0,Surged Additional 50% Reduction,Belize,BLZ,2020-07-04,v3
2020-07-14,ICU_demand,0,0,0,0.01,0,0,Surged Additional 50% Reduction,Belize,BLZ,2020-07-04,v3
2020-07-14,ICU_incidence,0,0,0,0,0,0,Surged Additional 50% Reduction,Belize,BLZ,2020-07-04,v3
2020-07-14,infections,0,0,0,0.39,0,5.2,Surged Additional 50% Reduction,Belize,BLZ,2020-07-04,v3
2020-07-14,Rt,0.1,0.29,0.44,0.51,0.71,1.13,Surged Additional 50% Reduction,Belize,BLZ,2020-07-04,v3
2020-07-14,cumulative_infections,266.28,934.75,1382,1599.32,1906.5,4784.4,Surged Maintain Status Quo,Belize,BLZ,2020-07-04,v3
2020-07-14,deaths,0,0,0,0,0,0,Surged Maintain Status Quo,Belize,BLZ,2020-07-04,v3
2020-07-14,hospital_demand,0,0,0,0.11,0,1.05,Surged Maintain Status Quo,Belize,BLZ,2020-07-04,v3
2020-07-14,hospital_incidence,0,0,0,0,0,0,Surged Maintain Status Quo,Belize,BLZ,2020-07-04,v3
2020-07-14,ICU_demand,0,0,0,0.03,0,0.52,Surged Maintain Status Quo,Belize,BLZ,2020-07-04,v3
2020-07-14,ICU_incidence,0,0,0,0,0,0,Surged Maintain Status Quo,Belize,BLZ,2020-07-04,v3
2020-07-14,infections,0,0,0,1.42,0,18.65,Surged Maintain Status Quo,Belize,BLZ,2020-07-04,v3
2020-07-14,Rt,0.2,0.58,0.88,1.03,1.43,2.26,Surged Maintain Status Quo,Belize,BLZ,2020-07-04,v3
2020-07-14,cumulative_infections,266.28,934.75,1382,1603.85,1906.5,4784.4,Surged Relax Interventions 50%,Belize,BLZ,2020-07-04,v3
2020-07-14,deaths,0,0,0,0,0,0,Surged Relax Interventions 50%,Belize,BLZ,2020-07-04,v3
2020-07-14,hospital_demand,0,0,0,0.07,0,0.52,Surged Relax Interventions 50%,Belize,BLZ,2020-07-04,v3
2020-07-14,hospital_incidence,0,0,0,0.01,0,0,Surged Relax Interventions 50%,Belize,BLZ,2020-07-04,v3
2020-07-14,ICU_demand,0,0,0,0.03,0,0.52,Surged Relax Interventions 50%,Belize,BLZ,2020-07-04,v3
2020-07-14,ICU_incidence,0,0,0,0,0,0,Surged Relax Interventions 50%,Belize,BLZ,2020-07-04,v3
2020-07-14,infections,0,0,0,2.38,0,27.6,Surged Relax Interventions 50%,Belize,BLZ,2020-07-04,v3
2020-07-14,Rt,0.29,0.87,1.32,1.54,2.14,3.39,Surged Relax Interventions 50%,Belize,BLZ,2020-07-04,v3
2020-07-15,cumulative_infections,287.08,767.25,1586,1661.72,2341.75,4438.35,Additional 50% Reduction,Belize,BLZ,2020-07-04,v3
2020-07-15,deaths,0,0,0,0,0,0,Additional 50% Reduction,Belize,BLZ,2020-07-04,v3
2020-07-15,hospital_demand,0,0,0,0.22,0,4.05,Additional 50% Reduction,Belize,BLZ,2020-07-04,v3
2020-07-15,hospital_incidence,0,0,0,0,0,0,Additional 50% Reduction,Belize,BLZ,2020-07-04,v3
2020-07-15,ICU_demand,0,0,0,0.04,0,0.52,Additional 50% Reduction,Belize,BLZ,2020-07-04,v3
2020-07-15,ICU_incidence,0,0,0,0,0,0,Additional 50% Reduction,Belize,BLZ,2020-07-04,v3
2020-07-15,infections,0,0,0,1.72,0,33.45,Additional 50% Reduction,Belize,BLZ,2020-07-04,v3
2020-07-15,Rt,0.13,0.33,0.47,0.55,0.71,1.19,Additional 50% Reduction,Belize,BLZ,2020-07-04,v3
2020-07-15,cumulative_infections,287.08,767.25,1586,1678.25,2341.75,4438.35,Maintain Status Quo,Belize,BLZ,2020-07-04,v3
2020-07-15,deaths,0,0,0,0,0,0,Maintain Status Quo,Belize,BLZ,2020-07-04,v3
2020-07-15,hospital_demand,0,0,0,0.33,0,5.52,Maintain Status Quo,Belize,BLZ,2020-07-04,v3
2020-07-15,hospital_incidence,0,0,0,0,0,0,Maintain Status Quo,Belize,BLZ,2020-07-04,v3
2020-07-15,ICU_demand,0,0,0,0.09,0,1,Maintain Status Quo,Belize,BLZ,2020-07-04,v3
2020-07-15,ICU_incidence,0,0,0,0,0,0,Maintain Status Quo,Belize,BLZ,2020-07-04,v3
2020-07-15,infections,0,0,0,4.73,0,87.15,Maintain Status Quo,Belize,BLZ,2020-07-04,v3
2020-07-15,Rt,0.26,0.67,0.95,1.09,1.41,2.37,Maintain Status Quo,Belize,BLZ,2020-07-04,v3
2020-07-15,cumulative_infections,287.08,767.25,1586,1699.59,2371.5,4438.35,Relax Interventions 50%,Belize,BLZ,2020-07-04,v3
2020-07-15,deaths,0,0,0,0,0,0,Relax Interventions 50%,Belize,BLZ,2020-07-04,v3
2020-07-15,hospital_demand,0,0,0,0.37,0,7.57,Relax Interventions 50%,Belize,BLZ,2020-07-04,v3
2020-07-15,hospital_incidence,0,0,0,0,0,0,Relax Interventions 50%,Belize,BLZ,2020-07-04,v3
2020-07-15,ICU_demand,0,0,0,0.11,0,2,Relax Interventions 50%,Belize,BLZ,2020-07-04,v3
2020-07-15,ICU_incidence,0,0,0,0.01,0,0,Relax Interventions 50%,Belize,BLZ,2020-07-04,v3
2020-07-15,infections,0,0,0,11.2,0,185.85,Relax Interventions 50%,Belize,BLZ,2020-07-04,v3
2020-07-15,Rt,0.39,1,1.42,1.64,2.12,3.56,Relax Interventions 50%,Belize,BLZ,2020-07-04,v3
2020-07-15,cumulative_infections,266.28,934.75,1382,1595.54,1906.5,4784.4,Surged Additional 50% Reduction,Belize,BLZ,2020-07-04,v3
2020-07-15,deaths,0,0,0,0,0,0,Surged Additional 50% Reduction,Belize,BLZ,2020-07-04,v3
2020-07-15,hospital_demand,0,0,0,0.06,0,1,Surged Additional 50% Reduction,Belize,BLZ,2020-07-04,v3
2020-07-15,hospital_incidence,0,0,0,0,0,0,Surged Additional 50% Reduction,Belize,BLZ,2020-07-04,v3
2020-07-15,ICU_demand,0,0,0,0.01,0,0,Surged Additional 50% Reduction,Belize,BLZ,2020-07-04,v3
2020-07-15,ICU_incidence,0,0,0,0,0,0,Surged Additional 50% Reduction,Belize,BLZ,2020-07-04,v3
2020-07-15,infections,0,0,0,0.46,0,5.25,Surged Additional 50% Reduction,Belize,BLZ,2020-07-04,v3
2020-07-15,Rt,0.1,0.29,0.44,0.51,0.71,1.13,Surged Additional 50% Reduction,Belize,BLZ,2020-07-04,v3
2020-07-15,cumulative_infections,266.28,934.75,1382,1600.54,1906.5,4784.4,Surged Maintain Status Quo,Belize,BLZ,2020-07-04,v3
2020-07-15,deaths,0,0,0,0,0,0,Surged Maintain Status Quo,Belize,BLZ,2020-07-04,v3
2020-07-15,hospital_demand,0,0,0,0.12,0,1.05,Surged Maintain Status Quo,Belize,BLZ,2020-07-04,v3
2020-07-15,hospital_incidence,0,0,0,0,0,0,Surged Maintain Status Quo,Belize,BLZ,2020-07-04,v3
2020-07-15,ICU_demand,0,0,0,0.04,0,0.52,Surged Maintain Status Quo,Belize,BLZ,2020-07-04,v3
2020-07-15,ICU_incidence,0,0,0,0,0,0,Surged Maintain Status Quo,Belize,BLZ,2020-07-04,v3
2020-07-15,infections,0,0,0,1.22,0,19.17,Surged Maintain Status Quo,Belize,BLZ,2020-07-04,v3
2020-07-15,Rt,0.2,0.58,0.88,1.03,1.43,2.26,Surged Maintain Status Quo,Belize,BLZ,2020-07-04,v3
2020-07-15,cumulative_infections,266.28,934.75,1382,1606.84,1941.75,4784.4,Surged Relax Interventions 50%,Belize,BLZ,2020-07-04,v3
2020-07-15,deaths,0,0,0,0,0,0,Surged Relax Interventions 50%,Belize,BLZ,2020-07-04,v3
2020-07-15,hospital_demand,0,0,0,0.09,0,0.52,Surged Relax Interventions 50%,Belize,BLZ,2020-07-04,v3
2020-07-15,hospital_incidence,0,0,0,0,0,0,Surged Relax Interventions 50%,Belize,BLZ,2020-07-04,v3
2020-07-15,ICU_demand,0,0,0,0.03,0,0.52,Surged Relax Interventions 50%,Belize,BLZ,2020-07-04,v3
2020-07-15,ICU_incidence,0,0,0,0.01,0,0,Surged Relax Interventions 50%,Belize,BLZ,2020-07-04,v3
2020-07-15,infections,0,0,0,2.99,0,35.22,Surged Relax Interventions 50%,Belize,BLZ,2020-07-04,v3
2020-07-15,Rt,0.29,0.87,1.32,1.54,2.14,3.39,Surged Relax Interventions 50%,Belize,BLZ,2020-07-04,v3
2020-07-16,cumulative_infections,287.08,767.25,1586,1663.49,2341.75,4438.35,Additional 50% Reduction,Belize,BLZ,2020-07-04,v3
2020-07-16,deaths,0,0,0,0.01,0,0,Additional 50% Reduction,Belize,BLZ,2020-07-04,v3
2020-07-16,hospital_demand,0,0,0,0.19,0,3.52,Additional 50% Reduction,Belize,BLZ,2020-07-04,v3
2020-07-16,hospital_incidence,0,0,0,0,0,0,Additional 50% Reduction,Belize,BLZ,2020-07-04,v3
2020-07-16,ICU_demand,0,0,0,0.03,0,0,Additional 50% Reduction,Belize,BLZ,2020-07-04,v3
2020-07-16,ICU_incidence,0,0,0,0,0,0,Additional 50% Reduction,Belize,BLZ,2020-07-04,v3
2020-07-16,infections,0,0,0,1.77,0,31.82,Additional 50% Reduction,Belize,BLZ,2020-07-04,v3
2020-07-16,Rt,0.13,0.33,0.47,0.55,0.71,1.19,Additional 50% Reduction,Belize,BLZ,2020-07-04,v3
2020-07-16,cumulative_infections,287.08,767.25,1586,1684.14,2371.5,4438.35,Maintain Status Quo,Belize,BLZ,2020-07-04,v3
2020-07-16,deaths,0,0,0,0.01,0,0,Maintain Status Quo,Belize,BLZ,2020-07-04,v3
2020-07-16,hospital_demand,0,0,0,0.38,0,5.52,Maintain Status Quo,Belize,BLZ,2020-07-04,v3
2020-07-16,hospital_incidence,0,0,0,0,0,0,Maintain Status Quo,Belize,BLZ,2020-07-04,v3
2020-07-16,ICU_demand,0,0,0,0.08,0,0.52,Maintain Status Quo,Belize,BLZ,2020-07-04,v3
2020-07-16,ICU_incidence,0,0,0,0,0,0,Maintain Status Quo,Belize,BLZ,2020-07-04,v3
2020-07-16,infections,0,0,0,5.89,0,99.1,Maintain Status Quo,Belize,BLZ,2020-07-04,v3
2020-07-16,Rt,0.26,0.67,0.95,1.09,1.41,2.37,Maintain Status Quo,Belize,BLZ,2020-07-04,v3
2020-07-16,cumulative_infections,287.08,767.25,1586,1713.86,2371.5,4688.9,Relax Interventions 50%,Belize,BLZ,2020-07-04,v3
2020-07-16,deaths,0,0,0,0,0,0,Relax Interventions 50%,Belize,BLZ,2020-07-04,v3
2020-07-16,hospital_demand,0,0,0,0.37,0,7.57,Relax Interventions 50%,Belize,BLZ,2020-07-04,v3
2020-07-16,hospital_incidence,0,0,0,0.02,0,0,Relax Interventions 50%,Belize,BLZ,2020-07-04,v3
2020-07-16,ICU_demand,0,0,0,0.13,0,2.52,Relax Interventions 50%,Belize,BLZ,2020-07-04,v3
2020-07-16,ICU_incidence,0,0,0,0,0,0,Relax Interventions 50%,Belize,BLZ,2020-07-04,v3
2020-07-16,infections,0,0,0,14.27,0,241.42,Relax Interventions 50%,Belize,BLZ,2020-07-04,v3
2020-07-16,Rt,0.39,1,1.42,1.64,2.12,3.56,Relax Interventions 50%,Belize,BLZ,2020-07-04,v3
2020-07-16,cumulative_infections,266.28,934.75,1382,1595.99,1906.5,4784.4,Surged Additional 50% Reduction,Belize,BLZ,2020-07-04,v3
2020-07-16,deaths,0,0,0,0,0,0,Surged Additional 50% Reduction,Belize,BLZ,2020-07-04,v3
2020-07-16,hospital_demand,0,0,0,0.05,0,1,Surged Additional 50% Reduction,Belize,BLZ,2020-07-04,v3
2020-07-16,hospital_incidence,0,0,0,0,0,0,Surged Additional 50% Reduction,Belize,BLZ,2020-07-04,v3
2020-07-16,ICU_demand,0,0,0,0.01,0,0,Surged Additional 50% Reduction,Belize,BLZ,2020-07-04,v3
2020-07-16,ICU_incidence,0,0,0,0,0,0,Surged Additional 50% Reduction,Belize,BLZ,2020-07-04,v3
2020-07-16,infections,0,0,0,0.45,0,8.15,Surged Additional 50% Reduction,Belize,BLZ,2020-07-04,v3
2020-07-16,Rt,0.1,0.29,0.44,0.51,0.71,1.13,Surged Additional 50% Reduction,Belize,BLZ,2020-07-04,v3
2020-07-16,cumulative_infections,266.28,934.75,1382,1601.91,1906.5,4784.4,Surged Maintain Status Quo,Belize,BLZ,2020-07-04,v3
2020-07-16,deaths,0,0,0,0,0,0,Surged Maintain Status Quo,Belize,BLZ,2020-07-04,v3
2020-07-16,hospital_demand,0,0,0,0.09,0,1.05,Surged Maintain Status Quo,Belize,BLZ,2020-07-04,v3
2020-07-16,hospital_incidence,0,0,0,0.01,0,0,Surged Maintain Status Quo,Belize,BLZ,2020-07-04,v3
2020-07-16,ICU_demand,0,0,0,0.04,0,0.52,Surged Maintain Status Quo,Belize,BLZ,2020-07-04,v3
2020-07-16,ICU_incidence,0,0,0,0,0,0,Surged Maintain Status Quo,Belize,BLZ,2020-07-04,v3
2020-07-16,infections,0,0,0,1.37,0,19.7,Surged Maintain Status Quo,Belize,BLZ,2020-07-04,v3
2020-07-16,Rt,0.2,0.58,0.88,1.03,1.43,2.26,Surged Maintain Status Quo,Belize,BLZ,2020-07-04,v3
2020-07-16,cumulative_infections,266.28,934.75,1382,1610.39,1941.75,4784.4,Surged Relax Interventions 50%,Belize,BLZ,2020-07-04,v3
2020-07-16,deaths,0,0,0,0,0,0,Surged Relax Interventions 50%,Belize,BLZ,2020-07-04,v3
2020-07-16,hospital_demand,0,0,0,0.11,0,0.52,Surged Relax Interventions 50%,Belize,BLZ,2020-07-04,v3
2020-07-16,hospital_incidence,0,0,0,0,0,0,Surged Relax Interventions 50%,Belize,BLZ,2020-07-04,v3
2020-07-16,ICU_demand,0,0,0,0.05,0,0.52,Surged Relax Interventions 50%,Belize,BLZ,2020-07-04,v3
2020-07-16,ICU_incidence,0,0,0,0.01,0,0,Surged Relax Interventions 50%,Belize,BLZ,2020-07-04,v3
2020-07-16,infections,0,0,0,3.55,0,44.45,Surged Relax Interventions 50%,Belize,BLZ,2020-07-04,v3
2020-07-16,Rt,0.29,0.87,1.32,1.54,2.14,3.39,Surged Relax Interventions 50%,Belize,BLZ,2020-07-04,v3
2020-07-17,cumulative_infections,287.08,767.25,1586,1665.13,2341.75,4438.35,Additional 50% Reduction,Belize,BLZ,2020-07-04,v3
2020-07-17,deaths,0,0,0,0,0,0,Additional 50% Reduction,Belize,BLZ,2020-07-04,v3
2020-07-17,hospital_demand,0,0,0,0.19,0,3.52,Additional 50% Reduction,Belize,BLZ,2020-07-04,v3
2020-07-17,hospital_incidence,0,0,0,0,0,0,Additional 50% Reduction,Belize,BLZ,2020-07-04,v3
2020-07-17,ICU_demand,0,0,0,0.04,0,0,Additional 50% Reduction,Belize,BLZ,2020-07-04,v3
2020-07-17,ICU_incidence,0,0,0,0,0,0,Additional 50% Reduction,Belize,BLZ,2020-07-04,v3
2020-07-17,infections,0,0,0,1.64,0,35,Additional 50% Reduction,Belize,BLZ,2020-07-04,v3
2020-07-17,Rt,0.13,0.33,0.47,0.55,0.71,1.19,Additional 50% Reduction,Belize,BLZ,2020-07-04,v3
2020-07-17,cumulative_infections,287.08,767.25,1586,1690.85,2371.5,4438.35,Maintain Status Quo,Belize,BLZ,2020-07-04,v3
2020-07-17,deaths,0,0,0,0.01,0,0,Maintain Status Quo,Belize,BLZ,2020-07-04,v3
2020-07-17,hospital_demand,0,0,0,0.41,0,6.05,Maintain Status Quo,Belize,BLZ,2020-07-04,v3
2020-07-17,hospital_incidence,0,0,0,0.02,0,0,Maintain Status Quo,Belize,BLZ,2020-07-04,v3
2020-07-17,ICU_demand,0,0,0,0.06,0,0,Maintain Status Quo,Belize,BLZ,2020-07-04,v3
2020-07-17,ICU_incidence,0,0,0,0,0,0,Maintain Status Quo,Belize,BLZ,2020-07-04,v3
2020-07-17,infections,0,0,0,6.71,0,124.85,Maintain Status Quo,Belize,BLZ,2020-07-04,v3
2020-07-17,Rt,0.26,0.67,0.95,1.09,1.41,2.37,Maintain Status Quo,Belize,BLZ,2020-07-04,v3
2020-07-17,cumulative_infections,287.08,767.25,1586,1731.18,2371.5,4688.9,Relax Interventions 50%,Belize,BLZ,2020-07-04,v3
2020-07-17,deaths,0,0,0,0.02,0,0,Relax Interventions 50%,Belize,BLZ,2020-07-04,v3
2020-07-17,hospital_demand,0,0,0,0.52,0,10.52,Relax Interventions 50%,Belize,BLZ,2020-07-04,v3
2020-07-17,hospital_incidence,0,0,0,0,0,0,Relax Interventions 50%,Belize,BLZ,2020-07-04,v3
2020-07-17,ICU_demand,0,0,0,0.16,0,3.52,Relax Interventions 50%,Belize,BLZ,2020-07-04,v3
2020-07-17,ICU_incidence,0,0,0,0,0,0,Relax Interventions 50%,Belize,BLZ,2020-07-04,v3
2020-07-17,infections,0,0,0,17.32,0,257.52,Relax Interventions 50%,Belize,BLZ,2020-07-04,v3
2020-07-17,Rt,0.39,1,1.42,1.64,2.12,3.56,Relax Interventions 50%,Belize,BLZ,2020-07-04,v3
2020-07-17,cumulative_infections,266.28,934.75,1382,1596.27,1906.5,4784.4,Surged Additional 50% Reduction,Belize,BLZ,2020-07-04,v3
2020-07-17,deaths,0,0,0,0,0,0,Surged Additional 50% Reduction,Belize,BLZ,2020-07-04,v3
2020-07-17,hospital_demand,0,0,0,0.05,0,1,Surged Additional 50% Reduction,Belize,BLZ,2020-07-04,v3
2020-07-17,hospital_incidence,0,0,0,0,0,0,Surged Additional 50% Reduction,Belize,BLZ,2020-07-04,v3
2020-07-17,ICU_demand,0,0,0,0.01,0,0,Surged Additional 50% Reduction,Belize,BLZ,2020-07-04,v3
2020-07-17,ICU_incidence,0,0,0,0,0,0,Surged Additional 50% Reduction,Belize,BLZ,2020-07-04,v3
2020-07-17,infections,0,0,0,0.28,0,3,Surged Additional 50% Reduction,Belize,BLZ,2020-07-04,v3
2020-07-17,Rt,0.1,0.29,0.44,0.51,0.71,1.13,Surged Additional 50% Reduction,Belize,BLZ,2020-07-04,v3
2020-07-17,cumulative_infections,266.28,934.75,1382,1603.68,1906.5,4784.4,Surged Maintain Status Quo,Belize,BLZ,2020-07-04,v3
2020-07-17,deaths,0,0,0,0.01,0,0,Surged Maintain Status Quo,Belize,BLZ,2020-07-04,v3
2020-07-17,hospital_demand,0,0,0,0.1,0,1.05,Surged Maintain Status Quo,Belize,BLZ,2020-07-04,v3
2020-07-17,hospital_incidence,0,0,0,0,0,0,Surged Maintain Status Quo,Belize,BLZ,2020-07-04,v3
2020-07-17,ICU_demand,0,0,0,0.03,0,0,Surged Maintain Status Quo,Belize,BLZ,2020-07-04,v3
2020-07-17,ICU_incidence,0,0,0,0,0,0,Surged Maintain Status Quo,Belize,BLZ,2020-07-04,v3
2020-07-17,infections,0,0,0,1.77,0,24.32,Surged Maintain Status Quo,Belize,BLZ,2020-07-04,v3
2020-07-17,Rt,0.2,0.58,0.88,1.03,1.43,2.26,Surged Maintain Status Quo,Belize,BLZ,2020-07-04,v3
2020-07-17,cumulative_infections,266.28,934.75,1382,1614.66,1941.75,4784.4,Surged Relax Interventions 50%,Belize,BLZ,2020-07-04,v3
2020-07-17,deaths,0,0,0,0,0,0,Surged Relax Interventions 50%,Belize,BLZ,2020-07-04,v3
2020-07-17,hospital_demand,0,0,0,0.13,0,0.52,Surged Relax Interventions 50%,Belize,BLZ,2020-07-04,v3
2020-07-17,hospital_incidence,0,0,0,0,0,0,Surged Relax Interventions 50%,Belize,BLZ,2020-07-04,v3
2020-07-17,ICU_demand,0,0,0,0.07,0,0.52,Surged Relax Interventions 50%,Belize,BLZ,2020-07-04,v3
2020-07-17,ICU_incidence,0,0,0,0,0,0,Surged Relax Interventions 50%,Belize,BLZ,2020-07-04,v3
2020-07-17,infections,0,0,0,4.27,0,48.9,Surged Relax Interventions 50%,Belize,BLZ,2020-07-04,v3
2020-07-17,Rt,0.29,0.87,1.32,1.54,2.14,3.39,Surged Relax Interventions 50%,Belize,BLZ,2020-07-04,v3
2020-07-18,cumulative_infections,287.08,767.25,1586,1666.78,2341.75,4438.35,Additional 50% Reduction,Belize,BLZ,2020-07-04,v3
2020-07-18,deaths,0,0,0,0,0,0,Additional 50% Reduction,Belize,BLZ,2020-07-04,v3
2020-07-18,hospital_demand,0,0,0,0.21,0,4,Additional 50% Reduction,Belize,BLZ,2020-07-04,v3
2020-07-18,hospital_incidence,0,0,0,0,0,0,Additional 50% Reduction,Belize,BLZ,2020-07-04,v3
2020-07-18,ICU_demand,0,0,0,0.06,0,1,Additional 50% Reduction,Belize,BLZ,2020-07-04,v3
2020-07-18,ICU_incidence,0,0,0,0,0,0,Additional 50% Reduction,Belize,BLZ,2020-07-04,v3
2020-07-18,infections,0,0,0,1.65,0,31.57,Additional 50% Reduction,Belize,BLZ,2020-07-04,v3
2020-07-18,Rt,0.13,0.33,0.47,0.55,0.71,1.19,Additional 50% Reduction,Belize,BLZ,2020-07-04,v3
2020-07-18,cumulative_infections,287.08,767.25,1586,1697.99,2371.5,4438.35,Maintain Status Quo,Belize,BLZ,2020-07-04,v3
2020-07-18,deaths,0,0,0,0.01,0,0,Maintain Status Quo,Belize,BLZ,2020-07-04,v3
2020-07-18,hospital_demand,0,0,0,0.47,0,6,Maintain Status Quo,Belize,BLZ,2020-07-04,v3
2020-07-18,hospital_incidence,0,0,0,0,0,0,Maintain Status Quo,Belize,BLZ,2020-07-04,v3
2020-07-18,ICU_demand,0,0,0,0.06,0,0.52,Maintain Status Quo,Belize,BLZ,2020-07-04,v3
2020-07-18,ICU_incidence,0,0,0,0,0,0,Maintain Status Quo,Belize,BLZ,2020-07-04,v3
2020-07-18,infections,0,0,0,7.14,0,125.12,Maintain Status Quo,Belize,BLZ,2020-07-04,v3
2020-07-18,Rt,0.26,0.67,0.95,1.09,1.41,2.37,Maintain Status Quo,Belize,BLZ,2020-07-04,v3
2020-07-18,cumulative_infections,287.08,767.25,1586,1751.67,2371.5,4688.9,Relax Interventions 50%,Belize,BLZ,2020-07-04,v3
2020-07-18,deaths,0,0,0,0.03,0,0,Relax Interventions 50%,Belize,BLZ,2020-07-04,v3
2020-07-18,hospital_demand,0,0,0,0.62,0,14.05,Relax Interventions 50%,Belize,BLZ,2020-07-04,v3
2020-07-18,hospital_incidence,0,0,0,0,0,0,Relax Interventions 50%,Belize,BLZ,2020-07-04,v3
2020-07-18,ICU_demand,0,0,0,0.16,0,3,Relax Interventions 50%,Belize,BLZ,2020-07-04,v3
2020-07-18,ICU_incidence,0,0,0,0,0,0,Relax Interventions 50%,Belize,BLZ,2020-07-04,v3
2020-07-18,infections,0,0,0,20.49,0,298.87,Relax Interventions 50%,Belize,BLZ,2020-07-04,v3
2020-07-18,Rt,0.39,1,1.42,1.64,2.12,3.56,Relax Interventions 50%,Belize,BLZ,2020-07-04,v3
2020-07-18,cumulative_infections,266.28,934.75,1382,1596.68,1906.5,4784.4,Surged Additional 50% Reduction,Belize,BLZ,2020-07-04,v3
2020-07-18,deaths,0,0,0,0,0,0,Surged Additional 50% Reduction,Belize,BLZ,2020-07-04,v3
2020-07-18,hospital_demand,0,0,0,0.06,0,1,Surged Additional 50% Reduction,Belize,BLZ,2020-07-04,v3
2020-07-18,hospital_incidence,0,0,0,0,0,0,Surged Additional 50% Reduction,Belize,BLZ,2020-07-04,v3
2020-07-18,ICU_demand,0,0,0,0.01,0,0,Surged Additional 50% Reduction,Belize,BLZ,2020-07-04,v3
2020-07-18,ICU_incidence,0,0,0,0,0,0,Surged Additional 50% Reduction,Belize,BLZ,2020-07-04,v3
2020-07-18,infections,0,0,0,0.41,0,6.25,Surged Additional 50% Reduction,Belize,BLZ,2020-07-04,v3
2020-07-18,Rt,0.1,0.29,0.44,0.51,0.71,1.13,Surged Additional 50% Reduction,Belize,BLZ,2020-07-04,v3
2020-07-18,cumulative_infections,266.28,934.75,1382,1605.35,1934.25,4784.4,Surged Maintain Status Quo,Belize,BLZ,2020-07-04,v3
2020-07-18,deaths,0,0,0,0,0,0,Surged Maintain Status Quo,Belize,BLZ,2020-07-04,v3
2020-07-18,hospital_demand,0,0,0,0.12,0,1.57,Surged Maintain Status Quo,Belize,BLZ,2020-07-04,v3
2020-07-18,hospital_incidence,0,0,0,0,0,0,Surged Maintain Status Quo,Belize,BLZ,2020-07-04,v3
2020-07-18,ICU_demand,0,0,0,0.03,0,0,Surged Maintain Status Quo,Belize,BLZ,2020-07-04,v3
2020-07-18,ICU_incidence,0,0,0,0,0,0,Surged Maintain Status Quo,Belize,BLZ,2020-07-04,v3
2020-07-18,infections,0,0,0,1.67,0,21.85,Surged Maintain Status Quo,Belize,BLZ,2020-07-04,v3
2020-07-18,Rt,0.2,0.58,0.88,1.03,1.43,2.26,Surged Maintain Status Quo,Belize,BLZ,2020-07-04,v3
2020-07-18,cumulative_infections,266.28,934.75,1382,1619.35,1941.75,4784.4,Surged Relax Interventions 50%,Belize,BLZ,2020-07-04,v3
2020-07-18,deaths,0,0,0,0.01,0,0,Surged Relax Interventions 50%,Belize,BLZ,2020-07-04,v3
2020-07-18,hospital_demand,0,0,0,0.18,0,0.52,Surged Relax Interventions 50%,Belize,BLZ,2020-07-04,v3
2020-07-18,hospital_incidence,0,0,0,0,0,0,Surged Relax Interventions 50%,Belize,BLZ,2020-07-04,v3
2020-07-18,ICU_demand,0,0,0,0.08,0,1,Surged Relax Interventions 50%,Belize,BLZ,2020-07-04,v3
2020-07-18,ICU_incidence,0,0,0,0.01,0,0,Surged Relax Interventions 50%,Belize,BLZ,2020-07-04,v3
2020-07-18,infections,0,0,0,4.69,0,55,Surged Relax Interventions 50%,Belize,BLZ,2020-07-04,v3
2020-07-18,Rt,0.29,0.87,1.32,1.54,2.14,3.39,Surged Relax Interventions 50%,Belize,BLZ,2020-07-04,v3
2020-07-19,cumulative_infections,287.08,767.25,1586,1668.41,2341.75,4438.35,Additional 50% Reduction,Belize,BLZ,2020-07-04,v3
2020-07-19,deaths,0,0,0,0,0,0,Additional 50% Reduction,Belize,BLZ,2020-07-04,v3
2020-07-19,hospital_demand,0,0,0,0.18,0,4.05,Additional 50% Reduction,Belize,BLZ,2020-07-04,v3
2020-07-19,hospital_incidence,0,0,0,0,0,0,Additional 50% Reduction,Belize,BLZ,2020-07-04,v3
2020-07-19,ICU_demand,0,0,0,0.06,0,1,Additional 50% Reduction,Belize,BLZ,2020-07-04,v3
2020-07-19,ICU_incidence,0,0,0,0,0,0,Additional 50% Reduction,Belize,BLZ,2020-07-04,v3
2020-07-19,infections,0,0,0,1.63,0,31,Additional 50% Reduction,Belize,BLZ,2020-07-04,v3
2020-07-19,Rt,0.13,0.33,0.47,0.55,0.71,1.19,Additional 50% Reduction,Belize,BLZ,2020-07-04,v3
2020-07-19,cumulative_infections,287.08,767.25,1586,1705.86,2371.5,4438.35,Maintain Status Quo,Belize,BLZ,2020-07-04,v3
2020-07-19,deaths,0,0,0,0,0,0,Maintain Status Quo,Belize,BLZ,2020-07-04,v3
2020-07-19,hospital_demand,0,0,0,0.5,0,7.05,Maintain Status Quo,Belize,BLZ,2020-07-04,v3
2020-07-19,hospital_incidence,0,0,0,0,0,0,Maintain Status Quo,Belize,BLZ,2020-07-04,v3
2020-07-19,ICU_demand,0,0,0,0.07,0,1,Maintain Status Quo,Belize,BLZ,2020-07-04,v3
2020-07-19,ICU_incidence,0,0,0,0,0,0,Maintain Status Quo,Belize,BLZ,2020-07-04,v3
2020-07-19,infections,0,0,0,7.87,0,118.05,Maintain Status Quo,Belize,BLZ,2020-07-04,v3
2020-07-19,Rt,0.26,0.67,0.95,1.09,1.41,2.37,Maintain Status Quo,Belize,BLZ,2020-07-04,v3
2020-07-19,cumulative_infections,287.08,767.25,1586,1776.34,2371.5,4853.73,Relax Interventions 50%,Belize,BLZ,2020-07-04,v3
2020-07-19,deaths,0,0,0,0,0,0,Relax Interventions 50%,Belize,BLZ,2020-07-04,v3
2020-07-19,hospital_demand,0,0,0,0.73,0,16.52,Relax Interventions 50%,Belize,BLZ,2020-07-04,v3
2020-07-19,hospital_incidence,0,0,0,0.01,0,0,Relax Interventions 50%,Belize,BLZ,2020-07-04,v3
2020-07-19,ICU_demand,0,0,0,0.18,0,3.52,Relax Interventions 50%,Belize,BLZ,2020-07-04,v3
2020-07-19,ICU_incidence,0,0,0,0,0,0,Relax Interventions 50%,Belize,BLZ,2020-07-04,v3
2020-07-19,infections,0,0,0,24.67,0,341.52,Relax Interventions 50%,Belize,BLZ,2020-07-04,v3
2020-07-19,Rt,0.39,1,1.42,1.64,2.12,3.56,Relax Interventions 50%,Belize,BLZ,2020-07-04,v3
2020-07-19,cumulative_infections,266.28,934.75,1382,1597.02,1906.5,4784.4,Surged Additional 50% Reduction,Belize,BLZ,2020-07-04,v3
2020-07-19,deaths,0,0,0,0.01,0,0,Surged Additional 50% Reduction,Belize,BLZ,2020-07-04,v3
2020-07-19,hospital_demand,0,0,0,0.07,0,1,Surged Additional 50% Reduction,Belize,BLZ,2020-07-04,v3
2020-07-19,hospital_incidence,0,0,0,0,0,0,Surged Additional 50% Reduction,Belize,BLZ,2020-07-04,v3
2020-07-19,ICU_demand,0,0,0,0.01,0,0,Surged Additional 50% Reduction,Belize,BLZ,2020-07-04,v3
2020-07-19,ICU_incidence,0,0,0,0,0,0,Surged Additional 50% Reduction,Belize,BLZ,2020-07-04,v3
2020-07-19,infections,0,0,0,0.34,0,5.05,Surged Additional 50% Reduction,Belize,BLZ,2020-07-04,v3
2020-07-19,Rt,0.1,0.29,0.44,0.51,0.71,1.13,Surged Additional 50% Reduction,Belize,BLZ,2020-07-04,v3
2020-07-19,cumulative_infections,266.28,934.75,1382,1606.98,1934.5,4784.4,Surged Maintain Status Quo,Belize,BLZ,2020-07-04,v3
2020-07-19,deaths,0,0,0,0,0,0,Surged Maintain Status Quo,Belize,BLZ,2020-07-04,v3
2020-07-19,hospital_demand,0,0,0,0.11,0,1.57,Surged Maintain Status Quo,Belize,BLZ,2020-07-04,v3
2020-07-19,hospital_incidence,0,0,0,0,0,0,Surged Maintain Status Quo,Belize,BLZ,2020-07-04,v3
2020-07-19,ICU_demand,0,0,0,0.03,0,0,Surged Maintain Status Quo,Belize,BLZ,2020-07-04,v3
2020-07-19,ICU_incidence,0,0,0,0,0,0,Surged Maintain Status Quo,Belize,BLZ,2020-07-04,v3
2020-07-19,infections,0,0,0,1.63,0,23.22,Surged Maintain Status Quo,Belize,BLZ,2020-07-04,v3
2020-07-19,Rt,0.2,0.58,0.88,1.03,1.43,2.26,Surged Maintain Status Quo,Belize,BLZ,2020-07-04,v3
2020-07-19,cumulative_infections,266.28,934.75,1382,1624.6,1941.75,4784.4,Surged Relax Interventions 50%,Belize,BLZ,2020-07-04,v3
2020-07-19,deaths,0,0,0,0,0,0,Surged Relax Interventions 50%,Belize,BLZ,2020-07-04,v3
2020-07-19,hospital_demand,0,0,0,0.23,0,1.52,Surged Relax Interventions 50%,Belize,BLZ,2020-07-04,v3
2020-07-19,hospital_incidence,0,0,0,0,0,0,Surged Relax Interventions 50%,Belize,BLZ,2020-07-04,v3
2020-07-19,ICU_demand,0,0,0,0.09,0,1,Surged Relax Interventions 50%,Belize,BLZ,2020-07-04,v3
2020-07-19,ICU_incidence,0,0,0,0,0,0,Surged Relax Interventions 50%,Belize,BLZ,2020-07-04,v3
2020-07-19,infections,0,0,0,5.25,0,62.05,Surged Relax Interventions 50%,Belize,BLZ,2020-07-04,v3
2020-07-19,Rt,0.29,0.87,1.32,1.54,2.14,3.39,Surged Relax Interventions 50%,Belize,BLZ,2020-07-04,v3
2020-07-20,cumulative_infections,287.08,767.25,1586,1670.14,2341.75,4438.35,Additional 50% Reduction,Belize,BLZ,2020-07-04,v3
2020-07-20,deaths,0,0,0,0.01,0,0,Additional 50% Reduction,Belize,BLZ,2020-07-04,v3
2020-07-20,hospital_demand,0,0,0,0.19,0,3.57,Additional 50% Reduction,Belize,BLZ,2020-07-04,v3
2020-07-20,hospital_incidence,0,0,0,0,0,0,Additional 50% Reduction,Belize,BLZ,2020-07-04,v3
2020-07-20,ICU_demand,0,0,0,0.05,0,1,Additional 50% Reduction,Belize,BLZ,2020-07-04,v3
2020-07-20,ICU_incidence,0,0,0,0,0,0,Additional 50% Reduction,Belize,BLZ,2020-07-04,v3
2020-07-20,infections,0,0,0,1.73,0,29.77,Additional 50% Reduction,Belize,BLZ,2020-07-04,v3
2020-07-20,Rt,0.13,0.33,0.47,0.55,0.71,1.19,Additional 50% Reduction,Belize,BLZ,2020-07-04,v3
2020-07-20,cumulative_infections,287.08,767.25,1586,1715.13,2371.5,4599.12,Maintain Status Quo,Belize,BLZ,2020-07-04,v3
2020-07-20,deaths,0,0,0,0,0,0,Maintain Status Quo,Belize,BLZ,2020-07-04,v3
2020-07-20,hospital_demand,0,0,0,0.53,0,8.05,Maintain Status Quo,Belize,BLZ,2020-07-04,v3
2020-07-20,hospital_incidence,0,0,0,0.01,0,0,Maintain Status Quo,Belize,BLZ,2020-07-04,v3
2020-07-20,ICU_demand,0,0,0,0.09,0,1.52,Maintain Status Quo,Belize,BLZ,2020-07-04,v3
2020-07-20,ICU_incidence,0,0,0,0,0,0,Maintain Status Quo,Belize,BLZ,2020-07-04,v3
2020-07-20,infections,0,0,0,9.27,0,144.97,Maintain Status Quo,Belize,BLZ,2020-07-04,v3
2020-07-20,Rt,0.26,0.67,0.95,1.09,1.41,2.37,Maintain Status Quo,Belize,BLZ,2020-07-04,v3
2020-07-20,cumulative_infections,287.08,767.25,1586,1807.14,2371.5,5178.75,Relax Interventions 50%,Belize,BLZ,2020-07-04,v3
2020-07-20,deaths,0,0,0,0.01,0,0,Relax Interventions 50%,Belize,BLZ,2020-07-04,v3
2020-07-20,hospital_demand,0,0,0,0.83,0,18.52,Relax Interventions 50%,Belize,BLZ,2020-07-04,v3
2020-07-20,hospital_incidence,0,0,0,0.01,0,0,Relax Interventions 50%,Belize,BLZ,2020-07-04,v3
2020-07-20,ICU_demand,0,0,0,0.22,0,3.52,Relax Interventions 50%,Belize,BLZ,2020-07-04,v3
2020-07-20,ICU_incidence,0,0,0,0,0,0,Relax Interventions 50%,Belize,BLZ,2020-07-04,v3
2020-07-20,infections,0,0,0,30.8,0,379.15,Relax Interventions 50%,Belize,BLZ,2020-07-04,v3
2020-07-20,Rt,0.39,1,1.42,1.64,2.12,3.56,Relax Interventions 50%,Belize,BLZ,2020-07-04,v3
2020-07-20,cumulative_infections,266.28,934.75,1382,1597.32,1906.5,4784.4,Surged Additional 50% Reduction,Belize,BLZ,2020-07-04,v3
2020-07-20,deaths,0,0,0,0,0,0,Surged Additional 50% Reduction,Belize,BLZ,2020-07-04,v3
2020-07-20,hospital_demand,0,0,0,0.07,0,1,Surged Additional 50% Reduction,Belize,BLZ,2020-07-04,v3
2020-07-20,hospital_incidence,0,0,0,0,0,0,Surged Additional 50% Reduction,Belize,BLZ,2020-07-04,v3
2020-07-20,ICU_demand,0,0,0,0.01,0,0,Surged Additional 50% Reduction,Belize,BLZ,2020-07-04,v3
2020-07-20,ICU_incidence,0,0,0,0,0,0,Surged Additional 50% Reduction,Belize,BLZ,2020-07-04,v3
2020-07-20,infections,0,0,0,0.3,0,5.67,Surged Additional 50% Reduction,Belize,BLZ,2020-07-04,v3
2020-07-20,Rt,0.1,0.29,0.44,0.51,0.71,1.13,Surged Additional 50% Reduction,Belize,BLZ,2020-07-04,v3
2020-07-20,cumulative_infections,266.28,934.75,1382,1608.78,1934.5,4784.4,Surged Maintain Status Quo,Belize,BLZ,2020-07-04,v3
2020-07-20,deaths,0,0,0,0,0,0,Surged Maintain Status Quo,Belize,BLZ,2020-07-04,v3
2020-07-20,hospital_demand,0,0,0,0.12,0,1.57,Surged Maintain Status Quo,Belize,BLZ,2020-07-04,v3
2020-07-20,hospital_incidence,0,0,0,0,0,0,Surged Maintain Status Quo,Belize,BLZ,2020-07-04,v3
2020-07-20,ICU_demand,0,0,0,0.04,0,0,Surged Maintain Status Quo,Belize,BLZ,2020-07-04,v3
2020-07-20,ICU_incidence,0,0,0,0,0,0,Surged Maintain Status Quo,Belize,BLZ,2020-07-04,v3
2020-07-20,infections,0,0,0,1.8,0,24.9,Surged Maintain Status Quo,Belize,BLZ,2020-07-04,v3
2020-07-20,Rt,0.2,0.58,0.88,1.03,1.43,2.26,Surged Maintain Status Quo,Belize,BLZ,2020-07-04,v3
2020-07-20,cumulative_infections,266.28,934.75,1382,1631.19,1941.75,4827.15,Surged Relax Interventions 50%,Belize,BLZ,2020-07-04,v3
2020-07-20,deaths,0,0,0,0.02,0,0,Surged Relax Interventions 50%,Belize,BLZ,2020-07-04,v3
2020-07-20,hospital_demand,0,0,0,0.23,0,1.57,Surged Relax Interventions 50%,Belize,BLZ,2020-07-04,v3
2020-07-20,hospital_incidence,0,0,0,0,0,0,Surged Relax Interventions 50%,Belize,BLZ,2020-07-04,v3
2020-07-20,ICU_demand,0,0,0,0.09,0,1,Surged Relax Interventions 50%,Belize,BLZ,2020-07-04,v3
2020-07-20,ICU_incidence,0,0,0,0,0,0,Surged Relax Interventions 50%,Belize,BLZ,2020-07-04,v3
2020-07-20,infections,0,0,0,6.59,0,71.57,Surged Relax Interventions 50%,Belize,BLZ,2020-07-04,v3
2020-07-20,Rt,0.29,0.87,1.32,1.54,2.14,3.39,Surged Relax Interventions 50%,Belize,BLZ,2020-07-04,v3
2020-07-21,cumulative_infections,287.08,767.25,1586,1671.69,2341.75,4438.35,Additional 50% Reduction,Belize,BLZ,2020-07-04,v3
2020-07-21,deaths,0,0,0,0,0,0,Additional 50% Reduction,Belize,BLZ,2020-07-04,v3
2020-07-21,hospital_demand,0,0,0,0.21,0,3.57,Additional 50% Reduction,Belize,BLZ,2020-07-04,v3
2020-07-21,hospital_incidence,0,0,0,0,0,0,Additional 50% Reduction,Belize,BLZ,2020-07-04,v3
2020-07-21,ICU_demand,0,0,0,0.05,0,1,Additional 50% Reduction,Belize,BLZ,2020-07-04,v3
2020-07-21,ICU_incidence,0,0,0,0,0,0,Additional 50% Reduction,Belize,BLZ,2020-07-04,v3
2020-07-21,infections,0,0,0,1.55,0,20.1,Additional 50% Reduction,Belize,BLZ,2020-07-04,v3
2020-07-21,Rt,0.13,0.33,0.47,0.55,0.71,1.19,Additional 50% Reduction,Belize,BLZ,2020-07-04,v3
2020-07-21,cumulative_infections,287.08,767.25,1586,1725.23,2371.5,4688.9,Maintain Status Quo,Belize,BLZ,2020-07-04,v3
2020-07-21,deaths,0,0,0,0.02,0,0,Maintain Status Quo,Belize,BLZ,2020-07-04,v3
2020-07-21,hospital_demand,0,0,0,0.63,0,10.52,Maintain Status Quo,Belize,BLZ,2020-07-04,v3
2020-07-21,hospital_incidence,0,0,0,0.01,0,0,Maintain Status Quo,Belize,BLZ,2020-07-04,v3
2020-07-21,ICU_demand,0,0,0,0.1,0,2,Maintain Status Quo,Belize,BLZ,2020-07-04,v3
2020-07-21,ICU_incidence,0,0,0,0,0,0,Maintain Status Quo,Belize,BLZ,2020-07-04,v3
2020-07-21,infections,0,0,0,10.1,0,141.85,Maintain Status Quo,Belize,BLZ,2020-07-04,v3
2020-07-21,Rt,0.26,0.67,0.95,1.09,1.41,2.37,Maintain Status Quo,Belize,BLZ,2020-07-04,v3
2020-07-21,cumulative_infections,287.08,767.25,1586,1843.92,2371.5,5433.9,Relax Interventions 50%,Belize,BLZ,2020-07-04,v3
2020-07-21,deaths,0,0,0,0.03,0,0.52,Relax Interventions 50%,Belize,BLZ,2020-07-04,v3
2020-07-21,hospital_demand,0,0,0,1.02,0,19.05,Relax Interventions 50%,Belize,BLZ,2020-07-04,v3
2020-07-21,hospital_incidence,0,0,0,0,0,0,Relax Interventions 50%,Belize,BLZ,2020-07-04,v3
2020-07-21,ICU_demand,0,0,0,0.28,0,4.05,Relax Interventions 50%,Belize,BLZ,2020-07-04,v3
2020-07-21,ICU_incidence,0,0,0,0,0,0,Relax Interventions 50%,Belize,BLZ,2020-07-04,v3
2020-07-21,infections,0,0,0,36.78,0,420.45,Relax Interventions 50%,Belize,BLZ,2020-07-04,v3
2020-07-21,Rt,0.39,1,1.42,1.64,2.12,3.56,Relax Interventions 50%,Belize,BLZ,2020-07-04,v3
2020-07-21,cumulative_infections,266.28,934.75,1382,1597.69,1906.5,4784.4,Surged Additional 50% Reduction,Belize,BLZ,2020-07-04,v3
2020-07-21,deaths,0,0,0,0.01,0,0,Surged Additional 50% Reduction,Belize,BLZ,2020-07-04,v3
2020-07-21,hospital_demand,0,0,0,0.07,0,1,Surged Additional 50% Reduction,Belize,BLZ,2020-07-04,v3
2020-07-21,hospital_incidence,0,0,0,0,0,0,Surged Additional 50% Reduction,Belize,BLZ,2020-07-04,v3
2020-07-21,ICU_demand,0,0,0,0,0,0,Surged Additional 50% Reduction,Belize,BLZ,2020-07-04,v3
2020-07-21,ICU_incidence,0,0,0,0,0,0,Surged Additional 50% Reduction,Belize,BLZ,2020-07-04,v3
2020-07-21,infections,0,0,0,0.37,0,5.05,Surged Additional 50% Reduction,Belize,BLZ,2020-07-04,v3
2020-07-21,Rt,0.1,0.29,0.44,0.51,0.71,1.13,Surged Additional 50% Reduction,Belize,BLZ,2020-07-04,v3
2020-07-21,cumulative_infections,266.28,934.75,1382,1611.02,1934.75,4784.4,Surged Maintain Status Quo,Belize,BLZ,2020-07-04,v3
2020-07-21,deaths,0,0,0,0.01,0,0,Surged Maintain Status Quo,Belize,BLZ,2020-07-04,v3
2020-07-21,hospital_demand,0,0,0,0.1,0,1.05,Surged Maintain Status Quo,Belize,BLZ,2020-07-04,v3
2020-07-21,hospital_incidence,0,0,0,0,0,0,Surged Maintain Status Quo,Belize,BLZ,2020-07-04,v3
2020-07-21,ICU_demand,0,0,0,0.05,0,0,Surged Maintain Status Quo,Belize,BLZ,2020-07-04,v3
2020-07-21,ICU_incidence,0,0,0,0,0,0,Surged Maintain Status Quo,Belize,BLZ,2020-07-04,v3
2020-07-21,infections,0,0,0,2.24,0,23,Surged Maintain Status Quo,Belize,BLZ,2020-07-04,v3
2020-07-21,Rt,0.2,0.58,0.88,1.03,1.43,2.26,Surged Maintain Status Quo,Belize,BLZ,2020-07-04,v3
2020-07-21,cumulative_infections,266.28,934.75,1382,1638.68,1941.75,4946.02,Surged Relax Interventions 50%,Belize,BLZ,2020-07-04,v3
2020-07-21,deaths,0,0,0,0,0,0,Surged Relax Interventions 50%,Belize,BLZ,2020-07-04,v3
2020-07-21,hospital_demand,0,0,0,0.23,0,2.1,Surged Relax Interventions 50%,Belize,BLZ,2020-07-04,v3
2020-07-21,hospital_incidence,0,0,0,0,0,0,Surged Relax Interventions 50%,Belize,BLZ,2020-07-04,v3
2020-07-21,ICU_demand,0,0,0,0.11,0,2,Surged Relax Interventions 50%,Belize,BLZ,2020-07-04,v3
2020-07-21,ICU_incidence,0,0,0,0,0,0,Surged Relax Interventions 50%,Belize,BLZ,2020-07-04,v3
2020-07-21,infections,0,0,0,7.49,0,80.07,Surged Relax Interventions 50%,Belize,BLZ,2020-07-04,v3
2020-07-21,Rt,0.29,0.87,1.32,1.54,2.14,3.39,Surged Relax Interventions 50%,Belize,BLZ,2020-07-04,v3
2020-07-22,cumulative_infections,287.08,767.25,1586,1673.22,2341.75,4438.35,Additional 50% Reduction,Belize,BLZ,2020-07-04,v3
2020-07-22,deaths,0,0,0,0,0,0,Additional 50% Reduction,Belize,BLZ,2020-07-04,v3
2020-07-22,hospital_demand,0,0,0,0.18,0,2.57,Additional 50% Reduction,Belize,BLZ,2020-07-04,v3
2020-07-22,hospital_incidence,0,0,0,0,0,0,Additional 50% Reduction,Belize,BLZ,2020-07-04,v3
2020-07-22,ICU_demand,0,0,0,0.06,0,1,Additional 50% Reduction,Belize,BLZ,2020-07-04,v3
2020-07-22,ICU_incidence,0,0,0,0,0,0,Additional 50% Reduction,Belize,BLZ,2020-07-04,v3
2020-07-22,infections,0,0,0,1.53,0,26.05,Additional 50% Reduction,Belize,BLZ,2020-07-04,v3
2020-07-22,Rt,0.13,0.33,0.47,0.55,0.71,1.19,Additional 50% Reduction,Belize,BLZ,2020-07-04,v3
2020-07-22,cumulative_infections,287.08,767.25,1586,1736.49,2371.5,4688.9,Maintain Status Quo,Belize,BLZ,2020-07-04,v3
2020-07-22,deaths,0,0,0,0.01,0,0,Maintain Status Quo,Belize,BLZ,2020-07-04,v3
2020-07-22,hospital_demand,0,0,0,0.67,0,12.57,Maintain Status Quo,Belize,BLZ,2020-07-04,v3
2020-07-22,hospital_incidence,0,0,0,0,0,0,Maintain Status Quo,Belize,BLZ,2020-07-04,v3
2020-07-22,ICU_demand,0,0,0,0.13,0,2,Maintain Status Quo,Belize,BLZ,2020-07-04,v3
2020-07-22,ICU_incidence,0,0,0,0,0,0,Maintain Status Quo,Belize,BLZ,2020-07-04,v3
2020-07-22,infections,0,0,0,11.26,0,162.8,Maintain Status Quo,Belize,BLZ,2020-07-04,v3
2020-07-22,Rt,0.26,0.67,0.95,1.09,1.41,2.37,Maintain Status Quo,Belize,BLZ,2020-07-04,v3
2020-07-22,cumulative_infections,287.08,767.25,1586,1890.2,2371.5,5836.57,Relax Interventions 50%,Belize,BLZ,2020-07-04,v3
2020-07-22,deaths,0,0,0,0.01,0,0,Relax Interventions 50%,Belize,BLZ,2020-07-04,v3
2020-07-22,hospital_demand,0,0,0,1.3,0,21.57,Relax Interventions 50%,Belize,BLZ,2020-07-04,v3
2020-07-22,hospital_incidence,0,0,0,0.01,0,0,Relax Interventions 50%,Belize,BLZ,2020-07-04,v3
2020-07-22,ICU_demand,0,0,0,0.34,0,4.05,Relax Interventions 50%,Belize,BLZ,2020-07-04,v3
2020-07-22,ICU_incidence,0,0,0,0,0,0,Relax Interventions 50%,Belize,BLZ,2020-07-04,v3
2020-07-22,infections,0,0,0,46.28,0,519.05,Relax Interventions 50%,Belize,BLZ,2020-07-04,v3
2020-07-22,Rt,0.39,1,1.42,1.64,2.12,3.56,Relax Interventions 50%,Belize,BLZ,2020-07-04,v3
2020-07-22,cumulative_infections,266.28,934.75,1382,1598.13,1906.5,4784.4,Surged Additional 50% Reduction,Belize,BLZ,2020-07-04,v3
2020-07-22,deaths,0,0,0,0,0,0,Surged Additional 50% Reduction,Belize,BLZ,2020-07-04,v3
2020-07-22,hospital_demand,0,0,0,0.08,0,1.52,Surged Additional 50% Reduction,Belize,BLZ,2020-07-04,v3
2020-07-22,hospital_incidence,0,0,0,0,0,0,Surged Additional 50% Reduction,Belize,BLZ,2020-07-04,v3
2020-07-22,ICU_demand,0,0,0,0,0,0,Surged Additional 50% Reduction,Belize,BLZ,2020-07-04,v3
2020-07-22,ICU_incidence,0,0,0,0,0,0,Surged Additional 50% Reduction,Belize,BLZ,2020-07-04,v3
2020-07-22,infections,0,0,0,0.44,0,5,Surged Additional 50% Reduction,Belize,BLZ,2020-07-04,v3
2020-07-22,Rt,0.1,0.29,0.44,0.51,0.71,1.13,Surged Additional 50% Reduction,Belize,BLZ,2020-07-04,v3
2020-07-22,cumulative_infections,266.28,934.75,1382,1613.29,1934.75,4784.4,Surged Maintain Status Quo,Belize,BLZ,2020-07-04,v3
2020-07-22,deaths,0,0,0,0,0,0,Surged Maintain Status Quo,Belize,BLZ,2020-07-04,v3
2020-07-22,hospital_demand,0,0,0,0.09,0,1.05,Surged Maintain Status Quo,Belize,BLZ,2020-07-04,v3
2020-07-22,hospital_incidence,0,0,0,0,0,0,Surged Maintain Status Quo,Belize,BLZ,2020-07-04,v3
2020-07-22,ICU_demand,0,0,0,0.04,0,0,Surged Maintain Status Quo,Belize,BLZ,2020-07-04,v3
2020-07-22,ICU_incidence,0,0,0,0,0,0,Surged Maintain Status Quo,Belize,BLZ,2020-07-04,v3
2020-07-22,infections,0,0,0,2.27,0,26.85,Surged Maintain Status Quo,Belize,BLZ,2020-07-04,v3
2020-07-22,Rt,0.2,0.58,0.88,1.03,1.43,2.26,Surged Maintain Status Quo,Belize,BLZ,2020-07-04,v3
2020-07-22,cumulative_infections,266.28,934.75,1382,1647.29,1941.75,5070.45,Surged Relax Interventions 50%,Belize,BLZ,2020-07-04,v3
2020-07-22,deaths,0,0,0,0.02,0,0,Surged Relax Interventions 50%,Belize,BLZ,2020-07-04,v3
2020-07-22,hospital_demand,0,0,0,0.24,0,3.05,Surged Relax Interventions 50%,Belize,BLZ,2020-07-04,v3
2020-07-22,hospital_incidence,0,0,0,0,0,0,Surged Relax Interventions 50%,Belize,BLZ,2020-07-04,v3
2020-07-22,ICU_demand,0,0,0,0.1,0,2,Surged Relax Interventions 50%,Belize,BLZ,2020-07-04,v3
2020-07-22,ICU_incidence,0,0,0,0,0,0,Surged Relax Interventions 50%,Belize,BLZ,2020-07-04,v3
2020-07-22,infections,0,0,0,8.61,0,92.35,Surged Relax Interventions 50%,Belize,BLZ,2020-07-04,v3
2020-07-22,Rt,0.29,0.87,1.32,1.54,2.14,3.39,Surged Relax Interventions 50%,Belize,BLZ,2020-07-04,v3
2020-07-23,cumulative_infections,287.08,767.25,1586,1675,2341.75,4438.35,Additional 50% Reduction,Belize,BLZ,2020-07-04,v3
2020-07-23,deaths,0,0,0,0,0,0,Additional 50% Reduction,Belize,BLZ,2020-07-04,v3
2020-07-23,hospital_demand,0,0,0,0.2,0,3.1,Additional 50% Reduction,Belize,BLZ,2020-07-04,v3
2020-07-23,hospital_incidence,0,0,0,0,0,0,Additional 50% Reduction,Belize,BLZ,2020-07-04,v3
2020-07-23,ICU_demand,0,0,0,0.07,0,1.52,Additional 50% Reduction,Belize,BLZ,2020-07-04,v3
2020-07-23,ICU_incidence,0,0,0,0,0,0,Additional 50% Reduction,Belize,BLZ,2020-07-04,v3
2020-07-23,infections,0,0,0,1.78,0,28.82,Additional 50% Reduction,Belize,BLZ,2020-07-04,v3
2020-07-23,Rt,0.13,0.33,0.47,0.55,0.71,1.19,Additional 50% Reduction,Belize,BLZ,2020-07-04,v3
2020-07-23,cumulative_infections,287.08,767.25,1586,1749.39,2371.5,4689.85,Maintain Status Quo,Belize,BLZ,2020-07-04,v3
2020-07-23,deaths,0,0,0,0.01,0,0,Maintain Status Quo,Belize,BLZ,2020-07-04,v3
2020-07-23,hospital_demand,0,0,0,0.71,0,13.2,Maintain Status Quo,Belize,BLZ,2020-07-04,v3
2020-07-23,hospital_incidence,0,0,0,0,0,0,Maintain Status Quo,Belize,BLZ,2020-07-04,v3
2020-07-23,ICU_demand,0,0,0,0.14,0,3,Maintain Status Quo,Belize,BLZ,2020-07-04,v3
2020-07-23,ICU_incidence,0,0,0,0,0,0,Maintain Status Quo,Belize,BLZ,2020-07-04,v3
2020-07-23,infections,0,0,0,12.9,0,169.5,Maintain Status Quo,Belize,BLZ,2020-07-04,v3
2020-07-23,Rt,0.26,0.67,0.95,1.09,1.41,2.37,Maintain Status Quo,Belize,BLZ,2020-07-04,v3
2020-07-23,cumulative_infections,287.08,767.25,1586,1946.41,2371.5,6411.87,Relax Interventions 50%,Belize,BLZ,2020-07-04,v3
2020-07-23,deaths,0,0,0,0.04,0,0.52,Relax Interventions 50%,Belize,BLZ,2020-07-04,v3
2020-07-23,hospital_demand,0,0,0,1.49,0,23,Relax Interventions 50%,Belize,BLZ,2020-07-04,v3
2020-07-23,hospital_incidence,0,0,0,0.04,0,0,Relax Interventions 50%,Belize,BLZ,2020-07-04,v3
2020-07-23,ICU_demand,0,0,0,0.34,0,3,Relax Interventions 50%,Belize,BLZ,2020-07-04,v3
2020-07-23,ICU_incidence,0,0,0,0,0,0,Relax Interventions 50%,Belize,BLZ,2020-07-04,v3
2020-07-23,infections,0,0,0,56.21,0,575.3,Relax Interventions 50%,Belize,BLZ,2020-07-04,v3
2020-07-23,Rt,0.39,1,1.42,1.64,2.12,3.56,Relax Interventions 50%,Belize,BLZ,2020-07-04,v3
2020-07-23,cumulative_infections,266.28,934.75,1382,1598.51,1906.5,4784.4,Surged Additional 50% Reduction,Belize,BLZ,2020-07-04,v3
2020-07-23,deaths,0,0,0,0,0,0,Surged Additional 50% Reduction,Belize,BLZ,2020-07-04,v3
2020-07-23,hospital_demand,0,0,0,0.07,0,1,Surged Additional 50% Reduction,Belize,BLZ,2020-07-04,v3
2020-07-23,hospital_incidence,0,0,0,0,0,0,Surged Additional 50% Reduction,Belize,BLZ,2020-07-04,v3
2020-07-23,ICU_demand,0,0,0,0.01,0,0,Surged Additional 50% Reduction,Belize,BLZ,2020-07-04,v3
2020-07-23,ICU_incidence,0,0,0,0,0,0,Surged Additional 50% Reduction,Belize,BLZ,2020-07-04,v3
2020-07-23,infections,0,0,0,0.38,0,5.72,Surged Additional 50% Reduction,Belize,BLZ,2020-07-04,v3
2020-07-23,Rt,0.1,0.29,0.44,0.51,0.71,1.13,Surged Additional 50% Reduction,Belize,BLZ,2020-07-04,v3
2020-07-23,cumulative_infections,266.28,934.75,1382,1615.96,1934.75,4784.4,Surged Maintain Status Quo,Belize,BLZ,2020-07-04,v3
2020-07-23,deaths,0,0,0,0,0,0,Surged Maintain Status Quo,Belize,BLZ,2020-07-04,v3
2020-07-23,hospital_demand,0,0,0,0.08,0,1.05,Surged Maintain Status Quo,Belize,BLZ,2020-07-04,v3
2020-07-23,hospital_incidence,0,0,0,0,0,0,Surged Maintain Status Quo,Belize,BLZ,2020-07-04,v3
2020-07-23,ICU_demand,0,0,0,0.04,0,0,Surged Maintain Status Quo,Belize,BLZ,2020-07-04,v3
2020-07-23,ICU_incidence,0,0,0,0,0,0,Surged Maintain Status Quo,Belize,BLZ,2020-07-04,v3
2020-07-23,infections,0,0,0,2.67,0,35.3,Surged Maintain Status Quo,Belize,BLZ,2020-07-04,v3
2020-07-23,Rt,0.2,0.58,0.88,1.03,1.43,2.26,Surged Maintain Status Quo,Belize,BLZ,2020-07-04,v3
2020-07-23,cumulative_infections,266.28,934.75,1382,1657.69,1941.75,5159.7,Surged Relax Interventions 50%,Belize,BLZ,2020-07-04,v3
2020-07-23,deaths,0,0,0,0.01,0,0,Surged Relax Interventions 50%,Belize,BLZ,2020-07-04,v3
2020-07-23,hospital_demand,0,0,0,0.3,0,4.05,Surged Relax Interventions 50%,Belize,BLZ,2020-07-04,v3
2020-07-23,hospital_incidence,0,0,0,0.02,0,0,Surged Relax Interventions 50%,Belize,BLZ,2020-07-04,v3
2020-07-23,ICU_demand,0,0,0,0.09,0,1.52,Surged Relax Interventions 50%,Belize,BLZ,2020-07-04,v3
2020-07-23,ICU_incidence,0,0,0,0,0,0,Surged Relax Interventions 50%,Belize,BLZ,2020-07-04,v3
2020-07-23,infections,0,0,0,10.4,0,105.17,Surged Relax Interventions 50%,Belize,BLZ,2020-07-04,v3
2020-07-23,Rt,0.29,0.87,1.32,1.54,2.14,3.39,Surged Relax Interventions 50%,Belize,BLZ,2020-07-04,v3
2020-07-24,cumulative_infections,287.08,767.25,1586,1676.65,2341.75,4438.35,Additional 50% Reduction,Belize,BLZ,2020-07-04,v3
2020-07-24,deaths,0,0,0,0,0,0,Additional 50% Reduction,Belize,BLZ,2020-07-04,v3
2020-07-24,hospital_demand,0,0,0,0.18,0,3.05,Additional 50% Reduction,Belize,BLZ,2020-07-04,v3
2020-07-24,hospital_incidence,0,0,0,0,0,0,Additional 50% Reduction,Belize,BLZ,2020-07-04,v3
2020-07-24,ICU_demand,0,0,0,0.09,0,2,Additional 50% Reduction,Belize,BLZ,2020-07-04,v3
2020-07-24,ICU_incidence,0,0,0,0,0,0,Additional 50% Reduction,Belize,BLZ,2020-07-04,v3
2020-07-24,infections,0,0,0,1.65,0,23.05,Additional 50% Reduction,Belize,BLZ,2020-07-04,v3
2020-07-24,Rt,0.13,0.33,0.47,0.55,0.71,1.19,Additional 50% Reduction,Belize,BLZ,2020-07-04,v3
2020-07-24,cumulative_infections,287.08,767.25,1586,1763.9,2371.5,4864.82,Maintain Status Quo,Belize,BLZ,2020-07-04,v3
2020-07-24,deaths,0,0,0,0.01,0,0,Maintain Status Quo,Belize,BLZ,2020-07-04,v3
2020-07-24,hospital_demand,0,0,0,0.71,0,14.1,Maintain Status Quo,Belize,BLZ,2020-07-04,v3
2020-07-24,hospital_incidence,0,0,0,0.02,0,0,Maintain Status Quo,Belize,BLZ,2020-07-04,v3
2020-07-24,ICU_demand,0,0,0,0.13,0,2.52,Maintain Status Quo,Belize,BLZ,2020-07-04,v3
2020-07-24,ICU_incidence,0,0,0,0,0,0,Maintain Status Quo,Belize,BLZ,2020-07-04,v3
2020-07-24,infections,0,0,0,14.51,0,171.65,Maintain Status Quo,Belize,BLZ,2020-07-04,v3
2020-07-24,Rt,0.26,0.67,0.95,1.09,1.41,2.37,Maintain Status Quo,Belize,BLZ,2020-07-04,v3
2020-07-24,cumulative_infections,287.08,767.25,1586,2013.3,2371.5,7069.85,Relax Interventions 50%,Belize,BLZ,2020-07-04,v3
2020-07-24,deaths,0,0,0,0.01,0,0,Relax Interventions 50%,Belize,BLZ,2020-07-04,v3
2020-07-24,hospital_demand,0,0,0,1.76,0,24.52,Relax Interventions 50%,Belize,BLZ,2020-07-04,v3
2020-07-24,hospital_incidence,0,0,0,0.03,0,0,Relax Interventions 50%,Belize,BLZ,2020-07-04,v3
2020-07-24,ICU_demand,0,0,0,0.43,0,3.57,Relax Interventions 50%,Belize,BLZ,2020-07-04,v3
2020-07-24,ICU_incidence,0,0,0,0.01,0,0,Relax Interventions 50%,Belize,BLZ,2020-07-04,v3
2020-07-24,infections,0,0,0,66.89,0,657.97,Relax Interventions 50%,Belize,BLZ,2020-07-04,v3
2020-07-24,Rt,0.39,1,1.42,1.64,2.12,3.56,Relax Interventions 50%,Belize,BLZ,2020-07-04,v3
2020-07-24,cumulative_infections,266.28,934.75,1382,1598.81,1906.5,4784.4,Surged Additional 50% Reduction,Belize,BLZ,2020-07-04,v3
2020-07-24,deaths,0,0,0,0,0,0,Surged Additional 50% Reduction,Belize,BLZ,2020-07-04,v3
2020-07-24,hospital_demand,0,0,0,0.06,0,0.52,Surged Additional 50% Reduction,Belize,BLZ,2020-07-04,v3
2020-07-24,hospital_incidence,0,0,0,0,0,0,Surged Additional 50% Reduction,Belize,BLZ,2020-07-04,v3
2020-07-24,ICU_demand,0,0,0,0.01,0,0,Surged Additional 50% Reduction,Belize,BLZ,2020-07-04,v3
2020-07-24,ICU_incidence,0,0,0,0,0,0,Surged Additional 50% Reduction,Belize,BLZ,2020-07-04,v3
2020-07-24,infections,0,0,0,0.3,0,2.57,Surged Additional 50% Reduction,Belize,BLZ,2020-07-04,v3
2020-07-24,Rt,0.1,0.29,0.44,0.51,0.71,1.13,Surged Additional 50% Reduction,Belize,BLZ,2020-07-04,v3
2020-07-24,cumulative_infections,266.28,934.75,1382,1618.65,1934.75,4784.4,Surged Maintain Status Quo,Belize,BLZ,2020-07-04,v3
2020-07-24,deaths,0,0,0,0,0,0,Surged Maintain Status Quo,Belize,BLZ,2020-07-04,v3
2020-07-24,hospital_demand,0,0,0,0.09,0,1.05,Surged Maintain Status Quo,Belize,BLZ,2020-07-04,v3
2020-07-24,hospital_incidence,0,0,0,0,0,0,Surged Maintain Status Quo,Belize,BLZ,2020-07-04,v3
2020-07-24,ICU_demand,0,0,0,0.04,0,0,Surged Maintain Status Quo,Belize,BLZ,2020-07-04,v3
2020-07-24,ICU_incidence,0,0,0,0,0,0,Surged Maintain Status Quo,Belize,BLZ,2020-07-04,v3
2020-07-24,infections,0,0,0,2.69,0,32.2,Surged Maintain Status Quo,Belize,BLZ,2020-07-04,v3
2020-07-24,Rt,0.2,0.58,0.88,1.03,1.43,2.26,Surged Maintain Status Quo,Belize,BLZ,2020-07-04,v3
2020-07-24,cumulative_infections,266.28,934.75,1382,1669.56,1941.75,5200.55,Surged Relax Interventions 50%,Belize,BLZ,2020-07-04,v3
2020-07-24,deaths,0,0,0,0,0,0,Surged Relax Interventions 50%,Belize,BLZ,2020-07-04,v3
2020-07-24,hospital_demand,0,0,0,0.38,0,5.05,Surged Relax Interventions 50%,Belize,BLZ,2020-07-04,v3
2020-07-24,hospital_incidence,0,0,0,0,0,0,Surged Relax Interventions 50%,Belize,BLZ,2020-07-04,v3
2020-07-24,ICU_demand,0,0,0,0.1,0,2.05,Surged Relax Interventions 50%,Belize,BLZ,2020-07-04,v3
2020-07-24,ICU_incidence,0,0,0,0,0,0,Surged Relax Interventions 50%,Belize,BLZ,2020-07-04,v3
2020-07-24,infections,0,0,0,11.87,0,115.45,Surged Relax Interventions 50%,Belize,BLZ,2020-07-04,v3
2020-07-24,Rt,0.29,0.87,1.32,1.54,2.14,3.39,Surged Relax Interventions 50%,Belize,BLZ,2020-07-04,v3
2020-07-25,cumulative_infections,287.08,767.25,1586,1678.34,2341.75,4438.35,Additional 50% Reduction,Belize,BLZ,2020-07-04,v3
2020-07-25,deaths,0,0,0,0,0,0,Additional 50% Reduction,Belize,BLZ,2020-07-04,v3
2020-07-25,hospital_demand,0,0,0,0.16,0,2.52,Additional 50% Reduction,Belize,BLZ,2020-07-04,v3
2020-07-25,hospital_incidence,0,0,0,0,0,0,Additional 50% Reduction,Belize,BLZ,2020-07-04,v3
2020-07-25,ICU_demand,0,0,0,0.09,0,2,Additional 50% Reduction,Belize,BLZ,2020-07-04,v3
2020-07-25,ICU_incidence,0,0,0,0,0,0,Additional 50% Reduction,Belize,BLZ,2020-07-04,v3
2020-07-25,infections,0,0,0,1.69,0,21.67,Additional 50% Reduction,Belize,BLZ,2020-07-04,v3
2020-07-25,Rt,0.13,0.33,0.47,0.55,0.71,1.19,Additional 50% Reduction,Belize,BLZ,2020-07-04,v3
2020-07-25,cumulative_infections,287.08,767.25,1586,1780.32,2371.5,5013.92,Maintain Status Quo,Belize,BLZ,2020-07-04,v3
2020-07-25,deaths,0,0,0,0.01,0,0,Maintain Status Quo,Belize,BLZ,2020-07-04,v3
2020-07-25,hospital_demand,0,0,0,0.88,0,15.52,Maintain Status Quo,Belize,BLZ,2020-07-04,v3
2020-07-25,hospital_incidence,0,0,0,0.02,0,0,Maintain Status Quo,Belize,BLZ,2020-07-04,v3
2020-07-25,ICU_demand,0,0,0,0.17,0,3.05,Maintain Status Quo,Belize,BLZ,2020-07-04,v3
2020-07-25,ICU_incidence,0,0,0,0,0,0,Maintain Status Quo,Belize,BLZ,2020-07-04,v3
2020-07-25,infections,0,0,0,16.42,0,189.87,Maintain Status Quo,Belize,BLZ,2020-07-04,v3
2020-07-25,Rt,0.26,0.67,0.95,1.09,1.41,2.37,Maintain Status Quo,Belize,BLZ,2020-07-04,v3
2020-07-25,cumulative_infections,287.08,767.25,1586,2095.89,2371.5,7848.57,Relax Interventions 50%,Belize,BLZ,2020-07-04,v3
2020-07-25,deaths,0,0,0,0.06,0,0.52,Relax Interventions 50%,Belize,BLZ,2020-07-04,v3
2020-07-25,hospital_demand,0,0,0,2.2,0,27.15,Relax Interventions 50%,Belize,BLZ,2020-07-04,v3
2020-07-25,hospital_incidence,0,0,0,0.04,0,0,Relax Interventions 50%,Belize,BLZ,2020-07-04,v3
2020-07-25,ICU_demand,0,0,0,0.53,0,5.05,Relax Interventions 50%,Belize,BLZ,2020-07-04,v3
2020-07-25,ICU_incidence,0,0,0,0.02,0,0,Relax Interventions 50%,Belize,BLZ,2020-07-04,v3
2020-07-25,infections,0,0,0,82.59,0,778.72,Relax Interventions 50%,Belize,BLZ,2020-07-04,v3
2020-07-25,Rt,0.39,1,1.42,1.64,2.12,3.56,Relax Interventions 50%,Belize,BLZ,2020-07-04,v3
2020-07-25,cumulative_infections,266.28,934.75,1382,1599.25,1906.5,4784.4,Surged Additional 50% Reduction,Belize,BLZ,2020-07-04,v3
2020-07-25,deaths,0,0,0,0,0,0,Surged Additional 50% Reduction,Belize,BLZ,2020-07-04,v3
2020-07-25,hospital_demand,0,0,0,0.07,0,1.05,Surged Additional 50% Reduction,Belize,BLZ,2020-07-04,v3
2020-07-25,hospital_incidence,0,0,0,0,0,0,Surged Additional 50% Reduction,Belize,BLZ,2020-07-04,v3
2020-07-25,ICU_demand,0,0,0,0.01,0,0,Surged Additional 50% Reduction,Belize,BLZ,2020-07-04,v3
2020-07-25,ICU_incidence,0,0,0,0,0,0,Surged Additional 50% Reduction,Belize,BLZ,2020-07-04,v3
2020-07-25,infections,0,0,0,0.44,0,4.62,Surged Additional 50% Reduction,Belize,BLZ,2020-07-04,v3
2020-07-25,Rt,0.1,0.29,0.44,0.51,0.71,1.13,Surged Additional 50% Reduction,Belize,BLZ,2020-07-04,v3
2020-07-25,cumulative_infections,266.28,934.75,1382,1621.76,1934.75,4784.4,Surged Maintain Status Quo,Belize,BLZ,2020-07-04,v3
2020-07-25,deaths,0,0,0,0,0,0,Surged Maintain Status Quo,Belize,BLZ,2020-07-04,v3
2020-07-25,hospital_demand,0,0,0,0.11,0,1.52,Surged Maintain Status Quo,Belize,BLZ,2020-07-04,v3
2020-07-25,hospital_incidence,0,0,0,0,0,0,Surged Maintain Status Quo,Belize,BLZ,2020-07-04,v3
2020-07-25,ICU_demand,0,0,0,0.05,0,0,Surged Maintain Status Quo,Belize,BLZ,2020-07-04,v3
2020-07-25,ICU_incidence,0,0,0,0,0,0,Surged Maintain Status Quo,Belize,BLZ,2020-07-04,v3
2020-07-25,infections,0,0,0,3.11,0,33.25,Surged Maintain Status Quo,Belize,BLZ,2020-07-04,v3
2020-07-25,Rt,0.2,0.58,0.88,1.03,1.43,2.26,Surged Maintain Status Quo,Belize,BLZ,2020-07-04,v3
2020-07-25,cumulative_infections,266.28,934.75,1382,1682.95,1941.75,5554.07,Surged Relax Interventions 50%,Belize,BLZ,2020-07-04,v3
2020-07-25,deaths,0,0,0,0,0,0,Surged Relax Interventions 50%,Belize,BLZ,2020-07-04,v3
2020-07-25,hospital_demand,0,0,0,0.57,0,7.57,Surged Relax Interventions 50%,Belize,BLZ,2020-07-04,v3
2020-07-25,hospital_incidence,0,0,0,0.01,0,0,Surged Relax Interventions 50%,Belize,BLZ,2020-07-04,v3
2020-07-25,ICU_demand,0,0,0,0.14,0,2.05,Surged Relax Interventions 50%,Belize,BLZ,2020-07-04,v3
2020-07-25,ICU_incidence,0,0,0,0,0,0,Surged Relax Interventions 50%,Belize,BLZ,2020-07-04,v3
2020-07-25,infections,0,0,0,13.39,0,126.92,Surged Relax Interventions 50%,Belize,BLZ,2020-07-04,v3
2020-07-25,Rt,0.29,0.87,1.32,1.54,2.14,3.39,Surged Relax Interventions 50%,Belize,BLZ,2020-07-04,v3
2020-07-26,cumulative_infections,287.08,767.25,1586,1680.1,2341.75,4438.35,Additional 50% Reduction,Belize,BLZ,2020-07-04,v3
2020-07-26,deaths,0,0,0,0,0,0,Additional 50% Reduction,Belize,BLZ,2020-07-04,v3
2020-07-26,hospital_demand,0,0,0,0.15,0,3.05,Additional 50% Reduction,Belize,BLZ,2020-07-04,v3
2020-07-26,hospital_incidence,0,0,0,0,0,0,Additional 50% Reduction,Belize,BLZ,2020-07-04,v3
2020-07-26,ICU_demand,0,0,0,0.09,0,2,Additional 50% Reduction,Belize,BLZ,2020-07-04,v3
2020-07-26,ICU_incidence,0,0,0,0,0,0,Additional 50% Reduction,Belize,BLZ,2020-07-04,v3
2020-07-26,infections,0,0,0,1.76,0,19,Additional 50% Reduction,Belize,BLZ,2020-07-04,v3
2020-07-26,Rt,0.13,0.33,0.47,0.55,0.71,1.19,Additional 50% Reduction,Belize,BLZ,2020-07-04,v3
2020-07-26,cumulative_infections,287.08,767.25,1586,1799.17,2371.5,5133.6,Maintain Status Quo,Belize,BLZ,2020-07-04,v3
2020-07-26,deaths,0,0,0,0,0,0,Maintain Status Quo,Belize,BLZ,2020-07-04,v3
2020-07-26,hospital_demand,0,0,0,1.06,0,18.05,Maintain Status Quo,Belize,BLZ,2020-07-04,v3
2020-07-26,hospital_incidence,0,0,0,0.01,0,0,Maintain Status Quo,Belize,BLZ,2020-07-04,v3
2020-07-26,ICU_demand,0,0,0,0.21,0,3.57,Maintain Status Quo,Belize,BLZ,2020-07-04,v3
2020-07-26,ICU_incidence,0,0,0,0,0,0,Maintain Status Quo,Belize,BLZ,2020-07-04,v3
2020-07-26,infections,0,0,0,18.85,0,204.9,Maintain Status Quo,Belize,BLZ,2020-07-04,v3
2020-07-26,Rt,0.26,0.67,0.95,1.09,1.41,2.37,Maintain Status Quo,Belize,BLZ,2020-07-04,v3
2020-07-26,cumulative_infections,287.08,767.25,1586,2197.1,2371.5,8725.67,Relax Interventions 50%,Belize,BLZ,2020-07-04,v3
2020-07-26,deaths,0,0,0,0.11,0,0.52,Relax Interventions 50%,Belize,BLZ,2020-07-04,v3
2020-07-26,hospital_demand,0,0,0,2.79,0,29.67,Relax Interventions 50%,Belize,BLZ,2020-07-04,v3
2020-07-26,hospital_incidence,0,0,0,0.03,0,0,Relax Interventions 50%,Belize,BLZ,2020-07-04,v3
2020-07-26,ICU_demand,0,0,0,0.56,0,5.52,Relax Interventions 50%,Belize,BLZ,2020-07-04,v3
2020-07-26,ICU_incidence,0,0,0,0.02,0,0,Relax Interventions 50%,Belize,BLZ,2020-07-04,v3
2020-07-26,infections,0,0,0,101.21,0,877.1,Relax Interventions 50%,Belize,BLZ,2020-07-04,v3
2020-07-26,Rt,0.39,1,1.42,1.64,2.12,3.56,Relax Interventions 50%,Belize,BLZ,2020-07-04,v3
2020-07-26,cumulative_infections,266.28,934.75,1382,1599.73,1906.5,4784.4,Surged Additional 50% Reduction,Belize,BLZ,2020-07-04,v3
2020-07-26,deaths,0,0,0,0.01,0,0,Surged Additional 50% Reduction,Belize,BLZ,2020-07-04,v3
2020-07-26,hospital_demand,0,0,0,0.07,0,0.52,Surged Additional 50% Reduction,Belize,BLZ,2020-07-04,v3
2020-07-26,hospital_incidence,0,0,0,0,0,0,Surged Additional 50% Reduction,Belize,BLZ,2020-07-04,v3
2020-07-26,ICU_demand,0,0,0,0.01,0,0,Surged Additional 50% Reduction,Belize,BLZ,2020-07-04,v3
2020-07-26,ICU_incidence,0,0,0,0,0,0,Surged Additional 50% Reduction,Belize,BLZ,2020-07-04,v3
2020-07-26,infections,0,0,0,0.48,0,7.3,Surged Additional 50% Reduction,Belize,BLZ,2020-07-04,v3
2020-07-26,Rt,0.1,0.29,0.44,0.51,0.71,1.13,Surged Additional 50% Reduction,Belize,BLZ,2020-07-04,v3
2020-07-26,cumulative_infections,266.28,934.75,1382,1625.23,1935,4784.4,Surged Maintain Status Quo,Belize,BLZ,2020-07-04,v3
2020-07-26,deaths,0,0,0,0,0,0,Surged Maintain Status Quo,Belize,BLZ,2020-07-04,v3
2020-07-26,hospital_demand,0,0,0,0.12,0,1.52,Surged Maintain Status Quo,Belize,BLZ,2020-07-04,v3
2020-07-26,hospital_incidence,0,0,0,0.01,0,0,Surged Maintain Status Quo,Belize,BLZ,2020-07-04,v3
2020-07-26,ICU_demand,0,0,0,0.06,0,0.52,Surged Maintain Status Quo,Belize,BLZ,2020-07-04,v3
2020-07-26,ICU_incidence,0,0,0,0,0,0,Surged Maintain Status Quo,Belize,BLZ,2020-07-04,v3
2020-07-26,infections,0,0,0,3.47,0,36.2,Surged Maintain Status Quo,Belize,BLZ,2020-07-04,v3
2020-07-26,Rt,0.2,0.58,0.88,1.03,1.43,2.26,Surged Maintain Status Quo,Belize,BLZ,2020-07-04,v3
2020-07-26,cumulative_infections,266.28,934.75,1382,1698.41,1941.75,5712.1,Surged Relax Interventions 50%,Belize,BLZ,2020-07-04,v3
2020-07-26,deaths,0,0,0,0.01,0,0,Surged Relax Interventions 50%,Belize,BLZ,2020-07-04,v3
2020-07-26,hospital_demand,0,0,0,0.62,0,7.52,Surged Relax Interventions 50%,Belize,BLZ,2020-07-04,v3
2020-07-26,hospital_incidence,0,0,0,0,0,0,Surged Relax Interventions 50%,Belize,BLZ,2020-07-04,v3
2020-07-26,ICU_demand,0,0,0,0.13,0,2.05,Surged Relax Interventions 50%,Belize,BLZ,2020-07-04,v3
2020-07-26,ICU_incidence,0,0,0,0,0,0,Surged Relax Interventions 50%,Belize,BLZ,2020-07-04,v3
2020-07-26,infections,0,0,0,15.46,0,165.1,Surged Relax Interventions 50%,Belize,BLZ,2020-07-04,v3
2020-07-26,Rt,0.29,0.87,1.32,1.54,2.14,3.39,Surged Relax Interventions 50%,Belize,BLZ,2020-07-04,v3
2020-07-27,cumulative_infections,287.08,767.25,1586,1681.86,2365,4438.35,Additional 50% Reduction,Belize,BLZ,2020-07-04,v3
2020-07-27,deaths,0,0,0,0,0,0,Additional 50% Reduction,Belize,BLZ,2020-07-04,v3
2020-07-27,hospital_demand,0,0,0,0.15,0,3.52,Additional 50% Reduction,Belize,BLZ,2020-07-04,v3
2020-07-27,hospital_incidence,0,0,0,0,0,0,Additional 50% Reduction,Belize,BLZ,2020-07-04,v3
2020-07-27,ICU_demand,0,0,0,0.11,0,2,Additional 50% Reduction,Belize,BLZ,2020-07-04,v3
2020-07-27,ICU_incidence,0,0,0,0,0,0,Additional 50% Reduction,Belize,BLZ,2020-07-04,v3
2020-07-27,infections,0,0,0,1.76,0,23.1,Additional 50% Reduction,Belize,BLZ,2020-07-04,v3
2020-07-27,Rt,0.13,0.33,0.47,0.55,0.71,1.19,Additional 50% Reduction,Belize,BLZ,2020-07-04,v3
2020-07-27,cumulative_infections,287.08,767.25,1586,1820.48,2371.5,5272.2,Maintain Status Quo,Belize,BLZ,2020-07-04,v3
2020-07-27,deaths,0,0,0,0.01,0,0,Maintain Status Quo,Belize,BLZ,2020-07-04,v3
2020-07-27,hospital_demand,0,0,0,1.1,0,16.57,Maintain Status Quo,Belize,BLZ,2020-07-04,v3
2020-07-27,hospital_incidence,0,0,0,0.02,0,0,Maintain Status Quo,Belize,BLZ,2020-07-04,v3
2020-07-27,ICU_demand,0,0,0,0.23,0,3.1,Maintain Status Quo,Belize,BLZ,2020-07-04,v3
2020-07-27,ICU_incidence,0,0,0,0,0,0,Maintain Status Quo,Belize,BLZ,2020-07-04,v3
2020-07-27,infections,0,0,0,21.31,0,222.67,Maintain Status Quo,Belize,BLZ,2020-07-04,v3
2020-07-27,Rt,0.26,0.67,0.95,1.09,1.41,2.37,Maintain Status Quo,Belize,BLZ,2020-07-04,v3
2020-07-27,cumulative_infections,287.08,767.25,1586,2319.02,2371.5,9728.35,Relax Interventions 50%,Belize,BLZ,2020-07-04,v3
2020-07-27,deaths,0,0,0,0.12,0,0,Relax Interventions 50%,Belize,BLZ,2020-07-04,v3
2020-07-27,hospital_demand,0,0,0,3.3,0,35.2,Relax Interventions 50%,Belize,BLZ,2020-07-04,v3
2020-07-27,hospital_incidence,0,0,0,0.03,0,0,Relax Interventions 50%,Belize,BLZ,2020-07-04,v3
2020-07-27,ICU_demand,0,0,0,0.66,0,7,Relax Interventions 50%,Belize,BLZ,2020-07-04,v3
2020-07-27,ICU_incidence,0,0,0,0,0,0,Relax Interventions 50%,Belize,BLZ,2020-07-04,v3
2020-07-27,infections,0,0,0,121.92,0,1002.67,Relax Interventions 50%,Belize,BLZ,2020-07-04,v3
2020-07-27,Rt,0.39,1,1.42,1.64,2.12,3.56,Relax Interventions 50%,Belize,BLZ,2020-07-04,v3
2020-07-27,cumulative_infections,266.28,934.75,1382,1599.96,1906.5,4784.4,Surged Additional 50% Reduction,Belize,BLZ,2020-07-04,v3
2020-07-27,deaths,0,0,0,0.02,0,0,Surged Additional 50% Reduction,Belize,BLZ,2020-07-04,v3
2020-07-27,hospital_demand,0,0,0,0.06,0,0.52,Surged Additional 50% Reduction,Belize,BLZ,2020-07-04,v3
2020-07-27,hospital_incidence,0,0,0,0,0,0,Surged Additional 50% Reduction,Belize,BLZ,2020-07-04,v3
2020-07-27,ICU_demand,0,0,0,0.01,0,0,Surged Additional 50% Reduction,Belize,BLZ,2020-07-04,v3
2020-07-27,ICU_incidence,0,0,0,0,0,0,Surged Additional 50% Reduction,Belize,BLZ,2020-07-04,v3
2020-07-27,infections,0,0,0,0.23,0,1.05,Surged Additional 50% Reduction,Belize,BLZ,2020-07-04,v3
2020-07-27,Rt,0.1,0.29,0.44,0.51,0.71,1.13,Surged Additional 50% Reduction,Belize,BLZ,2020-07-04,v3
2020-07-27,cumulative_infections,266.28,934.75,1382,1628.78,1935,4784.4,Surged Maintain Status Quo,Belize,BLZ,2020-07-04,v3
2020-07-27,deaths,0,0,0,0.01,0,0,Surged Maintain Status Quo,Belize,BLZ,2020-07-04,v3
2020-07-27,hospital_demand,0,0,0,0.13,0,2.05,Surged Maintain Status Quo,Belize,BLZ,2020-07-04,v3
2020-07-27,hospital_incidence,0,0,0,0,0,0,Surged Maintain Status Quo,Belize,BLZ,2020-07-04,v3
2020-07-27,ICU_demand,0,0,0,0.06,0,0.52,Surged Maintain Status Quo,Belize,BLZ,2020-07-04,v3
2020-07-27,ICU_incidence,0,0,0,0,0,0,Surged Maintain Status Quo,Belize,BLZ,2020-07-04,v3
2020-07-27,infections,0,0,0,3.55,0,30.52,Surged Maintain Status Quo,Belize,BLZ,2020-07-04,v3
2020-07-27,Rt,0.2,0.58,0.88,1.03,1.43,2.26,Surged Maintain Status Quo,Belize,BLZ,2020-07-04,v3
2020-07-27,cumulative_infections,266.28,934.75,1382.5,1716.52,1941.75,5712.1,Surged Relax Interventions 50%,Belize,BLZ,2020-07-04,v3
2020-07-27,deaths,0,0,0,0,0,0,Surged Relax Interventions 50%,Belize,BLZ,2020-07-04,v3
2020-07-27,hospital_demand,0,0,0,0.71,0,9.15,Surged Relax Interventions 50%,Belize,BLZ,2020-07-04,v3
2020-07-27,hospital_incidence,0,0,0,0,0,0,Surged Relax Interventions 50%,Belize,BLZ,2020-07-04,v3
2020-07-27,ICU_demand,0,0,0,0.17,0,1.52,Surged Relax Interventions 50%,Belize,BLZ,2020-07-04,v3
2020-07-27,ICU_incidence,0,0,0,0.01,0,0,Surged Relax Interventions 50%,Belize,BLZ,2020-07-04,v3
2020-07-27,infections,0,0,0,18.11,0,168.97,Surged Relax Interventions 50%,Belize,BLZ,2020-07-04,v3
2020-07-27,Rt,0.29,0.87,1.32,1.54,2.14,3.39,Surged Relax Interventions 50%,Belize,BLZ,2020-07-04,v3
2020-07-28,cumulative_infections,287.08,767.25,1586,1683.6,2371.5,4438.35,Additional 50% Reduction,Belize,BLZ,2020-07-04,v3
2020-07-28,deaths,0,0,0,0,0,0,Additional 50% Reduction,Belize,BLZ,2020-07-04,v3
2020-07-28,hospital_demand,0,0,0,0.16,0,4,Additional 50% Reduction,Belize,BLZ,2020-07-04,v3
2020-07-28,hospital_incidence,0,0,0,0,0,0,Additional 50% Reduction,Belize,BLZ,2020-07-04,v3
2020-07-28,ICU_demand,0,0,0,0.1,0,1.52,Additional 50% Reduction,Belize,BLZ,2020-07-04,v3
2020-07-28,ICU_incidence,0,0,0,0,0,0,Additional 50% Reduction,Belize,BLZ,2020-07-04,v3
2020-07-28,infections,0,0,0,1.74,0,20.57,Additional 50% Reduction,Belize,BLZ,2020-07-04,v3
2020-07-28,Rt,0.13,0.33,0.47,0.55,0.71,1.19,Additional 50% Reduction,Belize,BLZ,2020-07-04,v3
2020-07-28,cumulative_infections,287.08,767.25,1586,1844.13,2371.5,5407.12,Maintain Status Quo,Belize,BLZ,2020-07-04,v3
2020-07-28,deaths,0,0,0,0.02,0,0,Maintain Status Quo,Belize,BLZ,2020-07-04,v3
2020-07-28,hospital_demand,0,0,0,1.26,0,16.2,Maintain Status Quo,Belize,BLZ,2020-07-04,v3
2020-07-28,hospital_incidence,0,0,0,0.02,0,0,Maintain Status Quo,Belize,BLZ,2020-07-04,v3
2020-07-28,ICU_demand,0,0,0,0.25,0,3.1,Maintain Status Quo,Belize,BLZ,2020-07-04,v3
2020-07-28,ICU_incidence,0,0,0,0,0,0,Maintain Status Quo,Belize,BLZ,2020-07-04,v3
2020-07-28,infections,0,0,0,23.65,0,217.57,Maintain Status Quo,Belize,BLZ,2020-07-04,v3
2020-07-28,Rt,0.26,0.67,0.95,1.09,1.41,2.37,Maintain Status Quo,Belize,BLZ,2020-07-04,v3
2020-07-28,cumulative_infections,287.08,767.25,1586,2462.64,2371.5,10834.12,Relax Interventions 50%,Belize,BLZ,2020-07-04,v3
2020-07-28,deaths,0,0,0,0.16,0,0,Relax Interventions 50%,Belize,BLZ,2020-07-04,v3
2020-07-28,hospital_demand,0,0,0,3.86,0,34.1,Relax Interventions 50%,Belize,BLZ,2020-07-04,v3
2020-07-28,hospital_incidence,0,0,0,0.05,0,0,Relax Interventions 50%,Belize,BLZ,2020-07-04,v3
2020-07-28,ICU_demand,0,0,0,0.72,0,10.05,Relax Interventions 50%,Belize,BLZ,2020-07-04,v3
2020-07-28,ICU_incidence,0,0,0,0.05,0,0,Relax Interventions 50%,Belize,BLZ,2020-07-04,v3
2020-07-28,infections,0,0,0,143.62,0,1105.77,Relax Interventions 50%,Belize,BLZ,2020-07-04,v3
2020-07-28,Rt,0.39,1,1.42,1.64,2.12,3.56,Relax Interventions 50%,Belize,BLZ,2020-07-04,v3
2020-07-28,cumulative_infections,266.28,934.75,1382,1600.38,1906.5,4784.4,Surged Additional 50% Reduction,Belize,BLZ,2020-07-04,v3
2020-07-28,deaths,0,0,0,0,0,0,Surged Additional 50% Reduction,Belize,BLZ,2020-07-04,v3
2020-07-28,hospital_demand,0,0,0,0.05,0,0.52,Surged Additional 50% Reduction,Belize,BLZ,2020-07-04,v3
2020-07-28,hospital_incidence,0,0,0,0,0,0,Surged Additional 50% Reduction,Belize,BLZ,2020-07-04,v3
2020-07-28,ICU_demand,0,0,0,0.01,0,0,Surged Additional 50% Reduction,Belize,BLZ,2020-07-04,v3
2020-07-28,ICU_incidence,0,0,0,0,0,0,Surged Additional 50% Reduction,Belize,BLZ,2020-07-04,v3
2020-07-28,infections,0,0,0,0.42,0,4.15,Surged Additional 50% Reduction,Belize,BLZ,2020-07-04,v3
2020-07-28,Rt,0.1,0.29,0.44,0.51,0.71,1.13,Surged Additional 50% Reduction,Belize,BLZ,2020-07-04,v3
2020-07-28,cumulative_infections,266.28,934.75,1382,1632.47,1935,4784.4,Surged Maintain Status Quo,Belize,BLZ,2020-07-04,v3
2020-07-28,deaths,0,0,0,0,0,0,Surged Maintain Status Quo,Belize,BLZ,2020-07-04,v3
2020-07-28,hospital_demand,0,0,0,0.16,0,2,Surged Maintain Status Quo,Belize,BLZ,2020-07-04,v3
2020-07-28,hospital_incidence,0,0,0,0.01,0,0,Surged Maintain Status Quo,Belize,BLZ,2020-07-04,v3
2020-07-28,ICU_demand,0,0,0,0.06,0,0.52,Surged Maintain Status Quo,Belize,BLZ,2020-07-04,v3
2020-07-28,ICU_incidence,0,0,0,0,0,0,Surged Maintain Status Quo,Belize,BLZ,2020-07-04,v3
2020-07-28,infections,0,0,0,3.69,0,39.5,Surged Maintain Status Quo,Belize,BLZ,2020-07-04,v3
2020-07-28,Rt,0.2,0.58,0.88,1.03,1.43,2.26,Surged Maintain Status Quo,Belize,BLZ,2020-07-04,v3
2020-07-28,cumulative_infections,266.28,934.75,1383.5,1737.92,1941.75,5712.1,Surged Relax Interventions 50%,Belize,BLZ,2020-07-04,v3
2020-07-28,deaths,0,0,0,0,0,0,Surged Relax Interventions 50%,Belize,BLZ,2020-07-04,v3
2020-07-28,hospital_demand,0,0,0,0.87,0,11.3,Surged Relax Interventions 50%,Belize,BLZ,2020-07-04,v3
2020-07-28,hospital_incidence,0,0,0,0,0,0,Surged Relax Interventions 50%,Belize,BLZ,2020-07-04,v3
2020-07-28,ICU_demand,0,0,0,0.26,0,2,Surged Relax Interventions 50%,Belize,BLZ,2020-07-04,v3
2020-07-28,ICU_incidence,0,0,0,0,0,0,Surged Relax Interventions 50%,Belize,BLZ,2020-07-04,v3
2020-07-28,infections,0,0,0,21.4,0,188.2,Surged Relax Interventions 50%,Belize,BLZ,2020-07-04,v3
2020-07-28,Rt,0.29,0.87,1.32,1.54,2.14,3.39,Surged Relax Interventions 50%,Belize,BLZ,2020-07-04,v3
2020-07-29,cumulative_infections,287.08,767.25,1586,1685.42,2371.5,4438.35,Additional 50% Reduction,Belize,BLZ,2020-07-04,v3
2020-07-29,deaths,0,0,0,0,0,0,Additional 50% Reduction,Belize,BLZ,2020-07-04,v3
2020-07-29,hospital_demand,0,0,0,0.19,0,4,Additional 50% Reduction,Belize,BLZ,2020-07-04,v3
2020-07-29,hospital_incidence,0,0,0,0,0,0,Additional 50% Reduction,Belize,BLZ,2020-07-04,v3
2020-07-29,ICU_demand,0,0,0,0.09,0,1.52,Additional 50% Reduction,Belize,BLZ,2020-07-04,v3
2020-07-29,ICU_incidence,0,0,0,0,0,0,Additional 50% Reduction,Belize,BLZ,2020-07-04,v3
2020-07-29,infections,0,0,0,1.82,0,18.62,Additional 50% Reduction,Belize,BLZ,2020-07-04,v3
2020-07-29,Rt,0.13,0.33,0.47,0.55,0.71,1.19,Additional 50% Reduction,Belize,BLZ,2020-07-04,v3
2020-07-29,cumulative_infections,287.08,767.25,1586,1872.32,2371.5,5576.17,Maintain Status Quo,Belize,BLZ,2020-07-04,v3
2020-07-29,deaths,0,0,0,0.02,0,0,Maintain Status Quo,Belize,BLZ,2020-07-04,v3
2020-07-29,hospital_demand,0,0,0,1.41,0,17.15,Maintain Status Quo,Belize,BLZ,2020-07-04,v3
2020-07-29,hospital_incidence,0,0,0,0.01,0,0,Maintain Status Quo,Belize,BLZ,2020-07-04,v3
2020-07-29,ICU_demand,0,0,0,0.26,0,3.57,Maintain Status Quo,Belize,BLZ,2020-07-04,v3
2020-07-29,ICU_incidence,0,0,0,0,0,0,Maintain Status Quo,Belize,BLZ,2020-07-04,v3
2020-07-29,infections,0,0,0,28.19,0,262.15,Maintain Status Quo,Belize,BLZ,2020-07-04,v3
2020-07-29,Rt,0.26,0.67,0.95,1.09,1.41,2.37,Maintain Status Quo,Belize,BLZ,2020-07-04,v3
2020-07-29,cumulative_infections,287.08,767.25,1586,2634.15,2371.5,12116.07,Relax Interventions 50%,Belize,BLZ,2020-07-04,v3
2020-07-29,deaths,0,0,0,0.2,0,0.52,Relax Interventions 50%,Belize,BLZ,2020-07-04,v3
2020-07-29,hospital_demand,0,0,0,4.85,0,42.82,Relax Interventions 50%,Belize,BLZ,2020-07-04,v3
2020-07-29,hospital_incidence,0,0,0,0.07,0,0,Relax Interventions 50%,Belize,BLZ,2020-07-04,v3
2020-07-29,ICU_demand,0,0,0,0.93,0,12.72,Relax Interventions 50%,Belize,BLZ,2020-07-04,v3
2020-07-29,ICU_incidence,0,0,0,0.01,0,0,Relax Interventions 50%,Belize,BLZ,2020-07-04,v3
2020-07-29,infections,0,0,0,171.51,0,1281.95,Relax Interventions 50%,Belize,BLZ,2020-07-04,v3
2020-07-29,Rt,0.39,1,1.42,1.64,2.12,3.56,Relax Interventions 50%,Belize,BLZ,2020-07-04,v3
2020-07-29,cumulative_infections,266.28,934.75,1382,1600.64,1906.5,4784.4,Surged Additional 50% Reduction,Belize,BLZ,2020-07-04,v3
2020-07-29,deaths,0,0,0,0.01,0,0,Surged Additional 50% Reduction,Belize,BLZ,2020-07-04,v3
2020-07-29,hospital_demand,0,0,0,0.06,0,0.52,Surged Additional 50% Reduction,Belize,BLZ,2020-07-04,v3
2020-07-29,hospital_incidence,0,0,0,0,0,0,Surged Additional 50% Reduction,Belize,BLZ,2020-07-04,v3
2020-07-29,ICU_demand,0,0,0,0,0,0,Surged Additional 50% Reduction,Belize,BLZ,2020-07-04,v3
2020-07-29,ICU_incidence,0,0,0,0,0,0,Surged Additional 50% Reduction,Belize,BLZ,2020-07-04,v3
2020-07-29,infections,0,0,0,0.26,0,3.15,Surged Additional 50% Reduction,Belize,BLZ,2020-07-04,v3
2020-07-29,Rt,0.1,0.29,0.44,0.51,0.71,1.13,Surged Additional 50% Reduction,Belize,BLZ,2020-07-04,v3
2020-07-29,cumulative_infections,266.28,934.75,1382,1636.86,1935,4792.95,Surged Maintain Status Quo,Belize,BLZ,2020-07-04,v3
2020-07-29,deaths,0,0,0,0,0,0,Surged Maintain Status Quo,Belize,BLZ,2020-07-04,v3
2020-07-29,hospital_demand,0,0,0,0.22,0,1.52,Surged Maintain Status Quo,Belize,BLZ,2020-07-04,v3
2020-07-29,hospital_incidence,0,0,0,0,0,0,Surged Maintain Status Quo,Belize,BLZ,2020-07-04,v3
2020-07-29,ICU_demand,0,0,0,0.08,0,1.05,Surged Maintain Status Quo,Belize,BLZ,2020-07-04,v3
2020-07-29,ICU_incidence,0,0,0,0,0,0,Surged Maintain Status Quo,Belize,BLZ,2020-07-04,v3
2020-07-29,infections,0,0,0,4.39,0,47.22,Surged Maintain Status Quo,Belize,BLZ,2020-07-04,v3
2020-07-29,Rt,0.2,0.58,0.88,1.03,1.43,2.26,Surged Maintain Status Quo,Belize,BLZ,2020-07-04,v3
2020-07-29,cumulative_infections,266.28,934.75,1384,1763.11,1941.75,5712.1,Surged Relax Interventions 50%,Belize,BLZ,2020-07-04,v3
2020-07-29,deaths,0,0,0,0,0,0,Surged Relax Interventions 50%,Belize,BLZ,2020-07-04,v3
2020-07-29,hospital_demand,0,0,0,1,0,12.25,Surged Relax Interventions 50%,Belize,BLZ,2020-07-04,v3
2020-07-29,hospital_incidence,0,0,0,0.01,0,0,Surged Relax Interventions 50%,Belize,BLZ,2020-07-04,v3
2020-07-29,ICU_demand,0,0,0,0.32,0,2,Surged Relax Interventions 50%,Belize,BLZ,2020-07-04,v3
2020-07-29,ICU_incidence,0,0,0,0.02,0,0,Surged Relax Interventions 50%,Belize,BLZ,2020-07-04,v3
2020-07-29,infections,0,0,0,25.19,0,241.32,Surged Relax Interventions 50%,Belize,BLZ,2020-07-04,v3
2020-07-29,Rt,0.29,0.87,1.32,1.54,2.14,3.39,Surged Relax Interventions 50%,Belize,BLZ,2020-07-04,v3
2020-07-30,cumulative_infections,287.08,767.25,1586,1687.19,2371.5,4438.35,Additional 50% Reduction,Belize,BLZ,2020-07-04,v3
2020-07-30,deaths,0,0,0,0.02,0,0,Additional 50% Reduction,Belize,BLZ,2020-07-04,v3
2020-07-30,hospital_demand,0,0,0,0.17,0,2.52,Additional 50% Reduction,Belize,BLZ,2020-07-04,v3
2020-07-30,hospital_incidence,0,0,0,0,0,0,Additional 50% Reduction,Belize,BLZ,2020-07-04,v3
2020-07-30,ICU_demand,0,0,0,0.11,0,2,Additional 50% Reduction,Belize,BLZ,2020-07-04,v3
2020-07-30,ICU_incidence,0,0,0,0,0,0,Additional 50% Reduction,Belize,BLZ,2020-07-04,v3
2020-07-30,infections,0,0,0,1.77,0,18.52,Additional 50% Reduction,Belize,BLZ,2020-07-04,v3
2020-07-30,Rt,0.13,0.33,0.47,0.55,0.71,1.19,Additional 50% Reduction,Belize,BLZ,2020-07-04,v3
2020-07-30,cumulative_infections,287.08,767.25,1586,1903.87,2371.5,5737.35,Maintain Status Quo,Belize,BLZ,2020-07-04,v3
2020-07-30,deaths,0,0,0,0.01,0,0,Maintain Status Quo,Belize,BLZ,2020-07-04,v3
2020-07-30,hospital_demand,0,0,0,1.62,0,22.2,Maintain Status Quo,Belize,BLZ,2020-07-04,v3
2020-07-30,hospital_incidence,0,0,0,0.01,0,0,Maintain Status Quo,Belize,BLZ,2020-07-04,v3
2020-07-30,ICU_demand,0,0,0,0.31,0,4.62,Maintain Status Quo,Belize,BLZ,2020-07-04,v3
2020-07-30,ICU_incidence,0,0,0,0.01,0,0,Maintain Status Quo,Belize,BLZ,2020-07-04,v3
2020-07-30,infections,0,0,0,31.55,0,246.2,Maintain Status Quo,Belize,BLZ,2020-07-04,v3
2020-07-30,Rt,0.26,0.67,0.95,1.09,1.41,2.37,Maintain Status Quo,Belize,BLZ,2020-07-04,v3
2020-07-30,cumulative_infections,287.08,767.25,1586,2832.76,2371.5,13597.1,Relax Interventions 50%,Belize,BLZ,2020-07-04,v3
2020-07-30,deaths,0,0,0,0.32,0,0.52,Relax Interventions 50%,Belize,BLZ,2020-07-04,v3
2020-07-30,hospital_demand,0,0,0,5.87,0,47.55,Relax Interventions 50%,Belize,BLZ,2020-07-04,v3
2020-07-30,hospital_incidence,0,0,0,0.12,0,2,Relax Interventions 50%,Belize,BLZ,2020-07-04,v3
2020-07-30,ICU_demand,0,0,0,0.96,0,16.72,Relax Interventions 50%,Belize,BLZ,2020-07-04,v3
2020-07-30,ICU_incidence,0,0,0,0.02,0,0,Relax Interventions 50%,Belize,BLZ,2020-07-04,v3
2020-07-30,infections,0,0,0,198.61,0,1481.02,Relax Interventions 50%,Belize,BLZ,2020-07-04,v3
2020-07-30,Rt,0.39,1,1.42,1.64,2.12,3.56,Relax Interventions 50%,Belize,BLZ,2020-07-04,v3
2020-07-30,cumulative_infections,266.28,934.75,1382,1600.95,1906.5,4784.4,Surged Additional 50% Reduction,Belize,BLZ,2020-07-04,v3
2020-07-30,deaths,0,0,0,0,0,0,Surged Additional 50% Reduction,Belize,BLZ,2020-07-04,v3
2020-07-30,hospital_demand,0,0,0,0.06,0,0.52,Surged Additional 50% Reduction,Belize,BLZ,2020-07-04,v3
2020-07-30,hospital_incidence,0,0,0,0,0,0,Surged Additional 50% Reduction,Belize,BLZ,2020-07-04,v3
2020-07-30,ICU_demand,0,0,0,0,0,0,Surged Additional 50% Reduction,Belize,BLZ,2020-07-04,v3
2020-07-30,ICU_incidence,0,0,0,0,0,0,Surged Additional 50% Reduction,Belize,BLZ,2020-07-04,v3
2020-07-30,infections,0,0,0,0.31,0,4.05,Surged Additional 50% Reduction,Belize,BLZ,2020-07-04,v3
2020-07-30,Rt,0.1,0.29,0.44,0.51,0.71,1.13,Surged Additional 50% Reduction,Belize,BLZ,2020-07-04,v3
2020-07-30,cumulative_infections,266.28,934.75,1382,1641.34,1935.25,4842.6,Surged Maintain Status Quo,Belize,BLZ,2020-07-04,v3
2020-07-30,deaths,0,0,0,0.01,0,0,Surged Maintain Status Quo,Belize,BLZ,2020-07-04,v3
2020-07-30,hospital_demand,0,0,0,0.24,0,2,Surged Maintain Status Quo,Belize,BLZ,2020-07-04,v3
2020-07-30,hospital_incidence,0,0,0,0,0,0,Surged Maintain Status Quo,Belize,BLZ,2020-07-04,v3
2020-07-30,ICU_demand,0,0,0,0.07,0,1.05,Surged Maintain Status Quo,Belize,BLZ,2020-07-04,v3
2020-07-30,ICU_incidence,0,0,0,0,0,0,Surged Maintain Status Quo,Belize,BLZ,2020-07-04,v3
2020-07-30,infections,0,0,0,4.48,0,48.9,Surged Maintain Status Quo,Belize,BLZ,2020-07-04,v3
2020-07-30,Rt,0.2,0.58,0.88,1.03,1.43,2.26,Surged Maintain Status Quo,Belize,BLZ,2020-07-04,v3
2020-07-30,cumulative_infections,266.28,934.75,1384.5,1791.74,1941.75,5712.1,Surged Relax Interventions 50%,Belize,BLZ,2020-07-04,v3
2020-07-30,deaths,0,0,0,0.03,0,0.52,Surged Relax Interventions 50%,Belize,BLZ,2020-07-04,v3
2020-07-30,hospital_demand,0,0,0,1.07,0,14.25,Surged Relax Interventions 50%,Belize,BLZ,2020-07-04,v3
2020-07-30,hospital_incidence,0,0,0,0.03,0,0,Surged Relax Interventions 50%,Belize,BLZ,2020-07-04,v3
2020-07-30,ICU_demand,0,0,0,0.39,0,2.05,Surged Relax Interventions 50%,Belize,BLZ,2020-07-04,v3
2020-07-30,ICU_incidence,0,0,0,0.01,0,0,Surged Relax Interventions 50%,Belize,BLZ,2020-07-04,v3
2020-07-30,infections,0,0,0,28.63,0,263.72,Surged Relax Interventions 50%,Belize,BLZ,2020-07-04,v3
2020-07-30,Rt,0.29,0.87,1.32,1.54,2.14,3.39,Surged Relax Interventions 50%,Belize,BLZ,2020-07-04,v3
2020-07-31,cumulative_infections,287.08,767.25,1586,1688.72,2371.5,4438.35,Additional 50% Reduction,Belize,BLZ,2020-07-04,v3
2020-07-31,deaths,0,0,0,0,0,0,Additional 50% Reduction,Belize,BLZ,2020-07-04,v3
2020-07-31,hospital_demand,0,0,0,0.18,0,3,Additional 50% Reduction,Belize,BLZ,2020-07-04,v3
2020-07-31,hospital_incidence,0,0,0,0,0,0,Additional 50% Reduction,Belize,BLZ,2020-07-04,v3
2020-07-31,ICU_demand,0,0,0,0.11,0,2,Additional 50% Reduction,Belize,BLZ,2020-07-04,v3
2020-07-31,ICU_incidence,0,0,0,0,0,0,Additional 50% Reduction,Belize,BLZ,2020-07-04,v3
2020-07-31,infections,0,0,0,1.53,0,11.52,Additional 50% Reduction,Belize,BLZ,2020-07-04,v3
2020-07-31,Rt,0.13,0.33,0.47,0.55,0.71,1.19,Additional 50% Reduction,Belize,BLZ,2020-07-04,v3
2020-07-31,cumulative_infections,287.08,767.25,1586,1939.18,2371.5,5900.62,Maintain Status Quo,Belize,BLZ,2020-07-04,v3
2020-07-31,deaths,0,0,0,0,0,0,Maintain Status Quo,Belize,BLZ,2020-07-04,v3
2020-07-31,hospital_demand,0,0,0,1.88,0,25.57,Maintain Status Quo,Belize,BLZ,2020-07-04,v3
2020-07-31,hospital_incidence,0,0,0,0.02,0,0,Maintain Status Quo,Belize,BLZ,2020-07-04,v3
2020-07-31,ICU_demand,0,0,0,0.33,0,5.15,Maintain Status Quo,Belize,BLZ,2020-07-04,v3
2020-07-31,ICU_incidence,0,0,0,0,0,0,Maintain Status Quo,Belize,BLZ,2020-07-04,v3
2020-07-31,infections,0,0,0,35.31,0,267.77,Maintain Status Quo,Belize,BLZ,2020-07-04,v3
2020-07-31,Rt,0.26,0.67,0.95,1.09,1.41,2.37,Maintain Status Quo,Belize,BLZ,2020-07-04,v3
2020-07-31,cumulative_infections,287.08,767.25,1586,3065.4,2371.5,15339.95,Relax Interventions 50%,Belize,BLZ,2020-07-04,v3
2020-07-31,deaths,0,0,0,0.42,0,2.57,Relax Interventions 50%,Belize,BLZ,2020-07-04,v3
2020-07-31,hospital_demand,0,0,0,6.91,0,53.75,Relax Interventions 50%,Belize,BLZ,2020-07-04,v3
2020-07-31,hospital_incidence,0,0,0,0.16,0,1.05,Relax Interventions 50%,Belize,BLZ,2020-07-04,v3
2020-07-31,ICU_demand,0,0,0,1.05,0,17.62,Relax Interventions 50%,Belize,BLZ,2020-07-04,v3
2020-07-31,ICU_incidence,0,0,0,0.04,0,0,Relax Interventions 50%,Belize,BLZ,2020-07-04,v3
2020-07-31,infections,0,0,0,232.64,0,1742.85,Relax Interventions 50%,Belize,BLZ,2020-07-04,v3
2020-07-31,Rt,0.39,1,1.42,1.64,2.12,3.56,Relax Interventions 50%,Belize,BLZ,2020-07-04,v3
2020-07-31,cumulative_infections,266.28,934.75,1382,1601.27,1906.5,4784.4,Surged Additional 50% Reduction,Belize,BLZ,2020-07-04,v3
2020-07-31,deaths,0,0,0,0,0,0,Surged Additional 50% Reduction,Belize,BLZ,2020-07-04,v3
2020-07-31,hospital_demand,0,0,0,0.05,0,0,Surged Additional 50% Reduction,Belize,BLZ,2020-07-04,v3
2020-07-31,hospital_incidence,0,0,0,0,0,0,Surged Additional 50% Reduction,Belize,BLZ,2020-07-04,v3
2020-07-31,ICU_demand,0,0,0,0,0,0,Surged Additional 50% Reduction,Belize,BLZ,2020-07-04,v3
2020-07-31,ICU_incidence,0,0,0,0,0,0,Surged Additional 50% Reduction,Belize,BLZ,2020-07-04,v3
2020-07-31,infections,0,0,0,0.32,0,4.67,Surged Additional 50% Reduction,Belize,BLZ,2020-07-04,v3
2020-07-31,Rt,0.1,0.29,0.44,0.51,0.71,1.13,Surged Additional 50% Reduction,Belize,BLZ,2020-07-04,v3
2020-07-31,cumulative_infections,266.28,934.75,1382,1646.6,1935.5,4898.77,Surged Maintain Status Quo,Belize,BLZ,2020-07-04,v3
2020-07-31,deaths,0,0,0,0,0,0,Surged Maintain Status Quo,Belize,BLZ,2020-07-04,v3
2020-07-31,hospital_demand,0,0,0,0.25,0,2.05,Surged Maintain Status Quo,Belize,BLZ,2020-07-04,v3
2020-07-31,hospital_incidence,0,0,0,0,0,0,Surged Maintain Status Quo,Belize,BLZ,2020-07-04,v3
2020-07-31,ICU_demand,0,0,0,0.09,0,1.05,Surged Maintain Status Quo,Belize,BLZ,2020-07-04,v3
2020-07-31,ICU_incidence,0,0,0,0,0,0,Surged Maintain Status Quo,Belize,BLZ,2020-07-04,v3
2020-07-31,infections,0,0,0,5.26,0,49.65,Surged Maintain Status Quo,Belize,BLZ,2020-07-04,v3
2020-07-31,Rt,0.2,0.58,0.88,1.03,1.43,2.26,Surged Maintain Status Quo,Belize,BLZ,2020-07-04,v3
2020-07-31,cumulative_infections,266.28,934.75,1386,1825.12,1941.75,5712.1,Surged Relax Interventions 50%,Belize,BLZ,2020-07-04,v3
2020-07-31,deaths,0,0,0,0.04,0,0,Surged Relax Interventions 50%,Belize,BLZ,2020-07-04,v3
2020-07-31,hospital_demand,0,0,0,1.21,0,13.2,Surged Relax Interventions 50%,Belize,BLZ,2020-07-04,v3
2020-07-31,hospital_incidence,0,0,0,0.01,0,0,Surged Relax Interventions 50%,Belize,BLZ,2020-07-04,v3
2020-07-31,ICU_demand,0,0,0,0.44,0,2.05,Surged Relax Interventions 50%,Belize,BLZ,2020-07-04,v3
2020-07-31,ICU_incidence,0,0,0,0,0,0,Surged Relax Interventions 50%,Belize,BLZ,2020-07-04,v3
2020-07-31,infections,0,0,0,33.38,0,282.95,Surged Relax Interventions 50%,Belize,BLZ,2020-07-04,v3
2020-07-31,Rt,0.29,0.87,1.32,1.54,2.14,3.39,Surged Relax Interventions 50%,Belize,BLZ,2020-07-04,v3
2020-08-01,cumulative_infections,287.08,767.25,1586,1690.14,2371.5,4438.35,Additional 50% Reduction,Belize,BLZ,2020-07-04,v3
2020-08-01,deaths,0,0,0,0,0,0,Additional 50% Reduction,Belize,BLZ,2020-07-04,v3
2020-08-01,hospital_demand,0,0,0,0.19,0,2.52,Additional 50% Reduction,Belize,BLZ,2020-07-04,v3
2020-08-01,hospital_incidence,0,0,0,0,0,0,Additional 50% Reduction,Belize,BLZ,2020-07-04,v3
2020-08-01,ICU_demand,0,0,0,0.1,0,2,Additional 50% Reduction,Belize,BLZ,2020-07-04,v3
2020-08-01,ICU_incidence,0,0,0,0,0,0,Additional 50% Reduction,Belize,BLZ,2020-07-04,v3
2020-08-01,infections,0,0,0,1.42,0,17.1,Additional 50% Reduction,Belize,BLZ,2020-07-04,v3
2020-08-01,Rt,0.13,0.33,0.47,0.55,0.71,1.19,Additional 50% Reduction,Belize,BLZ,2020-07-04,v3
2020-08-01,cumulative_infections,287.08,767.25,1586,1979.62,2371.5,6192.57,Maintain Status Quo,Belize,BLZ,2020-07-04,v3
2020-08-01,deaths,0,0,0,0,0,0,Maintain Status Quo,Belize,BLZ,2020-07-04,v3
2020-08-01,hospital_demand,0,0,0,2.09,0,23.57,Maintain Status Quo,Belize,BLZ,2020-07-04,v3
2020-08-01,hospital_incidence,0,0,0,0.02,0,0,Maintain Status Quo,Belize,BLZ,2020-07-04,v3
2020-08-01,ICU_demand,0,0,0,0.43,0,5.62,Maintain Status Quo,Belize,BLZ,2020-07-04,v3
2020-08-01,ICU_incidence,0,0,0,0,0,0,Maintain Status Quo,Belize,BLZ,2020-07-04,v3
2020-08-01,infections,0,0,0,40.44,0,313.32,Maintain Status Quo,Belize,BLZ,2020-07-04,v3
2020-08-01,Rt,0.26,0.67,0.95,1.09,1.41,2.37,Maintain Status Quo,Belize,BLZ,2020-07-04,v3
2020-08-01,cumulative_infections,287.08,767.25,1586,3328.77,2371.5,17263.7,Relax Interventions 50%,Belize,BLZ,2020-07-04,v3
2020-08-01,deaths,0,0,0,0.43,0,4.2,Relax Interventions 50%,Belize,BLZ,2020-07-04,v3
2020-08-01,hospital_demand,0,0,0,8.39,0,61.85,Relax Interventions 50%,Belize,BLZ,2020-07-04,v3
2020-08-01,hospital_incidence,0,0,0,0.1,0,0,Relax Interventions 50%,Belize,BLZ,2020-07-04,v3
2020-08-01,ICU_demand,0,0,0,1.2,0,19.1,Relax Interventions 50%,Belize,BLZ,2020-07-04,v3
2020-08-01,ICU_incidence,0,0,0,0.02,0,0,Relax Interventions 50%,Belize,BLZ,2020-07-04,v3
2020-08-01,infections,0,0,0,263.37,0,1923.75,Relax Interventions 50%,Belize,BLZ,2020-07-04,v3
2020-08-01,Rt,0.39,1,1.42,1.64,2.12,3.56,Relax Interventions 50%,Belize,BLZ,2020-07-04,v3
2020-08-01,cumulative_infections,266.28,934.75,1382,1601.55,1906.5,4784.4,Surged Additional 50% Reduction,Belize,BLZ,2020-07-04,v3
2020-08-01,deaths,0,0,0,0,0,0,Surged Additional 50% Reduction,Belize,BLZ,2020-07-04,v3
2020-08-01,hospital_demand,0,0,0,0.05,0,0,Surged Additional 50% Reduction,Belize,BLZ,2020-07-04,v3
2020-08-01,hospital_incidence,0,0,0,0,0,0,Surged Additional 50% Reduction,Belize,BLZ,2020-07-04,v3
2020-08-01,ICU_demand,0,0,0,0,0,0,Surged Additional 50% Reduction,Belize,BLZ,2020-07-04,v3
2020-08-01,ICU_incidence,0,0,0,0,0,0,Surged Additional 50% Reduction,Belize,BLZ,2020-07-04,v3
2020-08-01,infections,0,0,0,0.28,0,3.1,Surged Additional 50% Reduction,Belize,BLZ,2020-07-04,v3
2020-08-01,Rt,0.1,0.29,0.44,0.51,0.71,1.13,Surged Additional 50% Reduction,Belize,BLZ,2020-07-04,v3
2020-08-01,cumulative_infections,266.28,934.75,1382,1651.52,1935.75,4958.62,Surged Maintain Status Quo,Belize,BLZ,2020-07-04,v3
2020-08-01,deaths,0,0,0,0,0,0,Surged Maintain Status Quo,Belize,BLZ,2020-07-04,v3
2020-08-01,hospital_demand,0,0,0,0.27,0,2.52,Surged Maintain Status Quo,Belize,BLZ,2020-07-04,v3
2020-08-01,hospital_incidence,0,0,0,0,0,0,Surged Maintain Status Quo,Belize,BLZ,2020-07-04,v3
2020-08-01,ICU_demand,0,0,0,0.1,0,1.05,Surged Maintain Status Quo,Belize,BLZ,2020-07-04,v3
2020-08-01,ICU_incidence,0,0,0,0,0,0,Surged Maintain Status Quo,Belize,BLZ,2020-07-04,v3
2020-08-01,infections,0,0,0,4.92,0,36.25,Surged Maintain Status Quo,Belize,BLZ,2020-07-04,v3
2020-08-01,Rt,0.2,0.58,0.88,1.03,1.43,2.26,Surged Maintain Status Quo,Belize,BLZ,2020-07-04,v3
2020-08-01,cumulative_infections,266.28,934.75,1386,1864.21,1941.75,5805.2,Surged Relax Interventions 50%,Belize,BLZ,2020-07-04,v3
2020-08-01,deaths,0,0,0,0.03,0,0,Surged Relax Interventions 50%,Belize,BLZ,2020-07-04,v3
2020-08-01,hospital_demand,0,0,0,1.43,0,17.15,Surged Relax Interventions 50%,Belize,BLZ,2020-07-04,v3
2020-08-01,hospital_incidence,0,0,0,0.02,0,0,Surged Relax Interventions 50%,Belize,BLZ,2020-07-04,v3
2020-08-01,ICU_demand,0,0,0,0.47,0,3.05,Surged Relax Interventions 50%,Belize,BLZ,2020-07-04,v3
2020-08-01,ICU_incidence,0,0,0,0.01,0,0,Surged Relax Interventions 50%,Belize,BLZ,2020-07-04,v3
2020-08-01,infections,0,0,0,39.09,0,355.67,Surged Relax Interventions 50%,Belize,BLZ,2020-07-04,v3
2020-08-01,Rt,0.29,0.87,1.32,1.54,2.14,3.39,Surged Relax Interventions 50%,Belize,BLZ,2020-07-04,v3
2020-08-02,cumulative_infections,287.08,767.25,1586,1692.12,2371.5,4438.35,Additional 50% Reduction,Belize,BLZ,2020-07-04,v3
2020-08-02,deaths,0,0,0,0.01,0,0,Additional 50% Reduction,Belize,BLZ,2020-07-04,v3
2020-08-02,hospital_demand,0,0,0,0.17,0,2.52,Additional 50% Reduction,Belize,BLZ,2020-07-04,v3
2020-08-02,hospital_incidence,0,0,0,0,0,0,Additional 50% Reduction,Belize,BLZ,2020-07-04,v3
2020-08-02,ICU_demand,0,0,0,0.09,0,1.52,Additional 50% Reduction,Belize,BLZ,2020-07-04,v3
2020-08-02,ICU_incidence,0,0,0,0,0,0,Additional 50% Reduction,Belize,BLZ,2020-07-04,v3
2020-08-02,infections,0,0,0,1.98,0,22.82,Additional 50% Reduction,Belize,BLZ,2020-07-04,v3
2020-08-02,Rt,0.13,0.33,0.47,0.55,0.71,1.19,Additional 50% Reduction,Belize,BLZ,2020-07-04,v3
2020-08-02,cumulative_infections,287.08,767.25,1586,2025.34,2371.5,6495.75,Maintain Status Quo,Belize,BLZ,2020-07-04,v3
2020-08-02,deaths,0,0,0,0.06,0,0,Maintain Status Quo,Belize,BLZ,2020-07-04,v3
2020-08-02,hospital_demand,0,0,0,2.25,0,24.1,Maintain Status Quo,Belize,BLZ,2020-07-04,v3
2020-08-02,hospital_incidence,0,0,0,0.02,0,0,Maintain Status Quo,Belize,BLZ,2020-07-04,v3
2020-08-02,ICU_demand,0,0,0,0.49,0,6.1,Maintain Status Quo,Belize,BLZ,2020-07-04,v3
2020-08-02,ICU_incidence,0,0,0,0,0,0,Maintain Status Quo,Belize,BLZ,2020-07-04,v3
2020-08-02,infections,0,0,0,45.72,0,303.17,Maintain Status Quo,Belize,BLZ,2020-07-04,v3
2020-08-02,Rt,0.26,0.67,0.95,1.09,1.41,2.37,Maintain Status Quo,Belize,BLZ,2020-07-04,v3
2020-08-02,cumulative_infections,287.08,767.25,1586,3622.26,2371.5,19446.52,Relax Interventions 50%,Belize,BLZ,2020-07-04,v3
2020-08-02,deaths,0,0,0,0.52,0,2.05,Relax Interventions 50%,Belize,BLZ,2020-07-04,v3
2020-08-02,hospital_demand,0,0,0,10.21,0,78.15,Relax Interventions 50%,Belize,BLZ,2020-07-04,v3
2020-08-02,hospital_incidence,0,0,0,0.12,0,1,Relax Interventions 50%,Belize,BLZ,2020-07-04,v3
2020-08-02,ICU_demand,0,0,0,1.2,0,21.52,Relax Interventions 50%,Belize,BLZ,2020-07-04,v3
2020-08-02,ICU_incidence,0,0,0,0.02,0,0,Relax Interventions 50%,Belize,BLZ,2020-07-04,v3
2020-08-02,infections,0,0,0,293.49,0,2182.82,Relax Interventions 50%,Belize,BLZ,2020-07-04,v3
2020-08-02,Rt,0.39,1,1.42,1.64,2.12,3.56,Relax Interventions 50%,Belize,BLZ,2020-07-04,v3
2020-08-02,cumulative_infections,266.28,934.75,1382,1601.77,1906.5,4784.4,Surged Additional 50% Reduction,Belize,BLZ,2020-07-04,v3
2020-08-02,deaths,0,0,0,0,0,0,Surged Additional 50% Reduction,Belize,BLZ,2020-07-04,v3
2020-08-02,hospital_demand,0,0,0,0.05,0,0,Surged Additional 50% Reduction,Belize,BLZ,2020-07-04,v3
2020-08-02,hospital_incidence,0,0,0,0,0,0,Surged Additional 50% Reduction,Belize,BLZ,2020-07-04,v3
2020-08-02,ICU_demand,0,0,0,0.01,0,0,Surged Additional 50% Reduction,Belize,BLZ,2020-07-04,v3
2020-08-02,ICU_incidence,0,0,0,0,0,0,Surged Additional 50% Reduction,Belize,BLZ,2020-07-04,v3
2020-08-02,infections,0,0,0,0.22,0,2.05,Surged Additional 50% Reduction,Belize,BLZ,2020-07-04,v3
2020-08-02,Rt,0.1,0.29,0.44,0.51,0.71,1.13,Surged Additional 50% Reduction,Belize,BLZ,2020-07-04,v3
2020-08-02,cumulative_infections,266.28,934.75,1382,1657.77,1936,5060.9,Surged Maintain Status Quo,Belize,BLZ,2020-07-04,v3
2020-08-02,deaths,0,0,0,0,0,0,Surged Maintain Status Quo,Belize,BLZ,2020-07-04,v3
2020-08-02,hospital_demand,0,0,0,0.31,0,3,Surged Maintain Status Quo,Belize,BLZ,2020-07-04,v3
2020-08-02,hospital_incidence,0,0,0,0.01,0,0,Surged Maintain Status Quo,Belize,BLZ,2020-07-04,v3
2020-08-02,ICU_demand,0,0,0,0.11,0,1.05,Surged Maintain Status Quo,Belize,BLZ,2020-07-04,v3
2020-08-02,ICU_incidence,0,0,0,0,0,0,Surged Maintain Status Quo,Belize,BLZ,2020-07-04,v3
2020-08-02,infections,0,0,0,6.25,0,64.82,Surged Maintain Status Quo,Belize,BLZ,2020-07-04,v3
2020-08-02,Rt,0.2,0.58,0.88,1.03,1.43,2.26,Surged Maintain Status Quo,Belize,BLZ,2020-07-04,v3
2020-08-02,cumulative_infections,266.28,934.75,1388,1908.86,1941.75,5989.77,Surged Relax Interventions 50%,Belize,BLZ,2020-07-04,v3
2020-08-02,deaths,0,0,0,0.03,0,0,Surged Relax Interventions 50%,Belize,BLZ,2020-07-04,v3
2020-08-02,hospital_demand,0,0,0,1.79,0,21.2,Surged Relax Interventions 50%,Belize,BLZ,2020-07-04,v3
2020-08-02,hospital_incidence,0,0,0,0.03,0,0,Surged Relax Interventions 50%,Belize,BLZ,2020-07-04,v3
2020-08-02,ICU_demand,0,0,0,0.58,0,4.62,Surged Relax Interventions 50%,Belize,BLZ,2020-07-04,v3
2020-08-02,ICU_incidence,0,0,0,0,0,0,Surged Relax Interventions 50%,Belize,BLZ,2020-07-04,v3
2020-08-02,infections,0,0,0,44.65,0,392.12,Surged Relax Interventions 50%,Belize,BLZ,2020-07-04,v3
2020-08-02,Rt,0.29,0.87,1.32,1.54,2.14,3.39,Surged Relax Interventions 50%,Belize,BLZ,2020-07-04,v3
2020-08-03,cumulative_infections,287.08,767.25,1586,1694.05,2371.5,4438.35,Additional 50% Reduction,Belize,BLZ,2020-07-04,v3
2020-08-03,deaths,0,0,0,0,0,0,Additional 50% Reduction,Belize,BLZ,2020-07-04,v3
2020-08-03,hospital_demand,0,0,0,0.17,0,2.52,Additional 50% Reduction,Belize,BLZ,2020-07-04,v3
2020-08-03,hospital_incidence,0,0,0,0,0,0,Additional 50% Reduction,Belize,BLZ,2020-07-04,v3
2020-08-03,ICU_demand,0,0,0,0.09,0,1.52,Additional 50% Reduction,Belize,BLZ,2020-07-04,v3
2020-08-03,ICU_incidence,0,0,0,0,0,0,Additional 50% Reduction,Belize,BLZ,2020-07-04,v3
2020-08-03,infections,0,0,0,1.93,0,16,Additional 50% Reduction,Belize,BLZ,2020-07-04,v3
2020-08-03,Rt,0.13,0.33,0.47,0.55,0.71,1.19,Additional 50% Reduction,Belize,BLZ,2020-07-04,v3
2020-08-03,cumulative_infections,287.08,767.25,1586,2075.44,2371.5,6795.95,Maintain Status Quo,Belize,BLZ,2020-07-04,v3
2020-08-03,deaths,0,0,0,0.08,0,0,Maintain Status Quo,Belize,BLZ,2020-07-04,v3
2020-08-03,hospital_demand,0,0,0,2.63,0,24.15,Maintain Status Quo,Belize,BLZ,2020-07-04,v3
2020-08-03,hospital_incidence,0,0,0,0.01,0,0,Maintain Status Quo,Belize,BLZ,2020-07-04,v3
2020-08-03,ICU_demand,0,0,0,0.46,0,6.05,Maintain Status Quo,Belize,BLZ,2020-07-04,v3
2020-08-03,ICU_incidence,0,0,0,0,0,0,Maintain Status Quo,Belize,BLZ,2020-07-04,v3
2020-08-03,infections,0,0,0,50.1,0,300.2,Maintain Status Quo,Belize,BLZ,2020-07-04,v3
2020-08-03,Rt,0.26,0.67,0.95,1.09,1.41,2.37,Maintain Status Quo,Belize,BLZ,2020-07-04,v3
2020-08-03,cumulative_infections,287.08,767.25,1586,3946.37,2371.5,21875.67,Relax Interventions 50%,Belize,BLZ,2020-07-04,v3
2020-08-03,deaths,0,0,0,0.6,0,4.52,Relax Interventions 50%,Belize,BLZ,2020-07-04,v3
2020-08-03,hospital_demand,0,0,0,12.01,0,94.35,Relax Interventions 50%,Belize,BLZ,2020-07-04,v3
2020-08-03,hospital_incidence,0,0,0,0.16,0,1.05,Relax Interventions 50%,Belize,BLZ,2020-07-04,v3
2020-08-03,ICU_demand,0,0,0,1.28,0,19,Relax Interventions 50%,Belize,BLZ,2020-07-04,v3
2020-08-03,ICU_incidence,0,0,0,0.07,0,0.52,Relax Interventions 50%,Belize,BLZ,2020-07-04,v3
2020-08-03,infections,0,0,0,324.11,0,2429.15,Relax Interventions 50%,Belize,BLZ,2020-07-04,v3
2020-08-03,Rt,0.39,1,1.42,1.64,2.12,3.56,Relax Interventions 50%,Belize,BLZ,2020-07-04,v3
2020-08-03,cumulative_infections,266.28,934.75,1382,1602.02,1906.5,4784.4,Surged Additional 50% Reduction,Belize,BLZ,2020-07-04,v3
2020-08-03,deaths,0,0,0,0,0,0,Surged Additional 50% Reduction,Belize,BLZ,2020-07-04,v3
2020-08-03,hospital_demand,0,0,0,0.04,0,0,Surged Additional 50% Reduction,Belize,BLZ,2020-07-04,v3
2020-08-03,hospital_incidence,0,0,0,0,0,0,Surged Additional 50% Reduction,Belize,BLZ,2020-07-04,v3
2020-08-03,ICU_demand,0,0,0,0.01,0,0,Surged Additional 50% Reduction,Belize,BLZ,2020-07-04,v3
2020-08-03,ICU_incidence,0,0,0,0,0,0,Surged Additional 50% Reduction,Belize,BLZ,2020-07-04,v3
2020-08-03,infections,0,0,0,0.25,0,2.62,Surged Additional 50% Reduction,Belize,BLZ,2020-07-04,v3
2020-08-03,Rt,0.1,0.29,0.44,0.51,0.71,1.13,Surged Additional 50% Reduction,Belize,BLZ,2020-07-04,v3
2020-08-03,cumulative_infections,266.28,934.75,1382,1664.2,1936,5327.17,Surged Maintain Status Quo,Belize,BLZ,2020-07-04,v3
2020-08-03,deaths,0,0,0,0.01,0,0,Surged Maintain Status Quo,Belize,BLZ,2020-07-04,v3
2020-08-03,hospital_demand,0,0,0,0.34,0,3.52,Surged Maintain Status Quo,Belize,BLZ,2020-07-04,v3
2020-08-03,hospital_incidence,0,0,0,0.01,0,0,Surged Maintain Status Quo,Belize,BLZ,2020-07-04,v3
2020-08-03,ICU_demand,0,0,0,0.14,0,1.57,Surged Maintain Status Quo,Belize,BLZ,2020-07-04,v3
2020-08-03,ICU_incidence,0,0,0,0,0,0,Surged Maintain Status Quo,Belize,BLZ,2020-07-04,v3
2020-08-03,infections,0,0,0,6.43,0,50.7,Surged Maintain Status Quo,Belize,BLZ,2020-07-04,v3
2020-08-03,Rt,0.2,0.58,0.88,1.03,1.43,2.26,Surged Maintain Status Quo,Belize,BLZ,2020-07-04,v3
2020-08-03,cumulative_infections,266.28,934.75,1389.5,1960.88,1941.75,6440.12,Surged Relax Interventions 50%,Belize,BLZ,2020-07-04,v3
2020-08-03,deaths,0,0,0,0.04,0,0,Surged Relax Interventions 50%,Belize,BLZ,2020-07-04,v3
2020-08-03,hospital_demand,0,0,0,2,0,22.52,Surged Relax Interventions 50%,Belize,BLZ,2020-07-04,v3
2020-08-03,hospital_incidence,0,0,0,0.01,0,0,Surged Relax Interventions 50%,Belize,BLZ,2020-07-04,v3
2020-08-03,ICU_demand,0,0,0,0.65,0,5.15,Surged Relax Interventions 50%,Belize,BLZ,2020-07-04,v3
2020-08-03,ICU_incidence,0,0,0,0,0,0,Surged Relax Interventions 50%,Belize,BLZ,2020-07-04,v3
2020-08-03,infections,0,0,0,52.02,0,463.1,Surged Relax Interventions 50%,Belize,BLZ,2020-07-04,v3
2020-08-03,Rt,0.29,0.87,1.32,1.54,2.14,3.39,Surged Relax Interventions 50%,Belize,BLZ,2020-07-04,v3
2020-08-04,cumulative_infections,287.08,767.25,1586,1696.25,2371.5,4456.87,Additional 50% Reduction,Belize,BLZ,2020-07-04,v3
2020-08-04,deaths,0,0,0,0.01,0,0,Additional 50% Reduction,Belize,BLZ,2020-07-04,v3
2020-08-04,hospital_demand,0,0,0,0.19,0,2,Additional 50% Reduction,Belize,BLZ,2020-07-04,v3
2020-08-04,hospital_incidence,0,0,0,0,0,0,Additional 50% Reduction,Belize,BLZ,2020-07-04,v3
2020-08-04,ICU_demand,0,0,0,0.07,0,1,Additional 50% Reduction,Belize,BLZ,2020-07-04,v3
2020-08-04,ICU_incidence,0,0,0,0,0,0,Additional 50% Reduction,Belize,BLZ,2020-07-04,v3
2020-08-04,infections,0,0,0,2.2,0,17.52,Additional 50% Reduction,Belize,BLZ,2020-07-04,v3
2020-08-04,Rt,0.13,0.33,0.47,0.55,0.71,1.19,Additional 50% Reduction,Belize,BLZ,2020-07-04,v3
2020-08-04,cumulative_infections,287.08,767.25,1586,2131.9,2371.5,7133.42,Maintain Status Quo,Belize,BLZ,2020-07-04,v3
2020-08-04,deaths,0,0,0,0.09,0,0,Maintain Status Quo,Belize,BLZ,2020-07-04,v3
2020-08-04,hospital_demand,0,0,0,2.75,0,23.05,Maintain Status Quo,Belize,BLZ,2020-07-04,v3
2020-08-04,hospital_incidence,0,0,0,0.02,0,0,Maintain Status Quo,Belize,BLZ,2020-07-04,v3
2020-08-04,ICU_demand,0,0,0,0.57,0,7.1,Maintain Status Quo,Belize,BLZ,2020-07-04,v3
2020-08-04,ICU_incidence,0,0,0,0,0,0,Maintain Status Quo,Belize,BLZ,2020-07-04,v3
2020-08-04,infections,0,0,0,56.46,0,337.47,Maintain Status Quo,Belize,BLZ,2020-07-04,v3
2020-08-04,Rt,0.26,0.67,0.95,1.09,1.41,2.37,Maintain Status Quo,Belize,BLZ,2020-07-04,v3
2020-08-04,cumulative_infections,287.08,767.25,1586,4297.82,2371.5,24576.95,Relax Interventions 50%,Belize,BLZ,2020-07-04,v3
2020-08-04,deaths,0,0,0,0.77,0,7.05,Relax Interventions 50%,Belize,BLZ,2020-07-04,v3
2020-08-04,hospital_demand,0,0,0,14.42,0,118.12,Relax Interventions 50%,Belize,BLZ,2020-07-04,v3
2020-08-04,hospital_incidence,0,0,0,0.17,0,2.52,Relax Interventions 50%,Belize,BLZ,2020-07-04,v3
2020-08-04,ICU_demand,0,0,0,1.58,0,19.62,Relax Interventions 50%,Belize,BLZ,2020-07-04,v3
2020-08-04,ICU_incidence,0,0,0,0.03,0,0,Relax Interventions 50%,Belize,BLZ,2020-07-04,v3
2020-08-04,infections,0,0,0,351.45,0,2701.27,Relax Interventions 50%,Belize,BLZ,2020-07-04,v3
2020-08-04,Rt,0.39,1,1.42,1.64,2.12,3.56,Relax Interventions 50%,Belize,BLZ,2020-07-04,v3
2020-08-04,cumulative_infections,266.28,934.75,1382,1602.22,1906.5,4784.4,Surged Additional 50% Reduction,Belize,BLZ,2020-07-04,v3
2020-08-04,deaths,0,0,0,0,0,0,Surged Additional 50% Reduction,Belize,BLZ,2020-07-04,v3
2020-08-04,hospital_demand,0,0,0,0.04,0,0,Surged Additional 50% Reduction,Belize,BLZ,2020-07-04,v3
2020-08-04,hospital_incidence,0,0,0,0,0,0,Surged Additional 50% Reduction,Belize,BLZ,2020-07-04,v3
2020-08-04,ICU_demand,0,0,0,0.01,0,0,Surged Additional 50% Reduction,Belize,BLZ,2020-07-04,v3
2020-08-04,ICU_incidence,0,0,0,0,0,0,Surged Additional 50% Reduction,Belize,BLZ,2020-07-04,v3
2020-08-04,infections,0,0,0,0.2,0,1.52,Surged Additional 50% Reduction,Belize,BLZ,2020-07-04,v3
2020-08-04,Rt,0.1,0.29,0.44,0.51,0.71,1.13,Surged Additional 50% Reduction,Belize,BLZ,2020-07-04,v3
2020-08-04,cumulative_infections,266.28,934.75,1382,1670.68,1936,5443.27,Surged Maintain Status Quo,Belize,BLZ,2020-07-04,v3
2020-08-04,deaths,0,0,0,0,0,0,Surged Maintain Status Quo,Belize,BLZ,2020-07-04,v3
2020-08-04,hospital_demand,0,0,0,0.36,0,5.1,Surged Maintain Status Quo,Belize,BLZ,2020-07-04,v3
2020-08-04,hospital_incidence,0,0,0,0,0,0,Surged Maintain Status Quo,Belize,BLZ,2020-07-04,v3
2020-08-04,ICU_demand,0,0,0,0.16,0,2.1,Surged Maintain Status Quo,Belize,BLZ,2020-07-04,v3
2020-08-04,ICU_incidence,0,0,0,0,0,0,Surged Maintain Status Quo,Belize,BLZ,2020-07-04,v3
2020-08-04,infections,0,0,0,6.48,0,58.47,Surged Maintain Status Quo,Belize,BLZ,2020-07-04,v3
2020-08-04,Rt,0.2,0.58,0.88,1.03,1.43,2.26,Surged Maintain Status Quo,Belize,BLZ,2020-07-04,v3
2020-08-04,cumulative_infections,266.28,934.75,1391.5,2022.33,1941.75,6971.9,Surged Relax Interventions 50%,Belize,BLZ,2020-07-04,v3
2020-08-04,deaths,0,0,0,0.02,0,0,Surged Relax Interventions 50%,Belize,BLZ,2020-07-04,v3
2020-08-04,hospital_demand,0,0,0,2.44,0,26.52,Surged Relax Interventions 50%,Belize,BLZ,2020-07-04,v3
2020-08-04,hospital_incidence,0,0,0,0.04,0,0.52,Surged Relax Interventions 50%,Belize,BLZ,2020-07-04,v3
2020-08-04,ICU_demand,0,0,0,0.69,0,4.62,Surged Relax Interventions 50%,Belize,BLZ,2020-07-04,v3
2020-08-04,ICU_incidence,0,0,0,0,0,0,Surged Relax Interventions 50%,Belize,BLZ,2020-07-04,v3
2020-08-04,infections,0,0,0,61.45,0,533.02,Surged Relax Interventions 50%,Belize,BLZ,2020-07-04,v3
2020-08-04,Rt,0.29,0.87,1.32,1.54,2.14,3.39,Surged Relax Interventions 50%,Belize,BLZ,2020-07-04,v3
2020-08-05,cumulative_infections,287.08,767.25,1586,1698.07,2371.5,4505.68,Additional 50% Reduction,Belize,BLZ,2020-07-04,v3
2020-08-05,deaths,0,0,0,0.01,0,0,Additional 50% Reduction,Belize,BLZ,2020-07-04,v3
2020-08-05,hospital_demand,0,0,0,0.21,0,2.52,Additional 50% Reduction,Belize,BLZ,2020-07-04,v3
2020-08-05,hospital_incidence,0,0,0,0,0,0,Additional 50% Reduction,Belize,BLZ,2020-07-04,v3
2020-08-05,ICU_demand,0,0,0,0.06,0,1,Additional 50% Reduction,Belize,BLZ,2020-07-04,v3
2020-08-05,ICU_incidence,0,0,0,0,0,0,Additional 50% Reduction,Belize,BLZ,2020-07-04,v3
2020-08-05,infections,0,0,0,1.82,0,16.25,Additional 50% Reduction,Belize,BLZ,2020-07-04,v3
2020-08-05,Rt,0.13,0.33,0.47,0.55,0.71,1.19,Additional 50% Reduction,Belize,BLZ,2020-07-04,v3
2020-08-05,cumulative_infections,287.08,767.25,1586,2195.59,2371.5,7493.75,Maintain Status Quo,Belize,BLZ,2020-07-04,v3
2020-08-05,deaths,0,0,0,0.13,0,1.05,Maintain Status Quo,Belize,BLZ,2020-07-04,v3
2020-08-05,hospital_demand,0,0,0,3.1,0,25.05,Maintain Status Quo,Belize,BLZ,2020-07-04,v3
2020-08-05,hospital_incidence,0,0,0,0.01,0,0,Maintain Status Quo,Belize,BLZ,2020-07-04,v3
2020-08-05,ICU_demand,0,0,0,0.6,0,6.57,Maintain Status Quo,Belize,BLZ,2020-07-04,v3
2020-08-05,ICU_incidence,0,0,0,0.01,0,0,Maintain Status Quo,Belize,BLZ,2020-07-04,v3
2020-08-05,infections,0,0,0,63.69,0,360.32,Maintain Status Quo,Belize,BLZ,2020-07-04,v3
2020-08-05,Rt,0.26,0.67,0.95,1.09,1.41,2.37,Maintain Status Quo,Belize,BLZ,2020-07-04,v3
2020-08-05,cumulative_infections,287.08,767.25,1586,4668.59,2371.5,27607.4,Relax Interventions 50%,Belize,BLZ,2020-07-04,v3
2020-08-05,deaths,0,0,0,1.07,0,4,Relax Interventions 50%,Belize,BLZ,2020-07-04,v3
2020-08-05,hospital_demand,0,0,0,16.82,0,134.85,Relax Interventions 50%,Belize,BLZ,2020-07-04,v3
2020-08-05,hospital_incidence,0,0,0,0.24,0,1.05,Relax Interventions 50%,Belize,BLZ,2020-07-04,v3
2020-08-05,ICU_demand,0,0,0,1.74,0,20.15,Relax Interventions 50%,Belize,BLZ,2020-07-04,v3
2020-08-05,ICU_incidence,0,0,0,0.03,0,0,Relax Interventions 50%,Belize,BLZ,2020-07-04,v3
2020-08-05,infections,0,0,0,370.77,0,3030.45,Relax Interventions 50%,Belize,BLZ,2020-07-04,v3
2020-08-05,Rt,0.39,1,1.42,1.64,2.12,3.56,Relax Interventions 50%,Belize,BLZ,2020-07-04,v3
2020-08-05,cumulative_infections,266.28,934.75,1382,1602.45,1906.5,4784.4,Surged Additional 50% Reduction,Belize,BLZ,2020-07-04,v3
2020-08-05,deaths,0,0,0,0,0,0,Surged Additional 50% Reduction,Belize,BLZ,2020-07-04,v3
2020-08-05,hospital_demand,0,0,0,0.05,0,0.52,Surged Additional 50% Reduction,Belize,BLZ,2020-07-04,v3
2020-08-05,hospital_incidence,0,0,0,0,0,0,Surged Additional 50% Reduction,Belize,BLZ,2020-07-04,v3
2020-08-05,ICU_demand,0,0,0,0.02,0,0,Surged Additional 50% Reduction,Belize,BLZ,2020-07-04,v3
2020-08-05,ICU_incidence,0,0,0,0,0,0,Surged Additional 50% Reduction,Belize,BLZ,2020-07-04,v3
2020-08-05,infections,0,0,0,0.23,0,1.52,Surged Additional 50% Reduction,Belize,BLZ,2020-07-04,v3
2020-08-05,Rt,0.1,0.29,0.44,0.51,0.71,1.13,Surged Additional 50% Reduction,Belize,BLZ,2020-07-04,v3
2020-08-05,cumulative_infections,266.28,934.75,1382,1678.46,1936,5510.5,Surged Maintain Status Quo,Belize,BLZ,2020-07-04,v3
2020-08-05,deaths,0,0,0,0.01,0,0,Surged Maintain Status Quo,Belize,BLZ,2020-07-04,v3
2020-08-05,hospital_demand,0,0,0,0.44,0,6.62,Surged Maintain Status Quo,Belize,BLZ,2020-07-04,v3
2020-08-05,hospital_incidence,0,0,0,0.01,0,0,Surged Maintain Status Quo,Belize,BLZ,2020-07-04,v3
2020-08-05,ICU_demand,0,0,0,0.15,0,1.05,Surged Maintain Status Quo,Belize,BLZ,2020-07-04,v3
2020-08-05,ICU_incidence,0,0,0,0.01,0,0,Surged Maintain Status Quo,Belize,BLZ,2020-07-04,v3
2020-08-05,infections,0,0,0,7.78,0,62.2,Surged Maintain Status Quo,Belize,BLZ,2020-07-04,v3
2020-08-05,Rt,0.2,0.58,0.88,1.03,1.43,2.26,Surged Maintain Status Quo,Belize,BLZ,2020-07-04,v3
2020-08-05,cumulative_infections,266.28,934.75,1393.5,2091.86,1941.75,7549.95,Surged Relax Interventions 50%,Belize,BLZ,2020-07-04,v3
2020-08-05,deaths,0,0,0,0.03,0,0.52,Surged Relax Interventions 50%,Belize,BLZ,2020-07-04,v3
2020-08-05,hospital_demand,0,0,0,2.87,0,33.15,Surged Relax Interventions 50%,Belize,BLZ,2020-07-04,v3
2020-08-05,hospital_incidence,0,0,0,0.07,0,0,Surged Relax Interventions 50%,Belize,BLZ,2020-07-04,v3
2020-08-05,ICU_demand,0,0,0,0.78,0,4.05,Surged Relax Interventions 50%,Belize,BLZ,2020-07-04,v3
2020-08-05,ICU_incidence,0,0,0,0.02,0,0,Surged Relax Interventions 50%,Belize,BLZ,2020-07-04,v3
2020-08-05,infections,0,0,0,69.53,0,578.05,Surged Relax Interventions 50%,Belize,BLZ,2020-07-04,v3
2020-08-05,Rt,0.29,0.87,1.32,1.54,2.14,3.39,Surged Relax Interventions 50%,Belize,BLZ,2020-07-04,v3
2020-08-06,cumulative_infections,287.08,767.25,1586,1699.84,2371.5,4558.7,Additional 50% Reduction,Belize,BLZ,2020-07-04,v3
2020-08-06,deaths,0,0,0,0.01,0,0,Additional 50% Reduction,Belize,BLZ,2020-07-04,v3
2020-08-06,hospital_demand,0,0,0,0.19,0,3,Additional 50% Reduction,Belize,BLZ,2020-07-04,v3
2020-08-06,hospital_incidence,0,0,0,0,0,0,Additional 50% Reduction,Belize,BLZ,2020-07-04,v3
2020-08-06,ICU_demand,0,0,0,0.05,0,0.52,Additional 50% Reduction,Belize,BLZ,2020-07-04,v3
2020-08-06,ICU_incidence,0,0,0,0,0,0,Additional 50% Reduction,Belize,BLZ,2020-07-04,v3
2020-08-06,infections,0,0,0,1.77,0,14.05,Additional 50% Reduction,Belize,BLZ,2020-07-04,v3
2020-08-06,Rt,0.13,0.33,0.47,0.55,0.71,1.19,Additional 50% Reduction,Belize,BLZ,2020-07-04,v3
2020-08-06,cumulative_infections,287.08,767.25,1586,2268.15,2371.5,7870.75,Maintain Status Quo,Belize,BLZ,2020-07-04,v3
2020-08-06,deaths,0,0,0,0.16,0,1,Maintain Status Quo,Belize,BLZ,2020-07-04,v3
2020-08-06,hospital_demand,0,0,0,3.4,0,24.72,Maintain Status Quo,Belize,BLZ,2020-07-04,v3
2020-08-06,hospital_incidence,0,0,0,0.05,0,0,Maintain Status Quo,Belize,BLZ,2020-07-04,v3
2020-08-06,ICU_demand,0,0,0,0.59,0,7.1,Maintain Status Quo,Belize,BLZ,2020-07-04,v3
2020-08-06,ICU_incidence,0,0,0,0,0,0,Maintain Status Quo,Belize,BLZ,2020-07-04,v3
2020-08-06,infections,0,0,0,72.56,0,377,Maintain Status Quo,Belize,BLZ,2020-07-04,v3
2020-08-06,Rt,0.26,0.67,0.95,1.09,1.41,2.37,Maintain Status Quo,Belize,BLZ,2020-07-04,v3
2020-08-06,cumulative_infections,287.08,767.25,1586,5061.98,2371.5,31015.92,Relax Interventions 50%,Belize,BLZ,2020-07-04,v3
2020-08-06,deaths,0,0,0,1.68,0,3.62,Relax Interventions 50%,Belize,BLZ,2020-07-04,v3
2020-08-06,hospital_demand,0,0,0,19.36,0,162,Relax Interventions 50%,Belize,BLZ,2020-07-04,v3
2020-08-06,hospital_incidence,0,0,0,0.18,0,1.05,Relax Interventions 50%,Belize,BLZ,2020-07-04,v3
2020-08-06,ICU_demand,0,0,0,1.81,0,23.67,Relax Interventions 50%,Belize,BLZ,2020-07-04,v3
2020-08-06,ICU_incidence,0,0,0,0.04,0,0.52,Relax Interventions 50%,Belize,BLZ,2020-07-04,v3
2020-08-06,infections,0,0,0,393.39,0,3408.52,Relax Interventions 50%,Belize,BLZ,2020-07-04,v3
2020-08-06,Rt,0.39,1,1.42,1.64,2.12,3.56,Relax Interventions 50%,Belize,BLZ,2020-07-04,v3
2020-08-06,cumulative_infections,266.28,934.75,1382,1602.68,1906.5,4784.4,Surged Additional 50% Reduction,Belize,BLZ,2020-07-04,v3
2020-08-06,deaths,0,0,0,0,0,0,Surged Additional 50% Reduction,Belize,BLZ,2020-07-04,v3
2020-08-06,hospital_demand,0,0,0,0.05,0,0.52,Surged Additional 50% Reduction,Belize,BLZ,2020-07-04,v3
2020-08-06,hospital_incidence,0,0,0,0,0,0,Surged Additional 50% Reduction,Belize,BLZ,2020-07-04,v3
2020-08-06,ICU_demand,0,0,0,0.02,0,0,Surged Additional 50% Reduction,Belize,BLZ,2020-07-04,v3
2020-08-06,ICU_incidence,0,0,0,0,0,0,Surged Additional 50% Reduction,Belize,BLZ,2020-07-04,v3
2020-08-06,infections,0,0,0,0.23,0,1,Surged Additional 50% Reduction,Belize,BLZ,2020-07-04,v3
2020-08-06,Rt,0.1,0.29,0.44,0.51,0.71,1.13,Surged Additional 50% Reduction,Belize,BLZ,2020-07-04,v3
2020-08-06,cumulative_infections,266.28,934.75,1382,1686.83,1936,5577.17,Surged Maintain Status Quo,Belize,BLZ,2020-07-04,v3
2020-08-06,deaths,0,0,0,0,0,0,Surged Maintain Status Quo,Belize,BLZ,2020-07-04,v3
2020-08-06,hospital_demand,0,0,0,0.45,0,5.1,Surged Maintain Status Quo,Belize,BLZ,2020-07-04,v3
2020-08-06,hospital_incidence,0,0,0,0,0,0,Surged Maintain Status Quo,Belize,BLZ,2020-07-04,v3
2020-08-06,ICU_demand,0,0,0,0.16,0,1.57,Surged Maintain Status Quo,Belize,BLZ,2020-07-04,v3
2020-08-06,ICU_incidence,0,0,0,0,0,0,Surged Maintain Status Quo,Belize,BLZ,2020-07-04,v3
2020-08-06,infections,0,0,0,8.37,0,78.92,Surged Maintain Status Quo,Belize,BLZ,2020-07-04,v3
2020-08-06,Rt,0.2,0.58,0.88,1.03,1.43,2.26,Surged Maintain Status Quo,Belize,BLZ,2020-07-04,v3
2020-08-06,cumulative_infections,266.28,934.75,1394,2171.99,1941.75,8242.02,Surged Relax Interventions 50%,Belize,BLZ,2020-07-04,v3
2020-08-06,deaths,0,0,0,0.04,0,0.52,Surged Relax Interventions 50%,Belize,BLZ,2020-07-04,v3
2020-08-06,hospital_demand,0,0,0,3.5,0,41.05,Surged Relax Interventions 50%,Belize,BLZ,2020-07-04,v3
2020-08-06,hospital_incidence,0,0,0,0.03,0,0,Surged Relax Interventions 50%,Belize,BLZ,2020-07-04,v3
2020-08-06,ICU_demand,0,0,0,0.92,0,5.57,Surged Relax Interventions 50%,Belize,BLZ,2020-07-04,v3
2020-08-06,ICU_incidence,0,0,0,0.02,0,0,Surged Relax Interventions 50%,Belize,BLZ,2020-07-04,v3
2020-08-06,infections,0,0,0,80.13,0,692.07,Surged Relax Interventions 50%,Belize,BLZ,2020-07-04,v3
2020-08-06,Rt,0.29,0.87,1.32,1.54,2.14,3.39,Surged Relax Interventions 50%,Belize,BLZ,2020-07-04,v3
2020-08-07,cumulative_infections,287.08,767.25,1586,1702,2371.5,4618.55,Additional 50% Reduction,Belize,BLZ,2020-07-04,v3
2020-08-07,deaths,0,0,0,0.01,0,0,Additional 50% Reduction,Belize,BLZ,2020-07-04,v3
2020-08-07,hospital_demand,0,0,0,0.2,0,3.05,Additional 50% Reduction,Belize,BLZ,2020-07-04,v3
2020-08-07,hospital_incidence,0,0,0,0,0,0,Additional 50% Reduction,Belize,BLZ,2020-07-04,v3
2020-08-07,ICU_demand,0,0,0,0.06,0,0.52,Additional 50% Reduction,Belize,BLZ,2020-07-04,v3
2020-08-07,ICU_incidence,0,0,0,0,0,0,Additional 50% Reduction,Belize,BLZ,2020-07-04,v3
2020-08-07,infections,0,0,0,2.16,0,19.67,Additional 50% Reduction,Belize,BLZ,2020-07-04,v3
2020-08-07,Rt,0.13,0.33,0.47,0.55,0.71,1.19,Additional 50% Reduction,Belize,BLZ,2020-07-04,v3
2020-08-07,cumulative_infections,287.08,767.25,1586,2349.56,2371.5,8282.35,Maintain Status Quo,Belize,BLZ,2020-07-04,v3
2020-08-07,deaths,0,0,0,0.11,0,0.52,Maintain Status Quo,Belize,BLZ,2020-07-04,v3
2020-08-07,hospital_demand,0,0,0,3.86,0,28.3,Maintain Status Quo,Belize,BLZ,2020-07-04,v3
2020-08-07,hospital_incidence,0,0,0,0.02,0,0,Maintain Status Quo,Belize,BLZ,2020-07-04,v3
2020-08-07,ICU_demand,0,0,0,0.66,0,7.57,Maintain Status Quo,Belize,BLZ,2020-07-04,v3
2020-08-07,ICU_incidence,0,0,0,0,0,0,Maintain Status Quo,Belize,BLZ,2020-07-04,v3
2020-08-07,infections,0,0,0,81.41,0,411.6,Maintain Status Quo,Belize,BLZ,2020-07-04,v3
2020-08-07,Rt,0.26,0.67,0.95,1.09,1.41,2.37,Maintain Status Quo,Belize,BLZ,2020-07-04,v3
2020-08-07,cumulative_infections,287.08,767.25,1586,5468.68,2371.5,34816.52,Relax Interventions 50%,Belize,BLZ,2020-07-04,v3
2020-08-07,deaths,0,0,0,1.69,0,6.1,Relax Interventions 50%,Belize,BLZ,2020-07-04,v3
2020-08-07,hospital_demand,0,0,0,21.87,0,181.05,Relax Interventions 50%,Belize,BLZ,2020-07-04,v3
2020-08-07,hospital_incidence,0,0,0,0.33,0,2.1,Relax Interventions 50%,Belize,BLZ,2020-07-04,v3
2020-08-07,ICU_demand,0,0,0,2.07,0,26.15,Relax Interventions 50%,Belize,BLZ,2020-07-04,v3
2020-08-07,ICU_incidence,0,0,0,0.06,0,0,Relax Interventions 50%,Belize,BLZ,2020-07-04,v3
2020-08-07,infections,0,0,0,406.7,0,3800.6,Relax Interventions 50%,Belize,BLZ,2020-07-04,v3
2020-08-07,Rt,0.39,1,1.42,1.64,2.12,3.56,Relax Interventions 50%,Belize,BLZ,2020-07-04,v3
2020-08-07,cumulative_infections,266.28,934.75,1382,1602.88,1908.75,4784.4,Surged Additional 50% Reduction,Belize,BLZ,2020-07-04,v3
2020-08-07,deaths,0,0,0,0.01,0,0,Surged Additional 50% Reduction,Belize,BLZ,2020-07-04,v3
2020-08-07,hospital_demand,0,0,0,0.05,0,0.52,Surged Additional 50% Reduction,Belize,BLZ,2020-07-04,v3
2020-08-07,hospital_incidence,0,0,0,0,0,0,Surged Additional 50% Reduction,Belize,BLZ,2020-07-04,v3
2020-08-07,ICU_demand,0,0,0,0.01,0,0,Surged Additional 50% Reduction,Belize,BLZ,2020-07-04,v3
2020-08-07,ICU_incidence,0,0,0,0,0,0,Surged Additional 50% Reduction,Belize,BLZ,2020-07-04,v3
2020-08-07,infections,0,0,0,0.2,0,1.52,Surged Additional 50% Reduction,Belize,BLZ,2020-07-04,v3
2020-08-07,Rt,0.1,0.29,0.44,0.51,0.71,1.13,Surged Additional 50% Reduction,Belize,BLZ,2020-07-04,v3
2020-08-07,cumulative_infections,266.28,934.75,1382,1696.08,1936,5644.9,Surged Maintain Status Quo,Belize,BLZ,2020-07-04,v3
2020-08-07,deaths,0,0,0,0.01,0,0,Surged Maintain Status Quo,Belize,BLZ,2020-07-04,v3
2020-08-07,hospital_demand,0,0,0,0.52,0,6.1,Surged Maintain Status Quo,Belize,BLZ,2020-07-04,v3
2020-08-07,hospital_incidence,0,0,0,0,0,0,Surged Maintain Status Quo,Belize,BLZ,2020-07-04,v3
2020-08-07,ICU_demand,0,0,0,0.18,0,1.57,Surged Maintain Status Quo,Belize,BLZ,2020-07-04,v3
2020-08-07,ICU_incidence,0,0,0,0,0,0,Surged Maintain Status Quo,Belize,BLZ,2020-07-04,v3
2020-08-07,infections,0,0,0,9.25,0,64.92,Surged Maintain Status Quo,Belize,BLZ,2020-07-04,v3
2020-08-07,Rt,0.2,0.58,0.88,1.03,1.43,2.26,Surged Maintain Status Quo,Belize,BLZ,2020-07-04,v3
2020-08-07,cumulative_infections,266.28,934.75,1396,2263.91,1941.75,9047.7,Surged Relax Interventions 50%,Belize,BLZ,2020-07-04,v3
2020-08-07,deaths,0,0,0,0.05,0,0.52,Surged Relax Interventions 50%,Belize,BLZ,2020-07-04,v3
2020-08-07,hospital_demand,0,0,0,3.94,0,45.05,Surged Relax Interventions 50%,Belize,BLZ,2020-07-04,v3
2020-08-07,hospital_incidence,0,0,0,0.06,0,1,Surged Relax Interventions 50%,Belize,BLZ,2020-07-04,v3
2020-08-07,ICU_demand,0,0,0,1.08,0,7.62,Surged Relax Interventions 50%,Belize,BLZ,2020-07-04,v3
2020-08-07,ICU_incidence,0,0,0,0,0,0,Surged Relax Interventions 50%,Belize,BLZ,2020-07-04,v3
2020-08-07,infections,0,0,0,91.92,0,805.67,Surged Relax Interventions 50%,Belize,BLZ,2020-07-04,v3
2020-08-07,Rt,0.29,0.87,1.32,1.54,2.14,3.39,Surged Relax Interventions 50%,Belize,BLZ,2020-07-04,v3
2020-08-08,cumulative_infections,287.08,767.25,1586,1703.68,2371.5,4672.1,Additional 50% Reduction,Belize,BLZ,2020-07-04,v3
2020-08-08,deaths,0,0,0,0,0,0,Additional 50% Reduction,Belize,BLZ,2020-07-04,v3
2020-08-08,hospital_demand,0,0,0,0.21,0,3.05,Additional 50% Reduction,Belize,BLZ,2020-07-04,v3
2020-08-08,hospital_incidence,0,0,0,0,0,0,Additional 50% Reduction,Belize,BLZ,2020-07-04,v3
2020-08-08,ICU_demand,0,0,0,0.07,0,0.52,Additional 50% Reduction,Belize,BLZ,2020-07-04,v3
2020-08-08,ICU_incidence,0,0,0,0,0,0,Additional 50% Reduction,Belize,BLZ,2020-07-04,v3
2020-08-08,infections,0,0,0,1.68,0,16.3,Additional 50% Reduction,Belize,BLZ,2020-07-04,v3
2020-08-08,Rt,0.13,0.33,0.47,0.55,0.71,1.19,Additional 50% Reduction,Belize,BLZ,2020-07-04,v3
2020-08-08,cumulative_infections,287.08,767.25,1586,2439.24,2371.5,8730.92,Maintain Status Quo,Belize,BLZ,2020-07-04,v3
2020-08-08,deaths,0,0,0,0.19,0,0,Maintain Status Quo,Belize,BLZ,2020-07-04,v3
2020-08-08,hospital_demand,0,0,0,4.28,0,33.5,Maintain Status Quo,Belize,BLZ,2020-07-04,v3
2020-08-08,hospital_incidence,0,0,0,0.04,0,0,Maintain Status Quo,Belize,BLZ,2020-07-04,v3
2020-08-08,ICU_demand,0,0,0,0.67,0,8.1,Maintain Status Quo,Belize,BLZ,2020-07-04,v3
2020-08-08,ICU_incidence,0,0,0,0,0,0,Maintain Status Quo,Belize,BLZ,2020-07-04,v3
2020-08-08,infections,0,0,0,89.68,0,448.57,Maintain Status Quo,Belize,BLZ,2020-07-04,v3
2020-08-08,Rt,0.26,0.67,0.95,1.09,1.41,2.37,Maintain Status Quo,Belize,BLZ,2020-07-04,v3
2020-08-08,cumulative_infections,287.08,767.25,1586,5879.66,2371.5,39010.2,Relax Interventions 50%,Belize,BLZ,2020-07-04,v3
2020-08-08,deaths,0,0,0,2.25,0,9.05,Relax Interventions 50%,Belize,BLZ,2020-07-04,v3
2020-08-08,hospital_demand,0,0,0,24.68,0,206.25,Relax Interventions 50%,Belize,BLZ,2020-07-04,v3
2020-08-08,hospital_incidence,0,0,0,0.26,0,1.52,Relax Interventions 50%,Belize,BLZ,2020-07-04,v3
2020-08-08,ICU_demand,0,0,0,2.1,0,26.62,Relax Interventions 50%,Belize,BLZ,2020-07-04,v3
2020-08-08,ICU_incidence,0,0,0,0.09,0,0.52,Relax Interventions 50%,Belize,BLZ,2020-07-04,v3
2020-08-08,infections,0,0,0,410.98,0,4193.67,Relax Interventions 50%,Belize,BLZ,2020-07-04,v3
2020-08-08,Rt,0.39,1,1.42,1.64,2.12,3.56,Relax Interventions 50%,Belize,BLZ,2020-07-04,v3
2020-08-08,cumulative_infections,266.28,934.75,1382,1603.05,1914,4784.4,Surged Additional 50% Reduction,Belize,BLZ,2020-07-04,v3
2020-08-08,deaths,0,0,0,0,0,0,Surged Additional 50% Reduction,Belize,BLZ,2020-07-04,v3
2020-08-08,hospital_demand,0,0,0,0.04,0,0.52,Surged Additional 50% Reduction,Belize,BLZ,2020-07-04,v3
2020-08-08,hospital_incidence,0,0,0,0,0,0,Surged Additional 50% Reduction,Belize,BLZ,2020-07-04,v3
2020-08-08,ICU_demand,0,0,0,0.01,0,0,Surged Additional 50% Reduction,Belize,BLZ,2020-07-04,v3
2020-08-08,ICU_incidence,0,0,0,0,0,0,Surged Additional 50% Reduction,Belize,BLZ,2020-07-04,v3
2020-08-08,infections,0,0,0,0.17,0,3,Surged Additional 50% Reduction,Belize,BLZ,2020-07-04,v3
2020-08-08,Rt,0.1,0.29,0.44,0.51,0.71,1.13,Surged Additional 50% Reduction,Belize,BLZ,2020-07-04,v3
2020-08-08,cumulative_infections,266.28,934.75,1382,1705.91,1936.25,5712.1,Surged Maintain Status Quo,Belize,BLZ,2020-07-04,v3
2020-08-08,deaths,0,0,0,0.03,0,0,Surged Maintain Status Quo,Belize,BLZ,2020-07-04,v3
2020-08-08,hospital_demand,0,0,0,0.56,0,5.57,Surged Maintain Status Quo,Belize,BLZ,2020-07-04,v3
2020-08-08,hospital_incidence,0,0,0,0,0,0,Surged Maintain Status Quo,Belize,BLZ,2020-07-04,v3
2020-08-08,ICU_demand,0,0,0,0.16,0,1.57,Surged Maintain Status Quo,Belize,BLZ,2020-07-04,v3
2020-08-08,ICU_incidence,0,0,0,0,0,0,Surged Maintain Status Quo,Belize,BLZ,2020-07-04,v3
2020-08-08,infections,0,0,0,9.83,0,65.82,Surged Maintain Status Quo,Belize,BLZ,2020-07-04,v3
2020-08-08,Rt,0.2,0.58,0.88,1.03,1.43,2.26,Surged Maintain Status Quo,Belize,BLZ,2020-07-04,v3
2020-08-08,cumulative_infections,266.28,934.75,1396.5,2366.73,1941.75,9977.12,Surged Relax Interventions 50%,Belize,BLZ,2020-07-04,v3
2020-08-08,deaths,0,0,0,0.05,0,0,Surged Relax Interventions 50%,Belize,BLZ,2020-07-04,v3
2020-08-08,hospital_demand,0,0,0,4.39,0,50.15,Surged Relax Interventions 50%,Belize,BLZ,2020-07-04,v3
2020-08-08,hospital_incidence,0,0,0,0.05,0,0,Surged Relax Interventions 50%,Belize,BLZ,2020-07-04,v3
2020-08-08,ICU_demand,0,0,0,1.19,0,9.62,Surged Relax Interventions 50%,Belize,BLZ,2020-07-04,v3
2020-08-08,ICU_incidence,0,0,0,0.02,0,0,Surged Relax Interventions 50%,Belize,BLZ,2020-07-04,v3
2020-08-08,infections,0,0,0,102.82,0,929.42,Surged Relax Interventions 50%,Belize,BLZ,2020-07-04,v3
2020-08-08,Rt,0.29,0.87,1.32,1.54,2.14,3.39,Surged Relax Interventions 50%,Belize,BLZ,2020-07-04,v3
2020-08-09,cumulative_infections,287.08,767.25,1586,1705.75,2371.5,4688.9,Additional 50% Reduction,Belize,BLZ,2020-07-04,v3
2020-08-09,deaths,0,0,0,0.01,0,0,Additional 50% Reduction,Belize,BLZ,2020-07-04,v3
2020-08-09,hospital_demand,0,0,0,0.21,0,2,Additional 50% Reduction,Belize,BLZ,2020-07-04,v3
2020-08-09,hospital_incidence,0,0,0,0.01,0,0,Additional 50% Reduction,Belize,BLZ,2020-07-04,v3
2020-08-09,ICU_demand,0,0,0,0.06,0,0.52,Additional 50% Reduction,Belize,BLZ,2020-07-04,v3
2020-08-09,ICU_incidence,0,0,0,0,0,0,Additional 50% Reduction,Belize,BLZ,2020-07-04,v3
2020-08-09,infections,0,0,0,2.07,0,10.57,Additional 50% Reduction,Belize,BLZ,2020-07-04,v3
2020-08-09,Rt,0.13,0.33,0.47,0.55,0.71,1.19,Additional 50% Reduction,Belize,BLZ,2020-07-04,v3
2020-08-09,cumulative_infections,287.08,767.25,1586,2539.88,2371.5,9205.07,Maintain Status Quo,Belize,BLZ,2020-07-04,v3
2020-08-09,deaths,0,0,0,0.18,0,0.52,Maintain Status Quo,Belize,BLZ,2020-07-04,v3
2020-08-09,hospital_demand,0,0,0,4.69,0,33.07,Maintain Status Quo,Belize,BLZ,2020-07-04,v3
2020-08-09,hospital_incidence,0,0,0,0.04,0,0,Maintain Status Quo,Belize,BLZ,2020-07-04,v3
2020-08-09,ICU_demand,0,0,0,0.74,0,10.15,Maintain Status Quo,Belize,BLZ,2020-07-04,v3
2020-08-09,ICU_incidence,0,0,0,0.03,0,0,Maintain Status Quo,Belize,BLZ,2020-07-04,v3
2020-08-09,infections,0,0,0,100.64,0,474.15,Maintain Status Quo,Belize,BLZ,2020-07-04,v3
2020-08-09,Rt,0.26,0.67,0.95,1.09,1.41,2.37,Maintain Status Quo,Belize,BLZ,2020-07-04,v3
2020-08-09,cumulative_infections,287.08,767.25,1586,6296.07,2371.5,43569.87,Relax Interventions 50%,Belize,BLZ,2020-07-04,v3
2020-08-09,deaths,0,0,0,2.54,0,12.1,Relax Interventions 50%,Belize,BLZ,2020-07-04,v3
2020-08-09,hospital_demand,0,0,0,26.83,0,217.7,Relax Interventions 50%,Belize,BLZ,2020-07-04,v3
2020-08-09,hospital_incidence,0,0,0,0.31,0,1.57,Relax Interventions 50%,Belize,BLZ,2020-07-04,v3
2020-08-09,ICU_demand,0,0,0,2.27,0,27.52,Relax Interventions 50%,Belize,BLZ,2020-07-04,v3
2020-08-09,ICU_incidence,0,0,0,0.08,0,0.52,Relax Interventions 50%,Belize,BLZ,2020-07-04,v3
2020-08-09,infections,0,0,0,416.41,0,4559.67,Relax Interventions 50%,Belize,BLZ,2020-07-04,v3
2020-08-09,Rt,0.39,1,1.42,1.64,2.12,3.56,Relax Interventions 50%,Belize,BLZ,2020-07-04,v3
2020-08-09,cumulative_infections,266.28,934.75,1382,1603.35,1928.25,4784.4,Surged Additional 50% Reduction,Belize,BLZ,2020-07-04,v3
2020-08-09,deaths,0,0,0,0,0,0,Surged Additional 50% Reduction,Belize,BLZ,2020-07-04,v3
2020-08-09,hospital_demand,0,0,0,0.04,0,0.52,Surged Additional 50% Reduction,Belize,BLZ,2020-07-04,v3
2020-08-09,hospital_incidence,0,0,0,0,0,0,Surged Additional 50% Reduction,Belize,BLZ,2020-07-04,v3
2020-08-09,ICU_demand,0,0,0,0.01,0,0,Surged Additional 50% Reduction,Belize,BLZ,2020-07-04,v3
2020-08-09,ICU_incidence,0,0,0,0,0,0,Surged Additional 50% Reduction,Belize,BLZ,2020-07-04,v3
2020-08-09,infections,0,0,0,0.3,0,2.57,Surged Additional 50% Reduction,Belize,BLZ,2020-07-04,v3
2020-08-09,Rt,0.1,0.29,0.44,0.51,0.71,1.13,Surged Additional 50% Reduction,Belize,BLZ,2020-07-04,v3
2020-08-09,cumulative_infections,266.28,934.75,1382,1716.74,1936.25,5712.1,Surged Maintain Status Quo,Belize,BLZ,2020-07-04,v3
2020-08-09,deaths,0,0,0,0,0,0,Surged Maintain Status Quo,Belize,BLZ,2020-07-04,v3
2020-08-09,hospital_demand,0,0,0,0.67,0,6.1,Surged Maintain Status Quo,Belize,BLZ,2020-07-04,v3
2020-08-09,hospital_incidence,0,0,0,0,0,0,Surged Maintain Status Quo,Belize,BLZ,2020-07-04,v3
2020-08-09,ICU_demand,0,0,0,0.17,0,1.05,Surged Maintain Status Quo,Belize,BLZ,2020-07-04,v3
2020-08-09,ICU_incidence,0,0,0,0,0,0,Surged Maintain Status Quo,Belize,BLZ,2020-07-04,v3
2020-08-09,infections,0,0,0,10.83,0,85.75,Surged Maintain Status Quo,Belize,BLZ,2020-07-04,v3
2020-08-09,Rt,0.2,0.58,0.88,1.03,1.43,2.26,Surged Maintain Status Quo,Belize,BLZ,2020-07-04,v3
2020-08-09,cumulative_infections,266.28,934.75,1400.5,2488.26,1941.75,11084.45,Surged Relax Interventions 50%,Belize,BLZ,2020-07-04,v3
2020-08-09,deaths,0,0,0,0.07,0,0,Surged Relax Interventions 50%,Belize,BLZ,2020-07-04,v3
2020-08-09,hospital_demand,0,0,0,4.99,0,54.62,Surged Relax Interventions 50%,Belize,BLZ,2020-07-04,v3
2020-08-09,hospital_incidence,0,0,0,0.03,0,0.52,Surged Relax Interventions 50%,Belize,BLZ,2020-07-04,v3
2020-08-09,ICU_demand,0,0,0,1.28,0,10.62,Surged Relax Interventions 50%,Belize,BLZ,2020-07-04,v3
2020-08-09,ICU_incidence,0,0,0,0.03,0,0,Surged Relax Interventions 50%,Belize,BLZ,2020-07-04,v3
2020-08-09,infections,0,0,0,121.53,0,1107.32,Surged Relax Interventions 50%,Belize,BLZ,2020-07-04,v3
2020-08-09,Rt,0.29,0.87,1.32,1.54,2.14,3.39,Surged Relax Interventions 50%,Belize,BLZ,2020-07-04,v3
2020-08-10,cumulative_infections,287.08,767.25,1586,1707.92,2371.5,4688.9,Additional 50% Reduction,Belize,BLZ,2020-07-04,v3
2020-08-10,deaths,0,0,0,0.01,0,0,Additional 50% Reduction,Belize,BLZ,2020-07-04,v3
2020-08-10,hospital_demand,0,0,0,0.23,0,2.52,Additional 50% Reduction,Belize,BLZ,2020-07-04,v3
2020-08-10,hospital_incidence,0,0,0,0,0,0,Additional 50% Reduction,Belize,BLZ,2020-07-04,v3
2020-08-10,ICU_demand,0,0,0,0.06,0,1,Additional 50% Reduction,Belize,BLZ,2020-07-04,v3
2020-08-10,ICU_incidence,0,0,0,0,0,0,Additional 50% Reduction,Belize,BLZ,2020-07-04,v3
2020-08-10,infections,0,0,0,2.17,0,17.3,Additional 50% Reduction,Belize,BLZ,2020-07-04,v3
2020-08-10,Rt,0.13,0.33,0.47,0.55,0.71,1.19,Additional 50% Reduction,Belize,BLZ,2020-07-04,v3
2020-08-10,cumulative_infections,287.08,767.25,1586,2648.77,2371.5,9714.8,Maintain Status Quo,Belize,BLZ,2020-07-04,v3
2020-08-10,deaths,0,0,0,0.21,0,0.52,Maintain Status Quo,Belize,BLZ,2020-07-04,v3
2020-08-10,hospital_demand,0,0,0,5.36,0,34.75,Maintain Status Quo,Belize,BLZ,2020-07-04,v3
2020-08-10,hospital_incidence,0,0,0,0.04,0,0.52,Maintain Status Quo,Belize,BLZ,2020-07-04,v3
2020-08-10,ICU_demand,0,0,0,0.78,0,10.1,Maintain Status Quo,Belize,BLZ,2020-07-04,v3
2020-08-10,ICU_incidence,0,0,0,0,0,0,Maintain Status Quo,Belize,BLZ,2020-07-04,v3
2020-08-10,infections,0,0,0,108.89,0,509.72,Maintain Status Quo,Belize,BLZ,2020-07-04,v3
2020-08-10,Rt,0.26,0.67,0.95,1.09,1.41,2.37,Maintain Status Quo,Belize,BLZ,2020-07-04,v3
2020-08-10,cumulative_infections,287.08,767.25,1586,6714.03,2371.5,48683.3,Relax Interventions 50%,Belize,BLZ,2020-07-04,v3
2020-08-10,deaths,0,0,0,2.54,0,10.1,Relax Interventions 50%,Belize,BLZ,2020-07-04,v3
2020-08-10,hospital_demand,0,0,0,29.74,0,244.05,Relax Interventions 50%,Belize,BLZ,2020-07-04,v3
2020-08-10,hospital_incidence,0,0,0,0.34,0,2.52,Relax Interventions 50%,Belize,BLZ,2020-07-04,v3
2020-08-10,ICU_demand,0,0,0,2.49,0,25.05,Relax Interventions 50%,Belize,BLZ,2020-07-04,v3
2020-08-10,ICU_incidence,0,0,0,0.1,0,1.05,Relax Interventions 50%,Belize,BLZ,2020-07-04,v3
2020-08-10,infections,0,0,0,417.96,0,5113.42,Relax Interventions 50%,Belize,BLZ,2020-07-04,v3
2020-08-10,Rt,0.39,1,1.42,1.64,2.12,3.56,Relax Interventions 50%,Belize,BLZ,2020-07-04,v3
2020-08-10,cumulative_infections,266.28,934.75,1382,1603.55,1933.25,4784.4,Surged Additional 50% Reduction,Belize,BLZ,2020-07-04,v3
2020-08-10,deaths,0,0,0,0,0,0,Surged Additional 50% Reduction,Belize,BLZ,2020-07-04,v3
2020-08-10,hospital_demand,0,0,0,0.04,0,0.52,Surged Additional 50% Reduction,Belize,BLZ,2020-07-04,v3
2020-08-10,hospital_incidence,0,0,0,0,0,0,Surged Additional 50% Reduction,Belize,BLZ,2020-07-04,v3
2020-08-10,ICU_demand,0,0,0,0.01,0,0,Surged Additional 50% Reduction,Belize,BLZ,2020-07-04,v3
2020-08-10,ICU_incidence,0,0,0,0,0,0,Surged Additional 50% Reduction,Belize,BLZ,2020-07-04,v3
2020-08-10,infections,0,0,0,0.2,0,3.05,Surged Additional 50% Reduction,Belize,BLZ,2020-07-04,v3
2020-08-10,Rt,0.1,0.29,0.44,0.51,0.71,1.13,Surged Additional 50% Reduction,Belize,BLZ,2020-07-04,v3
2020-08-10,cumulative_infections,266.28,934.75,1382,1729.23,1936.5,5712.1,Surged Maintain Status Quo,Belize,BLZ,2020-07-04,v3
2020-08-10,deaths,0,0,0,0,0,0,Surged Maintain Status Quo,Belize,BLZ,2020-07-04,v3
2020-08-10,hospital_demand,0,0,0,0.68,0,7.2,Surged Maintain Status Quo,Belize,BLZ,2020-07-04,v3
2020-08-10,hospital_incidence,0,0,0,0.01,0,0,Surged Maintain Status Quo,Belize,BLZ,2020-07-04,v3
2020-08-10,ICU_demand,0,0,0,0.16,0,1.05,Surged Maintain Status Quo,Belize,BLZ,2020-07-04,v3
2020-08-10,ICU_incidence,0,0,0,0,0,0,Surged Maintain Status Quo,Belize,BLZ,2020-07-04,v3
2020-08-10,infections,0,0,0,12.49,0,80.95,Surged Maintain Status Quo,Belize,BLZ,2020-07-04,v3
2020-08-10,Rt,0.2,0.58,0.88,1.03,1.43,2.26,Surged Maintain Status Quo,Belize,BLZ,2020-07-04,v3
2020-08-10,cumulative_infections,266.28,934.75,1403,2620.82,1941.75,12309.22,Surged Relax Interventions 50%,Belize,BLZ,2020-07-04,v3
2020-08-10,deaths,0,0,0,0.06,0,0,Surged Relax Interventions 50%,Belize,BLZ,2020-07-04,v3
2020-08-10,hospital_demand,0,0,0,5.58,0,57.25,Surged Relax Interventions 50%,Belize,BLZ,2020-07-04,v3
2020-08-10,hospital_incidence,0,0,0,0.07,0,1.05,Surged Relax Interventions 50%,Belize,BLZ,2020-07-04,v3
2020-08-10,ICU_demand,0,0,0,1.5,0,12.62,Surged Relax Interventions 50%,Belize,BLZ,2020-07-04,v3
2020-08-10,ICU_incidence,0,0,0,0.01,0,0,Surged Relax Interventions 50%,Belize,BLZ,2020-07-04,v3
2020-08-10,infections,0,0,0,132.56,0,1224.77,Surged Relax Interventions 50%,Belize,BLZ,2020-07-04,v3
2020-08-10,Rt,0.29,0.87,1.32,1.54,2.14,3.39,Surged Relax Interventions 50%,Belize,BLZ,2020-07-04,v3
2020-08-11,cumulative_infections,287.08,767.25,1586,1710.19,2371.5,4688.9,Additional 50% Reduction,Belize,BLZ,2020-07-04,v3
2020-08-11,deaths,0,0,0,0.02,0,0,Additional 50% Reduction,Belize,BLZ,2020-07-04,v3
2020-08-11,hospital_demand,0,0,0,0.24,0,3.57,Additional 50% Reduction,Belize,BLZ,2020-07-04,v3
2020-08-11,hospital_incidence,0,0,0,0,0,0,Additional 50% Reduction,Belize,BLZ,2020-07-04,v3
2020-08-11,ICU_demand,0,0,0,0.07,0,1,Additional 50% Reduction,Belize,BLZ,2020-07-04,v3
2020-08-11,ICU_incidence,0,0,0,0,0,0,Additional 50% Reduction,Belize,BLZ,2020-07-04,v3
2020-08-11,infections,0,0,0,2.27,0,14.2,Additional 50% Reduction,Belize,BLZ,2020-07-04,v3
2020-08-11,Rt,0.13,0.33,0.47,0.55,0.71,1.19,Additional 50% Reduction,Belize,BLZ,2020-07-04,v3
2020-08-11,cumulative_infections,287.08,767.25,1586,2767.98,2371.5,10232.25,Maintain Status Quo,Belize,BLZ,2020-07-04,v3
2020-08-11,deaths,0,0,0,0.27,0,1.52,Maintain Status Quo,Belize,BLZ,2020-07-04,v3
2020-08-11,hospital_demand,0,0,0,5.95,0,34.32,Maintain Status Quo,Belize,BLZ,2020-07-04,v3
2020-08-11,hospital_incidence,0,0,0,0.07,0,0.52,Maintain Status Quo,Belize,BLZ,2020-07-04,v3
2020-08-11,ICU_demand,0,0,0,0.81,0,11.1,Maintain Status Quo,Belize,BLZ,2020-07-04,v3
2020-08-11,ICU_incidence,0,0,0,0.01,0,0,Maintain Status Quo,Belize,BLZ,2020-07-04,v3
2020-08-11,infections,0,0,0,119.21,0,517.45,Maintain Status Quo,Belize,BLZ,2020-07-04,v3
2020-08-11,Rt,0.26,0.67,0.95,1.09,1.41,2.37,Maintain Status Quo,Belize,BLZ,2020-07-04,v3
2020-08-11,cumulative_infections,287.08,767.25,1586,7129.99,2371.5,54196.25,Relax Interventions 50%,Belize,BLZ,2020-07-04,v3
2020-08-11,deaths,0,0,0,3.47,0,12.57,Relax Interventions 50%,Belize,BLZ,2020-07-04,v3
2020-08-11,hospital_demand,0,0,0,31.31,0,262.3,Relax Interventions 50%,Belize,BLZ,2020-07-04,v3
2020-08-11,hospital_incidence,0,0,0,0.35,0,2.52,Relax Interventions 50%,Belize,BLZ,2020-07-04,v3
2020-08-11,ICU_demand,0,0,0,2.74,0,29,Relax Interventions 50%,Belize,BLZ,2020-07-04,v3
2020-08-11,ICU_incidence,0,0,0,0.08,0,1.05,Relax Interventions 50%,Belize,BLZ,2020-07-04,v3
2020-08-11,infections,0,0,0,415.96,0,5512.95,Relax Interventions 50%,Belize,BLZ,2020-07-04,v3
2020-08-11,Rt,0.39,1,1.42,1.64,2.12,3.56,Relax Interventions 50%,Belize,BLZ,2020-07-04,v3
2020-08-11,cumulative_infections,266.28,934.75,1382,1603.79,1934.75,4784.4,Surged Additional 50% Reduction,Belize,BLZ,2020-07-04,v3
2020-08-11,deaths,0,0,0,0,0,0,Surged Additional 50% Reduction,Belize,BLZ,2020-07-04,v3
2020-08-11,hospital_demand,0,0,0,0.03,0,0,Surged Additional 50% Reduction,Belize,BLZ,2020-07-04,v3
2020-08-11,hospital_incidence,0,0,0,0,0,0,Surged Additional 50% Reduction,Belize,BLZ,2020-07-04,v3
2020-08-11,ICU_demand,0,0,0,0.01,0,0,Surged Additional 50% Reduction,Belize,BLZ,2020-07-04,v3
2020-08-11,ICU_incidence,0,0,0,0,0,0,Surged Additional 50% Reduction,Belize,BLZ,2020-07-04,v3
2020-08-11,infections,0,0,0,0.24,0,2.05,Surged Additional 50% Reduction,Belize,BLZ,2020-07-04,v3
2020-08-11,Rt,0.1,0.29,0.44,0.51,0.71,1.13,Surged Additional 50% Reduction,Belize,BLZ,2020-07-04,v3
2020-08-11,cumulative_infections,266.28,934.75,1382,1741.97,1936.5,5712.1,Surged Maintain Status Quo,Belize,BLZ,2020-07-04,v3
2020-08-11,deaths,0,0,0,0.02,0,0,Surged Maintain Status Quo,Belize,BLZ,2020-07-04,v3
2020-08-11,hospital_demand,0,0,0,0.74,0,6.72,Surged Maintain Status Quo,Belize,BLZ,2020-07-04,v3
2020-08-11,hospital_incidence,0,0,0,0,0,0,Surged Maintain Status Quo,Belize,BLZ,2020-07-04,v3
2020-08-11,ICU_demand,0,0,0,0.15,0,0.52,Surged Maintain Status Quo,Belize,BLZ,2020-07-04,v3
2020-08-11,ICU_incidence,0,0,0,0.01,0,0,Surged Maintain Status Quo,Belize,BLZ,2020-07-04,v3
2020-08-11,infections,0,0,0,12.74,0,83.65,Surged Maintain Status Quo,Belize,BLZ,2020-07-04,v3
2020-08-11,Rt,0.2,0.58,0.88,1.03,1.43,2.26,Surged Maintain Status Quo,Belize,BLZ,2020-07-04,v3
2020-08-11,cumulative_infections,266.28,934.75,1405,2769.58,1941.75,13699.57,Surged Relax Interventions 50%,Belize,BLZ,2020-07-04,v3
2020-08-11,deaths,0,0,0,0.09,0,1.52,Surged Relax Interventions 50%,Belize,BLZ,2020-07-04,v3
2020-08-11,hospital_demand,0,0,0,6.36,0,66,Surged Relax Interventions 50%,Belize,BLZ,2020-07-04,v3
2020-08-11,hospital_incidence,0,0,0,0.12,0,0.52,Surged Relax Interventions 50%,Belize,BLZ,2020-07-04,v3
2020-08-11,ICU_demand,0,0,0,1.82,0,13.15,Surged Relax Interventions 50%,Belize,BLZ,2020-07-04,v3
2020-08-11,ICU_incidence,0,0,0,0.03,0,0,Surged Relax Interventions 50%,Belize,BLZ,2020-07-04,v3
2020-08-11,infections,0,0,0,148.76,0,1390.35,Surged Relax Interventions 50%,Belize,BLZ,2020-07-04,v3
2020-08-11,Rt,0.29,0.87,1.32,1.54,2.14,3.39,Surged Relax Interventions 50%,Belize,BLZ,2020-07-04,v3
2020-08-12,cumulative_infections,287.08,767.25,1586,1712.2,2371.5,4688.9,Additional 50% Reduction,Belize,BLZ,2020-07-04,v3
2020-08-12,deaths,0,0,0,0.01,0,0,Additional 50% Reduction,Belize,BLZ,2020-07-04,v3
2020-08-12,hospital_demand,0,0,0,0.25,0,3.57,Additional 50% Reduction,Belize,BLZ,2020-07-04,v3
2020-08-12,hospital_incidence,0,0,0,0,0,0,Additional 50% Reduction,Belize,BLZ,2020-07-04,v3
2020-08-12,ICU_demand,0,0,0,0.07,0,0.52,Additional 50% Reduction,Belize,BLZ,2020-07-04,v3
2020-08-12,ICU_incidence,0,0,0,0,0,0,Additional 50% Reduction,Belize,BLZ,2020-07-04,v3
2020-08-12,infections,0,0,0,2.01,0,13.4,Additional 50% Reduction,Belize,BLZ,2020-07-04,v3
2020-08-12,Rt,0.13,0.33,0.47,0.55,0.71,1.19,Additional 50% Reduction,Belize,BLZ,2020-07-04,v3
2020-08-12,cumulative_infections,287.08,767.25,1586,2898.23,2371.5,10743.1,Maintain Status Quo,Belize,BLZ,2020-07-04,v3
2020-08-12,deaths,0,0,0,0.25,0,0,Maintain Status Quo,Belize,BLZ,2020-07-04,v3
2020-08-12,hospital_demand,0,0,0,6.81,0,37.9,Maintain Status Quo,Belize,BLZ,2020-07-04,v3
2020-08-12,hospital_incidence,0,0,0,0.02,0,0,Maintain Status Quo,Belize,BLZ,2020-07-04,v3
2020-08-12,ICU_demand,0,0,0,0.89,0,12,Maintain Status Quo,Belize,BLZ,2020-07-04,v3
2020-08-12,ICU_incidence,0,0,0,0,0,0,Maintain Status Quo,Belize,BLZ,2020-07-04,v3
2020-08-12,infections,0,0,0,130.25,0,510.85,Maintain Status Quo,Belize,BLZ,2020-07-04,v3
2020-08-12,Rt,0.26,0.67,0.95,1.09,1.41,2.37,Maintain Status Quo,Belize,BLZ,2020-07-04,v3
2020-08-12,cumulative_infections,287.08,767.25,1586,7535.17,2371.5,60064.3,Relax Interventions 50%,Belize,BLZ,2020-07-04,v3
2020-08-12,deaths,0,0,0,3.68,0,15.1,Relax Interventions 50%,Belize,BLZ,2020-07-04,v3
2020-08-12,hospital_demand,0,0,0,33.86,0,300.92,Relax Interventions 50%,Belize,BLZ,2020-07-04,v3
2020-08-12,hospital_incidence,0,0,0,0.43,0,4.67,Relax Interventions 50%,Belize,BLZ,2020-07-04,v3
2020-08-12,ICU_demand,0,0,0,2.74,0,28.15,Relax Interventions 50%,Belize,BLZ,2020-07-04,v3
2020-08-12,ICU_incidence,0,0,0,0.11,0,0.52,Relax Interventions 50%,Belize,BLZ,2020-07-04,v3
2020-08-12,infections,0,0,0,405.18,0,5868.05,Relax Interventions 50%,Belize,BLZ,2020-07-04,v3
2020-08-12,Rt,0.39,1,1.42,1.64,2.12,3.56,Relax Interventions 50%,Belize,BLZ,2020-07-04,v3
2020-08-12,cumulative_infections,266.28,934.75,1382,1604,1934.75,4784.4,Surged Additional 50% Reduction,Belize,BLZ,2020-07-04,v3
2020-08-12,deaths,0,0,0,0,0,0,Surged Additional 50% Reduction,Belize,BLZ,2020-07-04,v3
2020-08-12,hospital_demand,0,0,0,0.03,0,0,Surged Additional 50% Reduction,Belize,BLZ,2020-07-04,v3
2020-08-12,hospital_incidence,0,0,0,0,0,0,Surged Additional 50% Reduction,Belize,BLZ,2020-07-04,v3
2020-08-12,ICU_demand,0,0,0,0.01,0,0,Surged Additional 50% Reduction,Belize,BLZ,2020-07-04,v3
2020-08-12,ICU_incidence,0,0,0,0,0,0,Surged Additional 50% Reduction,Belize,BLZ,2020-07-04,v3
2020-08-12,infections,0,0,0,0.21,0,3,Surged Additional 50% Reduction,Belize,BLZ,2020-07-04,v3
2020-08-12,Rt,0.1,0.29,0.44,0.51,0.71,1.13,Surged Additional 50% Reduction,Belize,BLZ,2020-07-04,v3
2020-08-12,cumulative_infections,266.28,934.75,1382,1755.68,1936.5,5712.1,Surged Maintain Status Quo,Belize,BLZ,2020-07-04,v3
2020-08-12,deaths,0,0,0,0,0,0,Surged Maintain Status Quo,Belize,BLZ,2020-07-04,v3
2020-08-12,hospital_demand,0,0,0,0.84,0,7.77,Surged Maintain Status Quo,Belize,BLZ,2020-07-04,v3
2020-08-12,hospital_incidence,0,0,0,0,0,0,Surged Maintain Status Quo,Belize,BLZ,2020-07-04,v3
2020-08-12,ICU_demand,0,0,0,0.19,0,0.52,Surged Maintain Status Quo,Belize,BLZ,2020-07-04,v3
2020-08-12,ICU_incidence,0,0,0,0,0,0,Surged Maintain Status Quo,Belize,BLZ,2020-07-04,v3
2020-08-12,infections,0,0,0,13.71,0,83.97,Surged Maintain Status Quo,Belize,BLZ,2020-07-04,v3
2020-08-12,Rt,0.2,0.58,0.88,1.03,1.43,2.26,Surged Maintain Status Quo,Belize,BLZ,2020-07-04,v3
2020-08-12,cumulative_infections,266.28,934.75,1408,2934.23,1941.75,15367.15,Surged Relax Interventions 50%,Belize,BLZ,2020-07-04,v3
2020-08-12,deaths,0,0,0,0.1,0,0,Surged Relax Interventions 50%,Belize,BLZ,2020-07-04,v3
2020-08-12,hospital_demand,0,0,0,7.51,0,74.15,Surged Relax Interventions 50%,Belize,BLZ,2020-07-04,v3
2020-08-12,hospital_incidence,0,0,0,0.03,0,0.52,Surged Relax Interventions 50%,Belize,BLZ,2020-07-04,v3
2020-08-12,ICU_demand,0,0,0,2.04,0,16.15,Surged Relax Interventions 50%,Belize,BLZ,2020-07-04,v3
2020-08-12,ICU_incidence,0,0,0,0.03,0,0,Surged Relax Interventions 50%,Belize,BLZ,2020-07-04,v3
2020-08-12,infections,0,0,0,164.65,0,1667.57,Surged Relax Interventions 50%,Belize,BLZ,2020-07-04,v3
2020-08-12,Rt,0.29,0.87,1.32,1.54,2.14,3.39,Surged Relax Interventions 50%,Belize,BLZ,2020-07-04,v3
2020-08-13,cumulative_infections,287.08,767.25,1586,1714.43,2371.5,4688.9,Additional 50% Reduction,Belize,BLZ,2020-07-04,v3
2020-08-13,deaths,0,0,0,0,0,0,Additional 50% Reduction,Belize,BLZ,2020-07-04,v3
2020-08-13,hospital_demand,0,0,0,0.23,0,3.57,Additional 50% Reduction,Belize,BLZ,2020-07-04,v3
2020-08-13,hospital_incidence,0,0,0,0,0,0,Additional 50% Reduction,Belize,BLZ,2020-07-04,v3
2020-08-13,ICU_demand,0,0,0,0.08,0,0.52,Additional 50% Reduction,Belize,BLZ,2020-07-04,v3
2020-08-13,ICU_incidence,0,0,0,0,0,0,Additional 50% Reduction,Belize,BLZ,2020-07-04,v3
2020-08-13,infections,0,0,0,2.23,0,10.05,Additional 50% Reduction,Belize,BLZ,2020-07-04,v3
2020-08-13,Rt,0.13,0.33,0.47,0.55,0.71,1.19,Additional 50% Reduction,Belize,BLZ,2020-07-04,v3
2020-08-13,cumulative_infections,287.08,767.25,1586,3040.77,2371.5,11336.97,Maintain Status Quo,Belize,BLZ,2020-07-04,v3
2020-08-13,deaths,0,0,0,0.37,0,0.52,Maintain Status Quo,Belize,BLZ,2020-07-04,v3
2020-08-13,hospital_demand,0,0,0,7.79,0,42.32,Maintain Status Quo,Belize,BLZ,2020-07-04,v3
2020-08-13,hospital_incidence,0,0,0,0.05,0,0.52,Maintain Status Quo,Belize,BLZ,2020-07-04,v3
2020-08-13,ICU_demand,0,0,0,0.87,0,14,Maintain Status Quo,Belize,BLZ,2020-07-04,v3
2020-08-13,ICU_incidence,0,0,0,0.04,0,0,Maintain Status Quo,Belize,BLZ,2020-07-04,v3
2020-08-13,infections,0,0,0,142.54,0,593.87,Maintain Status Quo,Belize,BLZ,2020-07-04,v3
2020-08-13,Rt,0.26,0.67,0.95,1.09,1.41,2.37,Maintain Status Quo,Belize,BLZ,2020-07-04,v3
2020-08-13,cumulative_infections,287.08,767.25,1586,7930.74,2371.5,66475.82,Relax Interventions 50%,Belize,BLZ,2020-07-04,v3
2020-08-13,deaths,0,0,0,4,0,12.62,Relax Interventions 50%,Belize,BLZ,2020-07-04,v3
2020-08-13,hospital_demand,0,0,0,35.26,0,334.52,Relax Interventions 50%,Belize,BLZ,2020-07-04,v3
2020-08-13,hospital_incidence,0,0,0,0.31,0,4,Relax Interventions 50%,Belize,BLZ,2020-07-04,v3
2020-08-13,ICU_demand,0,0,0,2.73,0,31.82,Relax Interventions 50%,Belize,BLZ,2020-07-04,v3
2020-08-13,ICU_incidence,0,0,0,0.06,0,0.52,Relax Interventions 50%,Belize,BLZ,2020-07-04,v3
2020-08-13,infections,0,0,0,395.57,0,6411.52,Relax Interventions 50%,Belize,BLZ,2020-07-04,v3
2020-08-13,Rt,0.39,1,1.42,1.64,2.12,3.56,Relax Interventions 50%,Belize,BLZ,2020-07-04,v3
2020-08-13,cumulative_infections,266.28,934.75,1382,1604.15,1934.75,4784.4,Surged Additional 50% Reduction,Belize,BLZ,2020-07-04,v3
2020-08-13,deaths,0,0,0,0,0,0,Surged Additional 50% Reduction,Belize,BLZ,2020-07-04,v3
2020-08-13,hospital_demand,0,0,0,0.02,0,0,Surged Additional 50% Reduction,Belize,BLZ,2020-07-04,v3
2020-08-13,hospital_incidence,0,0,0,0,0,0,Surged Additional 50% Reduction,Belize,BLZ,2020-07-04,v3
2020-08-13,ICU_demand,0,0,0,0.01,0,0,Surged Additional 50% Reduction,Belize,BLZ,2020-07-04,v3
2020-08-13,ICU_incidence,0,0,0,0,0,0,Surged Additional 50% Reduction,Belize,BLZ,2020-07-04,v3
2020-08-13,infections,0,0,0,0.15,0,0.52,Surged Additional 50% Reduction,Belize,BLZ,2020-07-04,v3
2020-08-13,Rt,0.1,0.29,0.44,0.51,0.71,1.13,Surged Additional 50% Reduction,Belize,BLZ,2020-07-04,v3
2020-08-13,cumulative_infections,266.28,934.75,1382,1771.22,1936.5,5712.1,Surged Maintain Status Quo,Belize,BLZ,2020-07-04,v3
2020-08-13,deaths,0,0,0,0.01,0,0,Surged Maintain Status Quo,Belize,BLZ,2020-07-04,v3
2020-08-13,hospital_demand,0,0,0,0.89,0,7.25,Surged Maintain Status Quo,Belize,BLZ,2020-07-04,v3
2020-08-13,hospital_incidence,0,0,0,0,0,0,Surged Maintain Status Quo,Belize,BLZ,2020-07-04,v3
2020-08-13,ICU_demand,0,0,0,0.2,0,0.52,Surged Maintain Status Quo,Belize,BLZ,2020-07-04,v3
2020-08-13,ICU_incidence,0,0,0,0,0,0,Surged Maintain Status Quo,Belize,BLZ,2020-07-04,v3
2020-08-13,infections,0,0,0,15.54,0,86.3,Surged Maintain Status Quo,Belize,BLZ,2020-07-04,v3
2020-08-13,Rt,0.2,0.58,0.88,1.03,1.43,2.26,Surged Maintain Status Quo,Belize,BLZ,2020-07-04,v3
2020-08-13,cumulative_infections,266.28,934.75,1412,3114.65,1941.75,17211.4,Surged Relax Interventions 50%,Belize,BLZ,2020-07-04,v3
2020-08-13,deaths,0,0,0,0.12,0,1,Surged Relax Interventions 50%,Belize,BLZ,2020-07-04,v3
2020-08-13,hospital_demand,0,0,0,8.53,0,84.82,Surged Relax Interventions 50%,Belize,BLZ,2020-07-04,v3
2020-08-13,hospital_incidence,0,0,0,0.13,0,0.52,Surged Relax Interventions 50%,Belize,BLZ,2020-07-04,v3
2020-08-13,ICU_demand,0,0,0,2.34,0,15.62,Surged Relax Interventions 50%,Belize,BLZ,2020-07-04,v3
2020-08-13,ICU_incidence,0,0,0,0.04,0,0.52,Surged Relax Interventions 50%,Belize,BLZ,2020-07-04,v3
2020-08-13,infections,0,0,0,180.42,0,1844.25,Surged Relax Interventions 50%,Belize,BLZ,2020-07-04,v3
2020-08-13,Rt,0.29,0.87,1.32,1.54,2.14,3.39,Surged Relax Interventions 50%,Belize,BLZ,2020-07-04,v3
2020-08-14,cumulative_infections,287.08,767.25,1586,1716.73,2371.5,4688.9,Additional 50% Reduction,Belize,BLZ,2020-07-04,v3
2020-08-14,deaths,0,0,0,0,0,0,Additional 50% Reduction,Belize,BLZ,2020-07-04,v3
2020-08-14,hospital_demand,0,0,0,0.23,0,3.57,Additional 50% Reduction,Belize,BLZ,2020-07-04,v3
2020-08-14,hospital_incidence,0,0,0,0,0,0,Additional 50% Reduction,Belize,BLZ,2020-07-04,v3
2020-08-14,ICU_demand,0,0,0,0.08,0,0.52,Additional 50% Reduction,Belize,BLZ,2020-07-04,v3
2020-08-14,ICU_incidence,0,0,0,0,0,0,Additional 50% Reduction,Belize,BLZ,2020-07-04,v3
2020-08-14,infections,0,0,0,2.3,0,10.2,Additional 50% Reduction,Belize,BLZ,2020-07-04,v3
2020-08-14,Rt,0.13,0.33,0.47,0.55,0.71,1.19,Additional 50% Reduction,Belize,BLZ,2020-07-04,v3
2020-08-14,cumulative_infections,287.08,767.25,1586,3192.72,2371.5,11927.55,Maintain Status Quo,Belize,BLZ,2020-07-04,v3
2020-08-14,deaths,0,0,0,0.28,0,1.52,Maintain Status Quo,Belize,BLZ,2020-07-04,v3
2020-08-14,hospital_demand,0,0,0,8.83,0,45.6,Maintain Status Quo,Belize,BLZ,2020-07-04,v3
2020-08-14,hospital_incidence,0,0,0,0.07,0,0,Maintain Status Quo,Belize,BLZ,2020-07-04,v3
2020-08-14,ICU_demand,0,0,0,0.84,0,13.05,Maintain Status Quo,Belize,BLZ,2020-07-04,v3
2020-08-14,ICU_incidence,0,0,0,0.03,0,0,Maintain Status Quo,Belize,BLZ,2020-07-04,v3
2020-08-14,infections,0,0,0,151.95,0,590.57,Maintain Status Quo,Belize,BLZ,2020-07-04,v3
2020-08-14,Rt,0.26,0.67,0.95,1.09,1.41,2.37,Maintain Status Quo,Belize,BLZ,2020-07-04,v3
2020-08-14,cumulative_infections,287.08,767.25,1586,8321.1,2371.5,73424.9,Relax Interventions 50%,Belize,BLZ,2020-07-04,v3
2020-08-14,deaths,0,0,0,3.76,0,15.25,Relax Interventions 50%,Belize,BLZ,2020-07-04,v3
2020-08-14,hospital_demand,0,0,0,36.45,0,369.65,Relax Interventions 50%,Belize,BLZ,2020-07-04,v3
2020-08-14,hospital_incidence,0,0,0,0.33,0,3.05,Relax Interventions 50%,Belize,BLZ,2020-07-04,v3
2020-08-14,ICU_demand,0,0,0,3.11,0,35.5,Relax Interventions 50%,Belize,BLZ,2020-07-04,v3
2020-08-14,ICU_incidence,0,0,0,0.09,0,0.52,Relax Interventions 50%,Belize,BLZ,2020-07-04,v3
2020-08-14,infections,0,0,0,390.36,0,6949.07,Relax Interventions 50%,Belize,BLZ,2020-07-04,v3
2020-08-14,Rt,0.39,1,1.42,1.64,2.12,3.56,Relax Interventions 50%,Belize,BLZ,2020-07-04,v3
2020-08-14,cumulative_infections,266.28,934.75,1382,1604.37,1934.75,4784.4,Surged Additional 50% Reduction,Belize,BLZ,2020-07-04,v3
2020-08-14,deaths,0,0,0,0,0,0,Surged Additional 50% Reduction,Belize,BLZ,2020-07-04,v3
2020-08-14,hospital_demand,0,0,0,0.02,0,0,Surged Additional 50% Reduction,Belize,BLZ,2020-07-04,v3
2020-08-14,hospital_incidence,0,0,0,0,0,0,Surged Additional 50% Reduction,Belize,BLZ,2020-07-04,v3
2020-08-14,ICU_demand,0,0,0,0.01,0,0,Surged Additional 50% Reduction,Belize,BLZ,2020-07-04,v3
2020-08-14,ICU_incidence,0,0,0,0,0,0,Surged Additional 50% Reduction,Belize,BLZ,2020-07-04,v3
2020-08-14,infections,0,0,0,0.22,0,1.52,Surged Additional 50% Reduction,Belize,BLZ,2020-07-04,v3
2020-08-14,Rt,0.1,0.29,0.44,0.51,0.71,1.13,Surged Additional 50% Reduction,Belize,BLZ,2020-07-04,v3
2020-08-14,cumulative_infections,266.28,934.75,1382,1787.22,1936.75,5712.1,Surged Maintain Status Quo,Belize,BLZ,2020-07-04,v3
2020-08-14,deaths,0,0,0,0.01,0,0,Surged Maintain Status Quo,Belize,BLZ,2020-07-04,v3
2020-08-14,hospital_demand,0,0,0,0.9,0,7.2,Surged Maintain Status Quo,Belize,BLZ,2020-07-04,v3
2020-08-14,hospital_incidence,0,0,0,0.01,0,0,Surged Maintain Status Quo,Belize,BLZ,2020-07-04,v3
2020-08-14,ICU_demand,0,0,0,0.21,0,0.52,Surged Maintain Status Quo,Belize,BLZ,2020-07-04,v3
2020-08-14,ICU_incidence,0,0,0,0.01,0,0,Surged Maintain Status Quo,Belize,BLZ,2020-07-04,v3
2020-08-14,infections,0,0,0,16,0,82.02,Surged Maintain Status Quo,Belize,BLZ,2020-07-04,v3
2020-08-14,Rt,0.2,0.58,0.88,1.03,1.43,2.26,Surged Maintain Status Quo,Belize,BLZ,2020-07-04,v3
2020-08-14,cumulative_infections,266.28,934.75,1413,3310.83,1941.75,19362.15,Surged Relax Interventions 50%,Belize,BLZ,2020-07-04,v3
2020-08-14,deaths,0,0,0,0.13,0,0,Surged Relax Interventions 50%,Belize,BLZ,2020-07-04,v3
2020-08-14,hospital_demand,0,0,0,9.72,0,102.65,Surged Relax Interventions 50%,Belize,BLZ,2020-07-04,v3
2020-08-14,hospital_incidence,0,0,0,0.09,0,0.52,Surged Relax Interventions 50%,Belize,BLZ,2020-07-04,v3
2020-08-14,ICU_demand,0,0,0,2.62,0,20.25,Surged Relax Interventions 50%,Belize,BLZ,2020-07-04,v3
2020-08-14,ICU_incidence,0,0,0,0.04,0,0,Surged Relax Interventions 50%,Belize,BLZ,2020-07-04,v3
2020-08-14,infections,0,0,0,196.18,0,2150.75,Surged Relax Interventions 50%,Belize,BLZ,2020-07-04,v3
2020-08-14,Rt,0.29,0.87,1.32,1.54,2.14,3.39,Surged Relax Interventions 50%,Belize,BLZ,2020-07-04,v3
2020-08-15,cumulative_infections,287.08,767.25,1586,1719.13,2371.5,4688.9,Additional 50% Reduction,Belize,BLZ,2020-07-04,v3
2020-08-15,deaths,0,0,0,0.02,0,0,Additional 50% Reduction,Belize,BLZ,2020-07-04,v3
2020-08-15,hospital_demand,0,0,0,0.19,0,2.57,Additional 50% Reduction,Belize,BLZ,2020-07-04,v3
2020-08-15,hospital_incidence,0,0,0,0,0,0,Additional 50% Reduction,Belize,BLZ,2020-07-04,v3
2020-08-15,ICU_demand,0,0,0,0.1,0,1.52,Additional 50% Reduction,Belize,BLZ,2020-07-04,v3
2020-08-15,ICU_incidence,0,0,0,0,0,0,Additional 50% Reduction,Belize,BLZ,2020-07-04,v3
2020-08-15,infections,0,0,0,2.4,0,8.2,Additional 50% Reduction,Belize,BLZ,2020-07-04,v3
2020-08-15,Rt,0.13,0.33,0.47,0.55,0.71,1.19,Additional 50% Reduction,Belize,BLZ,2020-07-04,v3
2020-08-15,cumulative_infections,287.08,767.25,1586,3352.65,2371.5,12595,Maintain Status Quo,Belize,BLZ,2020-07-04,v3
2020-08-15,deaths,0,0,0,0.32,0,0.52,Maintain Status Quo,Belize,BLZ,2020-07-04,v3
2020-08-15,hospital_demand,0,0,0,9.52,0,43.55,Maintain Status Quo,Belize,BLZ,2020-07-04,v3
2020-08-15,hospital_incidence,0,0,0,0.08,0,0,Maintain Status Quo,Belize,BLZ,2020-07-04,v3
2020-08-15,ICU_demand,0,0,0,1.04,0,12.52,Maintain Status Quo,Belize,BLZ,2020-07-04,v3
2020-08-15,ICU_incidence,0,0,0,0.05,0,0,Maintain Status Quo,Belize,BLZ,2020-07-04,v3
2020-08-15,infections,0,0,0,159.93,0,667.45,Maintain Status Quo,Belize,BLZ,2020-07-04,v3
2020-08-15,Rt,0.26,0.67,0.95,1.09,1.41,2.37,Maintain Status Quo,Belize,BLZ,2020-07-04,v3
2020-08-15,cumulative_infections,287.08,767.25,1586,8699.52,2371.5,80768.97,Relax Interventions 50%,Belize,BLZ,2020-07-04,v3
2020-08-15,deaths,0,0,0,4.27,0,22.4,Relax Interventions 50%,Belize,BLZ,2020-07-04,v3
2020-08-15,hospital_demand,0,0,0,37.86,0,421.15,Relax Interventions 50%,Belize,BLZ,2020-07-04,v3
2020-08-15,hospital_incidence,0,0,0,0.35,0,5.15,Relax Interventions 50%,Belize,BLZ,2020-07-04,v3
2020-08-15,ICU_demand,0,0,0,2.95,0,36.65,Relax Interventions 50%,Belize,BLZ,2020-07-04,v3
2020-08-15,ICU_incidence,0,0,0,0.1,0,0.52,Relax Interventions 50%,Belize,BLZ,2020-07-04,v3
2020-08-15,infections,0,0,0,378.42,0,7313.1,Relax Interventions 50%,Belize,BLZ,2020-07-04,v3
2020-08-15,Rt,0.39,1,1.42,1.64,2.12,3.56,Relax Interventions 50%,Belize,BLZ,2020-07-04,v3
2020-08-15,cumulative_infections,266.28,934.75,1382,1604.63,1934.75,4784.4,Surged Additional 50% Reduction,Belize,BLZ,2020-07-04,v3
2020-08-15,deaths,0,0,0,0,0,0,Surged Additional 50% Reduction,Belize,BLZ,2020-07-04,v3
2020-08-15,hospital_demand,0,0,0,0.02,0,0,Surged Additional 50% Reduction,Belize,BLZ,2020-07-04,v3
2020-08-15,hospital_incidence,0,0,0,0,0,0,Surged Additional 50% Reduction,Belize,BLZ,2020-07-04,v3
2020-08-15,ICU_demand,0,0,0,0.01,0,0,Surged Additional 50% Reduction,Belize,BLZ,2020-07-04,v3
2020-08-15,ICU_incidence,0,0,0,0,0,0,Surged Additional 50% Reduction,Belize,BLZ,2020-07-04,v3
2020-08-15,infections,0,0,0,0.26,0,2.57,Surged Additional 50% Reduction,Belize,BLZ,2020-07-04,v3
2020-08-15,Rt,0.1,0.29,0.44,0.51,0.71,1.13,Surged Additional 50% Reduction,Belize,BLZ,2020-07-04,v3
2020-08-15,cumulative_infections,266.28,934.75,1382,1804.76,1936.75,5712.1,Surged Maintain Status Quo,Belize,BLZ,2020-07-04,v3
2020-08-15,deaths,0,0,0,0.02,0,0,Surged Maintain Status Quo,Belize,BLZ,2020-07-04,v3
2020-08-15,hospital_demand,0,0,0,0.95,0,6.15,Surged Maintain Status Quo,Belize,BLZ,2020-07-04,v3
2020-08-15,hospital_incidence,0,0,0,0.01,0,0,Surged Maintain Status Quo,Belize,BLZ,2020-07-04,v3
2020-08-15,ICU_demand,0,0,0,0.29,0,1.05,Surged Maintain Status Quo,Belize,BLZ,2020-07-04,v3
2020-08-15,ICU_incidence,0,0,0,0,0,0,Surged Maintain Status Quo,Belize,BLZ,2020-07-04,v3
2020-08-15,infections,0,0,0,17.54,0,99.8,Surged Maintain Status Quo,Belize,BLZ,2020-07-04,v3
2020-08-15,Rt,0.2,0.58,0.88,1.03,1.43,2.26,Surged Maintain Status Quo,Belize,BLZ,2020-07-04,v3
2020-08-15,cumulative_infections,266.28,934.75,1417,3523.19,1941.75,21771.77,Surged Relax Interventions 50%,Belize,BLZ,2020-07-04,v3
2020-08-15,deaths,0,0,0,0.12,0,2,Surged Relax Interventions 50%,Belize,BLZ,2020-07-04,v3
2020-08-15,hospital_demand,0,0,0,11.28,0,113.17,Surged Relax Interventions 50%,Belize,BLZ,2020-07-04,v3
2020-08-15,hospital_incidence,0,0,0,0.13,0,0.52,Surged Relax Interventions 50%,Belize,BLZ,2020-07-04,v3
2020-08-15,ICU_demand,0,0,0,2.99,0,21.87,Surged Relax Interventions 50%,Belize,BLZ,2020-07-04,v3
2020-08-15,ICU_incidence,0,0,0,0,0,0,Surged Relax Interventions 50%,Belize,BLZ,2020-07-04,v3
2020-08-15,infections,0,0,0,212.36,0,2373.92,Surged Relax Interventions 50%,Belize,BLZ,2020-07-04,v3
2020-08-15,Rt,0.29,0.87,1.32,1.54,2.14,3.39,Surged Relax Interventions 50%,Belize,BLZ,2020-07-04,v3
2020-08-16,cumulative_infections,287.08,767.25,1586,1721.76,2371.5,4688.9,Additional 50% Reduction,Belize,BLZ,2020-07-04,v3
2020-08-16,deaths,0,0,0,0.01,0,0,Additional 50% Reduction,Belize,BLZ,2020-07-04,v3
2020-08-16,hospital_demand,0,0,0,0.21,0,2.05,Additional 50% Reduction,Belize,BLZ,2020-07-04,v3
2020-08-16,hospital_incidence,0,0,0,0,0,0,Additional 50% Reduction,Belize,BLZ,2020-07-04,v3
2020-08-16,ICU_demand,0,0,0,0.09,0,1,Additional 50% Reduction,Belize,BLZ,2020-07-04,v3
2020-08-16,ICU_incidence,0,0,0,0,0,0,Additional 50% Reduction,Belize,BLZ,2020-07-04,v3
2020-08-16,infections,0,0,0,2.63,0,15.3,Additional 50% Reduction,Belize,BLZ,2020-07-04,v3
2020-08-16,Rt,0.13,0.33,0.47,0.55,0.71,1.19,Additional 50% Reduction,Belize,BLZ,2020-07-04,v3
2020-08-16,cumulative_infections,287.08,767.25,1586,3523.14,2371.5,13296.27,Maintain Status Quo,Belize,BLZ,2020-07-04,v3
2020-08-16,deaths,0,0,0,0.52,0,0,Maintain Status Quo,Belize,BLZ,2020-07-04,v3
2020-08-16,hospital_demand,0,0,0,10.36,0,44.45,Maintain Status Quo,Belize,BLZ,2020-07-04,v3
2020-08-16,hospital_incidence,0,0,0,0.13,0,0,Maintain Status Quo,Belize,BLZ,2020-07-04,v3
2020-08-16,ICU_demand,0,0,0,1.12,0,13.05,Maintain Status Quo,Belize,BLZ,2020-07-04,v3
2020-08-16,ICU_incidence,0,0,0,0.04,0,0,Maintain Status Quo,Belize,BLZ,2020-07-04,v3
2020-08-16,infections,0,0,0,170.49,0,701.27,Maintain Status Quo,Belize,BLZ,2020-07-04,v3
2020-08-16,Rt,0.26,0.67,0.95,1.09,1.41,2.37,Maintain Status Quo,Belize,BLZ,2020-07-04,v3
2020-08-16,cumulative_infections,287.08,767.25,1586,9065.43,2371.5,88523.62,Relax Interventions 50%,Belize,BLZ,2020-07-04,v3
2020-08-16,deaths,0,0,0,4.46,0,23.4,Relax Interventions 50%,Belize,BLZ,2020-07-04,v3
2020-08-16,hospital_demand,0,0,0,39.01,0,460.9,Relax Interventions 50%,Belize,BLZ,2020-07-04,v3
2020-08-16,hospital_incidence,0,0,0,0.34,0,5.1,Relax Interventions 50%,Belize,BLZ,2020-07-04,v3
2020-08-16,ICU_demand,0,0,0,2.96,0,43.12,Relax Interventions 50%,Belize,BLZ,2020-07-04,v3
2020-08-16,ICU_incidence,0,0,0,0.07,0,0,Relax Interventions 50%,Belize,BLZ,2020-07-04,v3
2020-08-16,infections,0,0,0,365.91,0,6849.55,Relax Interventions 50%,Belize,BLZ,2020-07-04,v3
2020-08-16,Rt,0.39,1,1.42,1.64,2.12,3.56,Relax Interventions 50%,Belize,BLZ,2020-07-04,v3
2020-08-16,cumulative_infections,266.28,934.75,1382,1604.77,1934.75,4784.4,Surged Additional 50% Reduction,Belize,BLZ,2020-07-04,v3
2020-08-16,deaths,0,0,0,0,0,0,Surged Additional 50% Reduction,Belize,BLZ,2020-07-04,v3
2020-08-16,hospital_demand,0,0,0,0.01,0,0,Surged Additional 50% Reduction,Belize,BLZ,2020-07-04,v3
2020-08-16,hospital_incidence,0,0,0,0,0,0,Surged Additional 50% Reduction,Belize,BLZ,2020-07-04,v3
2020-08-16,ICU_demand,0,0,0,0.01,0,0,Surged Additional 50% Reduction,Belize,BLZ,2020-07-04,v3
2020-08-16,ICU_incidence,0,0,0,0,0,0,Surged Additional 50% Reduction,Belize,BLZ,2020-07-04,v3
2020-08-16,infections,0,0,0,0.14,0,0.52,Surged Additional 50% Reduction,Belize,BLZ,2020-07-04,v3
2020-08-16,Rt,0.1,0.29,0.44,0.51,0.71,1.13,Surged Additional 50% Reduction,Belize,BLZ,2020-07-04,v3
2020-08-16,cumulative_infections,266.28,934.75,1382,1824.41,1936.75,5769.1,Surged Maintain Status Quo,Belize,BLZ,2020-07-04,v3
2020-08-16,deaths,0,0,0,0.01,0,0,Surged Maintain Status Quo,Belize,BLZ,2020-07-04,v3
2020-08-16,hospital_demand,0,0,0,1.08,0,6.72,Surged Maintain Status Quo,Belize,BLZ,2020-07-04,v3
2020-08-16,hospital_incidence,0,0,0,0.01,0,0,Surged Maintain Status Quo,Belize,BLZ,2020-07-04,v3
2020-08-16,ICU_demand,0,0,0,0.3,0,1.05,Surged Maintain Status Quo,Belize,BLZ,2020-07-04,v3
2020-08-16,ICU_incidence,0,0,0,0,0,0,Surged Maintain Status Quo,Belize,BLZ,2020-07-04,v3
2020-08-16,infections,0,0,0,19.65,0,101.7,Surged Maintain Status Quo,Belize,BLZ,2020-07-04,v3
2020-08-16,Rt,0.2,0.58,0.88,1.03,1.43,2.26,Surged Maintain Status Quo,Belize,BLZ,2020-07-04,v3
2020-08-16,cumulative_infections,266.28,934.75,1420.5,3749.24,1941.75,24531.7,Surged Relax Interventions 50%,Belize,BLZ,2020-07-04,v3
2020-08-16,deaths,0,0,0,0.19,0,1,Surged Relax Interventions 50%,Belize,BLZ,2020-07-04,v3
2020-08-16,hospital_demand,0,0,0,13.04,0,126.9,Surged Relax Interventions 50%,Belize,BLZ,2020-07-04,v3
2020-08-16,hospital_incidence,0,0,0,0.09,0,0,Surged Relax Interventions 50%,Belize,BLZ,2020-07-04,v3
2020-08-16,ICU_demand,0,0,0,3.3,0,26.02,Surged Relax Interventions 50%,Belize,BLZ,2020-07-04,v3
2020-08-16,ICU_incidence,0,0,0,0.02,0,0,Surged Relax Interventions 50%,Belize,BLZ,2020-07-04,v3
2020-08-16,infections,0,0,0,226.05,0,2569.35,Surged Relax Interventions 50%,Belize,BLZ,2020-07-04,v3
2020-08-16,Rt,0.29,0.87,1.32,1.54,2.14,3.39,Surged Relax Interventions 50%,Belize,BLZ,2020-07-04,v3
2020-08-17,cumulative_infections,287.08,767.25,1586,1724.26,2371.5,4688.9,Additional 50% Reduction,Belize,BLZ,2020-07-04,v3
2020-08-17,deaths,0,0,0,0.01,0,0,Additional 50% Reduction,Belize,BLZ,2020-07-04,v3
2020-08-17,hospital_demand,0,0,0,0.21,0,2.05,Additional 50% Reduction,Belize,BLZ,2020-07-04,v3
2020-08-17,hospital_incidence,0,0,0,0.01,0,0,Additional 50% Reduction,Belize,BLZ,2020-07-04,v3
2020-08-17,ICU_demand,0,0,0,0.08,0,0.52,Additional 50% Reduction,Belize,BLZ,2020-07-04,v3
2020-08-17,ICU_incidence,0,0,0,0,0,0,Additional 50% Reduction,Belize,BLZ,2020-07-04,v3
2020-08-17,infections,0,0,0,2.5,0,12.1,Additional 50% Reduction,Belize,BLZ,2020-07-04,v3
2020-08-17,Rt,0.13,0.33,0.47,0.55,0.71,1.19,Additional 50% Reduction,Belize,BLZ,2020-07-04,v3
2020-08-17,cumulative_infections,287.08,767.25,1586,3703.92,2371.5,14009.47,Maintain Status Quo,Belize,BLZ,2020-07-04,v3
2020-08-17,deaths,0,0,0,0.57,0,2,Maintain Status Quo,Belize,BLZ,2020-07-04,v3
2020-08-17,hospital_demand,0,0,0,11.25,0,45.77,Maintain Status Quo,Belize,BLZ,2020-07-04,v3
2020-08-17,hospital_incidence,0,0,0,0.12,0,0,Maintain Status Quo,Belize,BLZ,2020-07-04,v3
2020-08-17,ICU_demand,0,0,0,1.13,0,13.57,Maintain Status Quo,Belize,BLZ,2020-07-04,v3
2020-08-17,ICU_incidence,0,0,0,0.03,0,0,Maintain Status Quo,Belize,BLZ,2020-07-04,v3
2020-08-17,infections,0,0,0,180.78,0,713.2,Maintain Status Quo,Belize,BLZ,2020-07-04,v3
2020-08-17,Rt,0.26,0.67,0.95,1.09,1.41,2.37,Maintain Status Quo,Belize,BLZ,2020-07-04,v3
2020-08-17,cumulative_infections,287.08,767.25,1586,9420.26,2371.5,96658.47,Relax Interventions 50%,Belize,BLZ,2020-07-04,v3
2020-08-17,deaths,0,0,0,4.46,0,23.4,Relax Interventions 50%,Belize,BLZ,2020-07-04,v3
2020-08-17,hospital_demand,0,0,0,39.25,0,503.97,Relax Interventions 50%,Belize,BLZ,2020-07-04,v3
2020-08-17,hospital_incidence,0,0,0,0.33,0,6,Relax Interventions 50%,Belize,BLZ,2020-07-04,v3
2020-08-17,ICU_demand,0,0,0,2.79,0,41.77,Relax Interventions 50%,Belize,BLZ,2020-07-04,v3
2020-08-17,ICU_incidence,0,0,0,0.05,0,0.52,Relax Interventions 50%,Belize,BLZ,2020-07-04,v3
2020-08-17,infections,0,0,0,354.83,0,6456.42,Relax Interventions 50%,Belize,BLZ,2020-07-04,v3
2020-08-17,Rt,0.39,1,1.42,1.64,2.12,3.56,Relax Interventions 50%,Belize,BLZ,2020-07-04,v3
2020-08-17,cumulative_infections,266.28,934.75,1382,1604.99,1934.75,4784.4,Surged Additional 50% Reduction,Belize,BLZ,2020-07-04,v3
2020-08-17,deaths,0,0,0,0,0,0,Surged Additional 50% Reduction,Belize,BLZ,2020-07-04,v3
2020-08-17,hospital_demand,0,0,0,0,0,0,Surged Additional 50% Reduction,Belize,BLZ,2020-07-04,v3
2020-08-17,hospital_incidence,0,0,0,0,0,0,Surged Additional 50% Reduction,Belize,BLZ,2020-07-04,v3
2020-08-17,ICU_demand,0,0,0,0.01,0,0,Surged Additional 50% Reduction,Belize,BLZ,2020-07-04,v3
2020-08-17,ICU_incidence,0,0,0,0,0,0,Surged Additional 50% Reduction,Belize,BLZ,2020-07-04,v3
2020-08-17,infections,0,0,0,0.22,0,3.52,Surged Additional 50% Reduction,Belize,BLZ,2020-07-04,v3
2020-08-17,Rt,0.1,0.29,0.44,0.51,0.71,1.13,Surged Additional 50% Reduction,Belize,BLZ,2020-07-04,v3
2020-08-17,cumulative_infections,266.28,934.75,1382,1844.7,1936.75,5841.3,Surged Maintain Status Quo,Belize,BLZ,2020-07-04,v3
2020-08-17,deaths,0,0,0,0.01,0,0,Surged Maintain Status Quo,Belize,BLZ,2020-07-04,v3
2020-08-17,hospital_demand,0,0,0,1.18,0,7.25,Surged Maintain Status Quo,Belize,BLZ,2020-07-04,v3
2020-08-17,hospital_incidence,0,0,0,0,0,0,Surged Maintain Status Quo,Belize,BLZ,2020-07-04,v3
2020-08-17,ICU_demand,0,0,0,0.34,0,1.52,Surged Maintain Status Quo,Belize,BLZ,2020-07-04,v3
2020-08-17,ICU_incidence,0,0,0,0,0,0,Surged Maintain Status Quo,Belize,BLZ,2020-07-04,v3
2020-08-17,infections,0,0,0,20.29,0,103.07,Surged Maintain Status Quo,Belize,BLZ,2020-07-04,v3
2020-08-17,Rt,0.2,0.58,0.88,1.03,1.43,2.26,Surged Maintain Status Quo,Belize,BLZ,2020-07-04,v3
2020-08-17,cumulative_infections,266.28,934.75,1422,3992.47,1941.75,27720.37,Surged Relax Interventions 50%,Belize,BLZ,2020-07-04,v3
2020-08-17,deaths,0,0,0,0.15,0,0.52,Surged Relax Interventions 50%,Belize,BLZ,2020-07-04,v3
2020-08-17,hospital_demand,0,0,0,14.55,0,143.82,Surged Relax Interventions 50%,Belize,BLZ,2020-07-04,v3
2020-08-17,hospital_incidence,0,0,0,0.21,0,0.52,Surged Relax Interventions 50%,Belize,BLZ,2020-07-04,v3
2020-08-17,ICU_demand,0,0,0,3.61,0,30.65,Surged Relax Interventions 50%,Belize,BLZ,2020-07-04,v3
2020-08-17,ICU_incidence,0,0,0,0.06,0,0,Surged Relax Interventions 50%,Belize,BLZ,2020-07-04,v3
2020-08-17,infections,0,0,0,243.23,0,2844.8,Surged Relax Interventions 50%,Belize,BLZ,2020-07-04,v3
2020-08-17,Rt,0.29,0.87,1.32,1.54,2.14,3.39,Surged Relax Interventions 50%,Belize,BLZ,2020-07-04,v3
2020-08-18,cumulative_infections,287.08,767.25,1586,1726.78,2371.5,4688.9,Additional 50% Reduction,Belize,BLZ,2020-07-04,v3
2020-08-18,deaths,0,0,0,0.02,0,0,Additional 50% Reduction,Belize,BLZ,2020-07-04,v3
2020-08-18,hospital_demand,0,0,0,0.23,0,2.05,Additional 50% Reduction,Belize,BLZ,2020-07-04,v3
2020-08-18,hospital_incidence,0,0,0,0.01,0,0,Additional 50% Reduction,Belize,BLZ,2020-07-04,v3
2020-08-18,ICU_demand,0,0,0,0.07,0,0.52,Additional 50% Reduction,Belize,BLZ,2020-07-04,v3
2020-08-18,ICU_incidence,0,0,0,0,0,0,Additional 50% Reduction,Belize,BLZ,2020-07-04,v3
2020-08-18,infections,0,0,0,2.52,0,10.72,Additional 50% Reduction,Belize,BLZ,2020-07-04,v3
2020-08-18,Rt,0.13,0.33,0.47,0.55,0.71,1.19,Additional 50% Reduction,Belize,BLZ,2020-07-04,v3
2020-08-18,cumulative_infections,287.08,767.25,1586,3890.08,2371.5,14766.87,Maintain Status Quo,Belize,BLZ,2020-07-04,v3
2020-08-18,deaths,0,0,0,0.81,0,1.05,Maintain Status Quo,Belize,BLZ,2020-07-04,v3
2020-08-18,hospital_demand,0,0,0,11.92,0,50.02,Maintain Status Quo,Belize,BLZ,2020-07-04,v3
2020-08-18,hospital_incidence,0,0,0,0.1,0,0,Maintain Status Quo,Belize,BLZ,2020-07-04,v3
2020-08-18,ICU_demand,0,0,0,1.18,0,12.57,Maintain Status Quo,Belize,BLZ,2020-07-04,v3
2020-08-18,ICU_incidence,0,0,0,0.04,0,0.52,Maintain Status Quo,Belize,BLZ,2020-07-04,v3
2020-08-18,infections,0,0,0,186.16,0,757.4,Maintain Status Quo,Belize,BLZ,2020-07-04,v3
2020-08-18,Rt,0.26,0.67,0.95,1.09,1.41,2.37,Maintain Status Quo,Belize,BLZ,2020-07-04,v3
2020-08-18,cumulative_infections,287.08,767.25,1586,9759.63,2371.5,105092.15,Relax Interventions 50%,Belize,BLZ,2020-07-04,v3
2020-08-18,deaths,0,0,0,4.27,0,25.4,Relax Interventions 50%,Belize,BLZ,2020-07-04,v3
2020-08-18,hospital_demand,0,0,0,39.74,0,563.9,Relax Interventions 50%,Belize,BLZ,2020-07-04,v3
2020-08-18,hospital_incidence,0,0,0,0.22,0,2.52,Relax Interventions 50%,Belize,BLZ,2020-07-04,v3
2020-08-18,ICU_demand,0,0,0,2.83,0,50.4,Relax Interventions 50%,Belize,BLZ,2020-07-04,v3
2020-08-18,ICU_incidence,0,0,0,0.06,0,0.52,Relax Interventions 50%,Belize,BLZ,2020-07-04,v3
2020-08-18,infections,0,0,0,339.37,0,6026.27,Relax Interventions 50%,Belize,BLZ,2020-07-04,v3
2020-08-18,Rt,0.39,1,1.42,1.64,2.12,3.56,Relax Interventions 50%,Belize,BLZ,2020-07-04,v3
2020-08-18,cumulative_infections,266.28,934.75,1382,1605.15,1934.75,4784.4,Surged Additional 50% Reduction,Belize,BLZ,2020-07-04,v3
2020-08-18,deaths,0,0,0,0,0,0,Surged Additional 50% Reduction,Belize,BLZ,2020-07-04,v3
2020-08-18,hospital_demand,0,0,0,0,0,0,Surged Additional 50% Reduction,Belize,BLZ,2020-07-04,v3
2020-08-18,hospital_incidence,0,0,0,0,0,0,Surged Additional 50% Reduction,Belize,BLZ,2020-07-04,v3
2020-08-18,ICU_demand,0,0,0,0.01,0,0,Surged Additional 50% Reduction,Belize,BLZ,2020-07-04,v3
2020-08-18,ICU_incidence,0,0,0,0,0,0,Surged Additional 50% Reduction,Belize,BLZ,2020-07-04,v3
2020-08-18,infections,0,0,0,0.16,0,1.05,Surged Additional 50% Reduction,Belize,BLZ,2020-07-04,v3
2020-08-18,Rt,0.1,0.29,0.44,0.51,0.71,1.13,Surged Additional 50% Reduction,Belize,BLZ,2020-07-04,v3
2020-08-18,cumulative_infections,266.28,934.75,1382,1867.56,1936.75,5923,Surged Maintain Status Quo,Belize,BLZ,2020-07-04,v3
2020-08-18,deaths,0,0,0,0.01,0,0,Surged Maintain Status Quo,Belize,BLZ,2020-07-04,v3
2020-08-18,hospital_demand,0,0,0,1.31,0,6.77,Surged Maintain Status Quo,Belize,BLZ,2020-07-04,v3
2020-08-18,hospital_incidence,0,0,0,0.02,0,0,Surged Maintain Status Quo,Belize,BLZ,2020-07-04,v3
2020-08-18,ICU_demand,0,0,0,0.37,0,1.52,Surged Maintain Status Quo,Belize,BLZ,2020-07-04,v3
2020-08-18,ICU_incidence,0,0,0,0,0,0,Surged Maintain Status Quo,Belize,BLZ,2020-07-04,v3
2020-08-18,infections,0,0,0,22.86,0,123.07,Surged Maintain Status Quo,Belize,BLZ,2020-07-04,v3
2020-08-18,Rt,0.2,0.58,0.88,1.03,1.43,2.26,Surged Maintain Status Quo,Belize,BLZ,2020-07-04,v3
2020-08-18,cumulative_infections,266.28,934.75,1424,4251.26,1941.75,31464.92,Surged Relax Interventions 50%,Belize,BLZ,2020-07-04,v3
2020-08-18,deaths,0,0,0,0.18,0,1,Surged Relax Interventions 50%,Belize,BLZ,2020-07-04,v3
2020-08-18,hospital_demand,0,0,0,16.22,0,156.37,Surged Relax Interventions 50%,Belize,BLZ,2020-07-04,v3
2020-08-18,hospital_incidence,0,0,0,0.17,0,1.05,Surged Relax Interventions 50%,Belize,BLZ,2020-07-04,v3
2020-08-18,ICU_demand,0,0,0,4.21,0,38.32,Surged Relax Interventions 50%,Belize,BLZ,2020-07-04,v3
2020-08-18,ICU_incidence,0,0,0,0.03,0,0.52,Surged Relax Interventions 50%,Belize,BLZ,2020-07-04,v3
2020-08-18,infections,0,0,0,258.79,0,3089.35,Surged Relax Interventions 50%,Belize,BLZ,2020-07-04,v3
2020-08-18,Rt,0.29,0.87,1.32,1.54,2.14,3.39,Surged Relax Interventions 50%,Belize,BLZ,2020-07-04,v3
2020-08-19,cumulative_infections,287.08,767.25,1586,1729.49,2371.5,4688.9,Additional 50% Reduction,Belize,BLZ,2020-07-04,v3
2020-08-19,deaths,0,0,0,0.01,0,0,Additional 50% Reduction,Belize,BLZ,2020-07-04,v3
2020-08-19,hospital_demand,0,0,0,0.24,0,2.05,Additional 50% Reduction,Belize,BLZ,2020-07-04,v3
2020-08-19,hospital_incidence,0,0,0,0,0,0,Additional 50% Reduction,Belize,BLZ,2020-07-04,v3
2020-08-19,ICU_demand,0,0,0,0.05,0,0,Additional 50% Reduction,Belize,BLZ,2020-07-04,v3
2020-08-19,ICU_incidence,0,0,0,0.01,0,0,Additional 50% Reduction,Belize,BLZ,2020-07-04,v3
2020-08-19,infections,0,0,0,2.71,0,11.15,Additional 50% Reduction,Belize,BLZ,2020-07-04,v3
2020-08-19,Rt,0.13,0.33,0.47,0.55,0.71,1.19,Additional 50% Reduction,Belize,BLZ,2020-07-04,v3
2020-08-19,cumulative_infections,287.08,767.25,1586,4083.1,2371.5,15580.67,Maintain Status Quo,Belize,BLZ,2020-07-04,v3
2020-08-19,deaths,0,0,0,1.01,0,1.57,Maintain Status Quo,Belize,BLZ,2020-07-04,v3
2020-08-19,hospital_demand,0,0,0,13.14,0,56.55,Maintain Status Quo,Belize,BLZ,2020-07-04,v3
2020-08-19,hospital_incidence,0,0,0,0.2,0,0.52,Maintain Status Quo,Belize,BLZ,2020-07-04,v3
2020-08-19,ICU_demand,0,0,0,1.27,0,13.2,Maintain Status Quo,Belize,BLZ,2020-07-04,v3
2020-08-19,ICU_incidence,0,0,0,0.03,0,0.52,Maintain Status Quo,Belize,BLZ,2020-07-04,v3
2020-08-19,infections,0,0,0,193.02,0,813.8,Maintain Status Quo,Belize,BLZ,2020-07-04,v3
2020-08-19,Rt,0.26,0.67,0.95,1.09,1.41,2.37,Maintain Status Quo,Belize,BLZ,2020-07-04,v3
2020-08-19,cumulative_infections,287.08,767.25,1586,10088.9,2371.5,113824.15,Relax Interventions 50%,Belize,BLZ,2020-07-04,v3
2020-08-19,deaths,0,0,0,4.51,0,37.7,Relax Interventions 50%,Belize,BLZ,2020-07-04,v3
2020-08-19,hospital_demand,0,0,0,39.53,0,599.3,Relax Interventions 50%,Belize,BLZ,2020-07-04,v3
2020-08-19,hospital_incidence,0,0,0,0.34,0,4.05,Relax Interventions 50%,Belize,BLZ,2020-07-04,v3
2020-08-19,ICU_demand,0,0,0,2.91,0,47.45,Relax Interventions 50%,Belize,BLZ,2020-07-04,v3
2020-08-19,ICU_incidence,0,0,0,0.05,0,0,Relax Interventions 50%,Belize,BLZ,2020-07-04,v3
2020-08-19,infections,0,0,0,329.27,0,5822.32,Relax Interventions 50%,Belize,BLZ,2020-07-04,v3
2020-08-19,Rt,0.39,1,1.42,1.64,2.12,3.56,Relax Interventions 50%,Belize,BLZ,2020-07-04,v3
2020-08-19,cumulative_infections,266.28,934.75,1382,1605.32,1934.75,4784.4,Surged Additional 50% Reduction,Belize,BLZ,2020-07-04,v3
2020-08-19,deaths,0,0,0,0,0,0,Surged Additional 50% Reduction,Belize,BLZ,2020-07-04,v3
2020-08-19,hospital_demand,0,0,0,0,0,0,Surged Additional 50% Reduction,Belize,BLZ,2020-07-04,v3
2020-08-19,hospital_incidence,0,0,0,0,0,0,Surged Additional 50% Reduction,Belize,BLZ,2020-07-04,v3
2020-08-19,ICU_demand,0,0,0,0.01,0,0,Surged Additional 50% Reduction,Belize,BLZ,2020-07-04,v3
2020-08-19,ICU_incidence,0,0,0,0,0,0,Surged Additional 50% Reduction,Belize,BLZ,2020-07-04,v3
2020-08-19,infections,0,0,0,0.17,0,1.52,Surged Additional 50% Reduction,Belize,BLZ,2020-07-04,v3
2020-08-19,Rt,0.1,0.29,0.44,0.51,0.71,1.13,Surged Additional 50% Reduction,Belize,BLZ,2020-07-04,v3
2020-08-19,cumulative_infections,266.28,934.75,1382,1891.88,1936.75,6021.8,Surged Maintain Status Quo,Belize,BLZ,2020-07-04,v3
2020-08-19,deaths,0,0,0,0.02,0,0,Surged Maintain Status Quo,Belize,BLZ,2020-07-04,v3
2020-08-19,hospital_demand,0,0,0,1.48,0,6.3,Surged Maintain Status Quo,Belize,BLZ,2020-07-04,v3
2020-08-19,hospital_incidence,0,0,0,0.02,0,0,Surged Maintain Status Quo,Belize,BLZ,2020-07-04,v3
2020-08-19,ICU_demand,0,0,0,0.44,0,2.57,Surged Maintain Status Quo,Belize,BLZ,2020-07-04,v3
2020-08-19,ICU_incidence,0,0,0,0,0,0,Surged Maintain Status Quo,Belize,BLZ,2020-07-04,v3
2020-08-19,infections,0,0,0,24.32,0,125.5,Surged Maintain Status Quo,Belize,BLZ,2020-07-04,v3
2020-08-19,Rt,0.2,0.58,0.88,1.03,1.43,2.26,Surged Maintain Status Quo,Belize,BLZ,2020-07-04,v3
2020-08-19,cumulative_infections,266.28,934.75,1427,4519.84,1941.75,35474.8,Surged Relax Interventions 50%,Belize,BLZ,2020-07-04,v3
2020-08-19,deaths,0,0,0,0.36,0,4.62,Surged Relax Interventions 50%,Belize,BLZ,2020-07-04,v3
2020-08-19,hospital_demand,0,0,0,17.73,0,178.92,Surged Relax Interventions 50%,Belize,BLZ,2020-07-04,v3
2020-08-19,hospital_incidence,0,0,0,0.22,0,1.52,Surged Relax Interventions 50%,Belize,BLZ,2020-07-04,v3
2020-08-19,ICU_demand,0,0,0,4.62,0,42.9,Surged Relax Interventions 50%,Belize,BLZ,2020-07-04,v3
2020-08-19,ICU_incidence,0,0,0,0.04,0,0,Surged Relax Interventions 50%,Belize,BLZ,2020-07-04,v3
2020-08-19,infections,0,0,0,268.58,0,3275.4,Surged Relax Interventions 50%,Belize,BLZ,2020-07-04,v3
2020-08-19,Rt,0.29,0.87,1.32,1.54,2.14,3.39,Surged Relax Interventions 50%,Belize,BLZ,2020-07-04,v3
2020-08-20,cumulative_infections,287.08,767.25,1586,1732.05,2371.5,4688.9,Additional 50% Reduction,Belize,BLZ,2020-07-04,v3
2020-08-20,deaths,0,0,0,0.01,0,0,Additional 50% Reduction,Belize,BLZ,2020-07-04,v3
2020-08-20,hospital_demand,0,0,0,0.25,0,1.05,Additional 50% Reduction,Belize,BLZ,2020-07-04,v3
2020-08-20,hospital_incidence,0,0,0,0.01,0,0,Additional 50% Reduction,Belize,BLZ,2020-07-04,v3
2020-08-20,ICU_demand,0,0,0,0.05,0,0,Additional 50% Reduction,Belize,BLZ,2020-07-04,v3
2020-08-20,ICU_incidence,0,0,0,0,0,0,Additional 50% Reduction,Belize,BLZ,2020-07-04,v3
2020-08-20,infections,0,0,0,2.56,0,5.15,Additional 50% Reduction,Belize,BLZ,2020-07-04,v3
2020-08-20,Rt,0.13,0.33,0.47,0.55,0.71,1.19,Additional 50% Reduction,Belize,BLZ,2020-07-04,v3
2020-08-20,cumulative_infections,287.08,767.25,1586,4282.06,2371.5,16466.87,Maintain Status Quo,Belize,BLZ,2020-07-04,v3
2020-08-20,deaths,0,0,0,0.94,0,1.05,Maintain Status Quo,Belize,BLZ,2020-07-04,v3
2020-08-20,hospital_demand,0,0,0,14.13,0,58.55,Maintain Status Quo,Belize,BLZ,2020-07-04,v3
2020-08-20,hospital_incidence,0,0,0,0.17,0,1.52,Maintain Status Quo,Belize,BLZ,2020-07-04,v3
2020-08-20,ICU_demand,0,0,0,1.26,0,13.1,Maintain Status Quo,Belize,BLZ,2020-07-04,v3
2020-08-20,ICU_incidence,0,0,0,0.05,0,0,Maintain Status Quo,Belize,BLZ,2020-07-04,v3
2020-08-20,infections,0,0,0,198.96,0,886.2,Maintain Status Quo,Belize,BLZ,2020-07-04,v3
2020-08-20,Rt,0.26,0.67,0.95,1.09,1.41,2.37,Maintain Status Quo,Belize,BLZ,2020-07-04,v3
2020-08-20,cumulative_infections,287.08,767.25,1586,10401.32,2371.5,122659.9,Relax Interventions 50%,Belize,BLZ,2020-07-04,v3
2020-08-20,deaths,0,0,0,4.3,0,39.8,Relax Interventions 50%,Belize,BLZ,2020-07-04,v3
2020-08-20,hospital_demand,0,0,0,40.4,0,634.2,Relax Interventions 50%,Belize,BLZ,2020-07-04,v3
2020-08-20,hospital_incidence,0,0,0,0.43,0,5.52,Relax Interventions 50%,Belize,BLZ,2020-07-04,v3
2020-08-20,ICU_demand,0,0,0,2.95,0,55.6,Relax Interventions 50%,Belize,BLZ,2020-07-04,v3
2020-08-20,ICU_incidence,0,0,0,0.04,0,0.52,Relax Interventions 50%,Belize,BLZ,2020-07-04,v3
2020-08-20,infections,0,0,0,312.42,0,5599.25,Relax Interventions 50%,Belize,BLZ,2020-07-04,v3
2020-08-20,Rt,0.39,1,1.42,1.64,2.12,3.56,Relax Interventions 50%,Belize,BLZ,2020-07-04,v3
2020-08-20,cumulative_infections,266.28,934.75,1382,1605.46,1934.75,4784.4,Surged Additional 50% Reduction,Belize,BLZ,2020-07-04,v3
2020-08-20,deaths,0,0,0,0,0,0,Surged Additional 50% Reduction,Belize,BLZ,2020-07-04,v3
2020-08-20,hospital_demand,0,0,0,0,0,0,Surged Additional 50% Reduction,Belize,BLZ,2020-07-04,v3
2020-08-20,hospital_incidence,0,0,0,0,0,0,Surged Additional 50% Reduction,Belize,BLZ,2020-07-04,v3
2020-08-20,ICU_demand,0,0,0,0.01,0,0,Surged Additional 50% Reduction,Belize,BLZ,2020-07-04,v3
2020-08-20,ICU_incidence,0,0,0,0,0,0,Surged Additional 50% Reduction,Belize,BLZ,2020-07-04,v3
2020-08-20,infections,0,0,0,0.14,0,0,Surged Additional 50% Reduction,Belize,BLZ,2020-07-04,v3
2020-08-20,Rt,0.1,0.29,0.44,0.51,0.71,1.13,Surged Additional 50% Reduction,Belize,BLZ,2020-07-04,v3
2020-08-20,cumulative_infections,266.28,934.75,1382,1919.15,1936.75,6120.5,Surged Maintain Status Quo,Belize,BLZ,2020-07-04,v3
2020-08-20,deaths,0,0,0,0.01,0,0,Surged Maintain Status Quo,Belize,BLZ,2020-07-04,v3
2020-08-20,hospital_demand,0,0,0,1.81,0,8.87,Surged Maintain Status Quo,Belize,BLZ,2020-07-04,v3
2020-08-20,hospital_incidence,0,0,0,0.01,0,0,Surged Maintain Status Quo,Belize,BLZ,2020-07-04,v3
2020-08-20,ICU_demand,0,0,0,0.47,0,3.1,Surged Maintain Status Quo,Belize,BLZ,2020-07-04,v3
2020-08-20,ICU_incidence,0,0,0,0,0,0,Surged Maintain Status Quo,Belize,BLZ,2020-07-04,v3
2020-08-20,infections,0,0,0,27.27,0,129.1,Surged Maintain Status Quo,Belize,BLZ,2020-07-04,v3
2020-08-20,Rt,0.2,0.58,0.88,1.03,1.43,2.26,Surged Maintain Status Quo,Belize,BLZ,2020-07-04,v3
2020-08-20,cumulative_infections,266.28,934.75,1427,4800.53,1941.75,40004.3,Surged Relax Interventions 50%,Belize,BLZ,2020-07-04,v3
2020-08-20,deaths,0,0,0,0.23,0,1.52,Surged Relax Interventions 50%,Belize,BLZ,2020-07-04,v3
2020-08-20,hospital_demand,0,0,0,19.63,0,204.42,Surged Relax Interventions 50%,Belize,BLZ,2020-07-04,v3
2020-08-20,hospital_incidence,0,0,0,0.2,0,1.52,Surged Relax Interventions 50%,Belize,BLZ,2020-07-04,v3
2020-08-20,ICU_demand,0,0,0,5.25,0,46.65,Surged Relax Interventions 50%,Belize,BLZ,2020-07-04,v3
2020-08-20,ICU_incidence,0,0,0,0.04,0,0.52,Surged Relax Interventions 50%,Belize,BLZ,2020-07-04,v3
2020-08-20,infections,0,0,0,280.69,0,3520.97,Surged Relax Interventions 50%,Belize,BLZ,2020-07-04,v3
2020-08-20,Rt,0.29,0.87,1.32,1.54,2.14,3.39,Surged Relax Interventions 50%,Belize,BLZ,2020-07-04,v3
2020-08-21,cumulative_infections,287.08,767.25,1586,1735.24,2371.5,4688.9,Additional 50% Reduction,Belize,BLZ,2020-07-04,v3
2020-08-21,deaths,0,0,0,0,0,0,Additional 50% Reduction,Belize,BLZ,2020-07-04,v3
2020-08-21,hospital_demand,0,0,0,0.25,0,0.52,Additional 50% Reduction,Belize,BLZ,2020-07-04,v3
2020-08-21,hospital_incidence,0,0,0,0,0,0,Additional 50% Reduction,Belize,BLZ,2020-07-04,v3
2020-08-21,ICU_demand,0,0,0,0.06,0,0,Additional 50% Reduction,Belize,BLZ,2020-07-04,v3
2020-08-21,ICU_incidence,0,0,0,0,0,0,Additional 50% Reduction,Belize,BLZ,2020-07-04,v3
2020-08-21,infections,0,0,0,3.19,0,7.1,Additional 50% Reduction,Belize,BLZ,2020-07-04,v3
2020-08-21,Rt,0.13,0.33,0.47,0.55,0.71,1.19,Additional 50% Reduction,Belize,BLZ,2020-07-04,v3
2020-08-21,cumulative_infections,287.08,767.25,1586,4480.75,2371.5,17351.25,Maintain Status Quo,Belize,BLZ,2020-07-04,v3
2020-08-21,deaths,0,0,0,1.11,0,0.52,Maintain Status Quo,Belize,BLZ,2020-07-04,v3
2020-08-21,hospital_demand,0,0,0,15.14,0,61.12,Maintain Status Quo,Belize,BLZ,2020-07-04,v3
2020-08-21,hospital_incidence,0,0,0,0.19,0,1,Maintain Status Quo,Belize,BLZ,2020-07-04,v3
2020-08-21,ICU_demand,0,0,0,1.32,0,14.57,Maintain Status Quo,Belize,BLZ,2020-07-04,v3
2020-08-21,ICU_incidence,0,0,0,0.02,0,0,Maintain Status Quo,Belize,BLZ,2020-07-04,v3
2020-08-21,infections,0,0,0,198.69,0,884.37,Maintain Status Quo,Belize,BLZ,2020-07-04,v3
2020-08-21,Rt,0.26,0.67,0.95,1.09,1.41,2.37,Maintain Status Quo,Belize,BLZ,2020-07-04,v3
2020-08-21,cumulative_infections,287.08,767.25,1586,10704.18,2371.5,131864.9,Relax Interventions 50%,Belize,BLZ,2020-07-04,v3
2020-08-21,deaths,0,0,0,4.54,0,48.25,Relax Interventions 50%,Belize,BLZ,2020-07-04,v3
2020-08-21,hospital_demand,0,0,0,40.53,0,679.62,Relax Interventions 50%,Belize,BLZ,2020-07-04,v3
2020-08-21,hospital_incidence,0,0,0,0.35,0,7.1,Relax Interventions 50%,Belize,BLZ,2020-07-04,v3
2020-08-21,ICU_demand,0,0,0,2.94,0,55.15,Relax Interventions 50%,Belize,BLZ,2020-07-04,v3
2020-08-21,ICU_incidence,0,0,0,0.05,0,0.52,Relax Interventions 50%,Belize,BLZ,2020-07-04,v3
2020-08-21,infections,0,0,0,302.86,0,5484.92,Relax Interventions 50%,Belize,BLZ,2020-07-04,v3
2020-08-21,Rt,0.39,1,1.42,1.64,2.12,3.56,Relax Interventions 50%,Belize,BLZ,2020-07-04,v3
2020-08-21,cumulative_infections,266.28,934.75,1382,1605.6,1934.75,4784.4,Surged Additional 50% Reduction,Belize,BLZ,2020-07-04,v3
2020-08-21,deaths,0,0,0,0,0,0,Surged Additional 50% Reduction,Belize,BLZ,2020-07-04,v3
2020-08-21,hospital_demand,0,0,0,0.01,0,0,Surged Additional 50% Reduction,Belize,BLZ,2020-07-04,v3
2020-08-21,hospital_incidence,0,0,0,0,0,0,Surged Additional 50% Reduction,Belize,BLZ,2020-07-04,v3
2020-08-21,ICU_demand,0,0,0,0.01,0,0,Surged Additional 50% Reduction,Belize,BLZ,2020-07-04,v3
2020-08-21,ICU_incidence,0,0,0,0,0,0,Surged Additional 50% Reduction,Belize,BLZ,2020-07-04,v3
2020-08-21,infections,0,0,0,0.14,0,1.57,Surged Additional 50% Reduction,Belize,BLZ,2020-07-04,v3
2020-08-21,Rt,0.1,0.29,0.44,0.51,0.71,1.13,Surged Additional 50% Reduction,Belize,BLZ,2020-07-04,v3
2020-08-21,cumulative_infections,266.28,934.75,1382,1947.79,1936.75,6216.05,Surged Maintain Status Quo,Belize,BLZ,2020-07-04,v3
2020-08-21,deaths,0,0,0,0.04,0,0,Surged Maintain Status Quo,Belize,BLZ,2020-07-04,v3
2020-08-21,hospital_demand,0,0,0,1.9,0,7.82,Surged Maintain Status Quo,Belize,BLZ,2020-07-04,v3
2020-08-21,hospital_incidence,0,0,0,0.01,0,0,Surged Maintain Status Quo,Belize,BLZ,2020-07-04,v3
2020-08-21,ICU_demand,0,0,0,0.46,0,2.57,Surged Maintain Status Quo,Belize,BLZ,2020-07-04,v3
2020-08-21,ICU_incidence,0,0,0,0,0,0,Surged Maintain Status Quo,Belize,BLZ,2020-07-04,v3
2020-08-21,infections,0,0,0,28.64,0,125.47,Surged Maintain Status Quo,Belize,BLZ,2020-07-04,v3
2020-08-21,Rt,0.2,0.58,0.88,1.03,1.43,2.26,Surged Maintain Status Quo,Belize,BLZ,2020-07-04,v3
2020-08-21,cumulative_infections,266.28,934.75,1427,5091.6,1941.75,45108.35,Surged Relax Interventions 50%,Belize,BLZ,2020-07-04,v3
2020-08-21,deaths,0,0,0,0.37,0,3.1,Surged Relax Interventions 50%,Belize,BLZ,2020-07-04,v3
2020-08-21,hospital_demand,0,0,0,21.36,0,236.67,Surged Relax Interventions 50%,Belize,BLZ,2020-07-04,v3
2020-08-21,hospital_incidence,0,0,0,0.19,0,2.05,Surged Relax Interventions 50%,Belize,BLZ,2020-07-04,v3
2020-08-21,ICU_demand,0,0,0,5.97,0,58.47,Surged Relax Interventions 50%,Belize,BLZ,2020-07-04,v3
2020-08-21,ICU_incidence,0,0,0,0.07,0,0.52,Surged Relax Interventions 50%,Belize,BLZ,2020-07-04,v3
2020-08-21,infections,0,0,0,291.07,0,3787.35,Surged Relax Interventions 50%,Belize,BLZ,2020-07-04,v3
2020-08-21,Rt,0.29,0.87,1.32,1.54,2.14,3.39,Surged Relax Interventions 50%,Belize,BLZ,2020-07-04,v3
2020-08-22,cumulative_infections,287.08,767.25,1586,1738.18,2371.5,4688.9,Additional 50% Reduction,Belize,BLZ,2020-07-04,v3
2020-08-22,deaths,0,0,0,0.01,0,0,Additional 50% Reduction,Belize,BLZ,2020-07-04,v3
2020-08-22,hospital_demand,0,0,0,0.22,0,0,Additional 50% Reduction,Belize,BLZ,2020-07-04,v3
2020-08-22,hospital_incidence,0,0,0,0,0,0,Additional 50% Reduction,Belize,BLZ,2020-07-04,v3
2020-08-22,ICU_demand,0,0,0,0.07,0,0,Additional 50% Reduction,Belize,BLZ,2020-07-04,v3
2020-08-22,ICU_incidence,0,0,0,0,0,0,Additional 50% Reduction,Belize,BLZ,2020-07-04,v3
2020-08-22,infections,0,0,0,2.94,0,8.62,Additional 50% Reduction,Belize,BLZ,2020-07-04,v3
2020-08-22,Rt,0.13,0.33,0.47,0.55,0.71,1.19,Additional 50% Reduction,Belize,BLZ,2020-07-04,v3
2020-08-22,cumulative_infections,287.08,767.25,1586,4684.92,2371.5,18301.47,Maintain Status Quo,Belize,BLZ,2020-07-04,v3
2020-08-22,deaths,0,0,0,0.95,0,0,Maintain Status Quo,Belize,BLZ,2020-07-04,v3
2020-08-22,hospital_demand,0,0,0,15.94,0,62.65,Maintain Status Quo,Belize,BLZ,2020-07-04,v3
2020-08-22,hospital_incidence,0,0,0,0.21,0,1.52,Maintain Status Quo,Belize,BLZ,2020-07-04,v3
2020-08-22,ICU_demand,0,0,0,1.4,0,15.62,Maintain Status Quo,Belize,BLZ,2020-07-04,v3
2020-08-22,ICU_incidence,0,0,0,0.09,0,0,Maintain Status Quo,Belize,BLZ,2020-07-04,v3
2020-08-22,infections,0,0,0,204.17,0,950.22,Maintain Status Quo,Belize,BLZ,2020-07-04,v3
2020-08-22,Rt,0.26,0.67,0.95,1.09,1.41,2.37,Maintain Status Quo,Belize,BLZ,2020-07-04,v3
2020-08-22,cumulative_infections,287.08,767.25,1586,10991.94,2371.5,140994.87,Relax Interventions 50%,Belize,BLZ,2020-07-04,v3
2020-08-22,deaths,0,0,0,4,0,47.8,Relax Interventions 50%,Belize,BLZ,2020-07-04,v3
2020-08-22,hospital_demand,0,0,0,40.66,0,736.72,Relax Interventions 50%,Belize,BLZ,2020-07-04,v3
2020-08-22,hospital_incidence,0,0,0,0.26,0,3.57,Relax Interventions 50%,Belize,BLZ,2020-07-04,v3
2020-08-22,ICU_demand,0,0,0,3.08,0,66.07,Relax Interventions 50%,Belize,BLZ,2020-07-04,v3
2020-08-22,ICU_incidence,0,0,0,0.06,0,1,Relax Interventions 50%,Belize,BLZ,2020-07-04,v3
2020-08-22,infections,0,0,0,287.76,0,5344.32,Relax Interventions 50%,Belize,BLZ,2020-07-04,v3
2020-08-22,Rt,0.39,1,1.42,1.64,2.12,3.56,Relax Interventions 50%,Belize,BLZ,2020-07-04,v3
2020-08-22,cumulative_infections,266.28,934.75,1382,1605.81,1934.75,4784.4,Surged Additional 50% Reduction,Belize,BLZ,2020-07-04,v3
2020-08-22,deaths,0,0,0,0,0,0,Surged Additional 50% Reduction,Belize,BLZ,2020-07-04,v3
2020-08-22,hospital_demand,0,0,0,0.01,0,0,Surged Additional 50% Reduction,Belize,BLZ,2020-07-04,v3
2020-08-22,hospital_incidence,0,0,0,0,0,0,Surged Additional 50% Reduction,Belize,BLZ,2020-07-04,v3
2020-08-22,ICU_demand,0,0,0,0.01,0,0,Surged Additional 50% Reduction,Belize,BLZ,2020-07-04,v3
2020-08-22,ICU_incidence,0,0,0,0,0,0,Surged Additional 50% Reduction,Belize,BLZ,2020-07-04,v3
2020-08-22,infections,0,0,0,0.21,0,2.57,Surged Additional 50% Reduction,Belize,BLZ,2020-07-04,v3
2020-08-22,Rt,0.1,0.29,0.44,0.51,0.71,1.13,Surged Additional 50% Reduction,Belize,BLZ,2020-07-04,v3
2020-08-22,cumulative_infections,266.28,934.75,1382,1979.05,1936.75,6321.57,Surged Maintain Status Quo,Belize,BLZ,2020-07-04,v3
2020-08-22,deaths,0,0,0,0.04,0,0,Surged Maintain Status Quo,Belize,BLZ,2020-07-04,v3
2020-08-22,hospital_demand,0,0,0,1.98,0,10.45,Surged Maintain Status Quo,Belize,BLZ,2020-07-04,v3
2020-08-22,hospital_incidence,0,0,0,0.02,0,0,Surged Maintain Status Quo,Belize,BLZ,2020-07-04,v3
2020-08-22,ICU_demand,0,0,0,0.48,0,2.57,Surged Maintain Status Quo,Belize,BLZ,2020-07-04,v3
2020-08-22,ICU_incidence,0,0,0,0,0,0,Surged Maintain Status Quo,Belize,BLZ,2020-07-04,v3
2020-08-22,infections,0,0,0,31.26,0,142.1,Surged Maintain Status Quo,Belize,BLZ,2020-07-04,v3
2020-08-22,Rt,0.2,0.58,0.88,1.03,1.43,2.26,Surged Maintain Status Quo,Belize,BLZ,2020-07-04,v3
2020-08-22,cumulative_infections,266.28,934.75,1427,5390.91,1941.75,50148.82,Surged Relax Interventions 50%,Belize,BLZ,2020-07-04,v3
2020-08-22,deaths,0,0,0,0.29,0,1,Surged Relax Interventions 50%,Belize,BLZ,2020-07-04,v3
2020-08-22,hospital_demand,0,0,0,23.89,0,258.8,Surged Relax Interventions 50%,Belize,BLZ,2020-07-04,v3
2020-08-22,hospital_incidence,0,0,0,0.22,0,1.05,Surged Relax Interventions 50%,Belize,BLZ,2020-07-04,v3
2020-08-22,ICU_demand,0,0,0,6.63,0,67.3,Surged Relax Interventions 50%,Belize,BLZ,2020-07-04,v3
2020-08-22,ICU_incidence,0,0,0,0.05,0,0,Surged Relax Interventions 50%,Belize,BLZ,2020-07-04,v3
2020-08-22,infections,0,0,0,299.31,0,4090.75,Surged Relax Interventions 50%,Belize,BLZ,2020-07-04,v3
2020-08-22,Rt,0.29,0.87,1.32,1.54,2.14,3.39,Surged Relax Interventions 50%,Belize,BLZ,2020-07-04,v3
2020-08-23,cumulative_infections,287.08,767.25,1586,1741.02,2371.5,4688.9,Additional 50% Reduction,Belize,BLZ,2020-07-04,v3
2020-08-23,deaths,0,0,0,0,0,0,Additional 50% Reduction,Belize,BLZ,2020-07-04,v3
2020-08-23,hospital_demand,0,0,0,0.22,0,0,Additional 50% Reduction,Belize,BLZ,2020-07-04,v3
2020-08-23,hospital_incidence,0,0,0,0,0,0,Additional 50% Reduction,Belize,BLZ,2020-07-04,v3
2020-08-23,ICU_demand,0,0,0,0.09,0,0,Additional 50% Reduction,Belize,BLZ,2020-07-04,v3
2020-08-23,ICU_incidence,0,0,0,0,0,0,Additional 50% Reduction,Belize,BLZ,2020-07-04,v3
2020-08-23,infections,0,0,0,2.84,0,8.52,Additional 50% Reduction,Belize,BLZ,2020-07-04,v3
2020-08-23,Rt,0.13,0.33,0.47,0.55,0.71,1.19,Additional 50% Reduction,Belize,BLZ,2020-07-04,v3
2020-08-23,cumulative_infections,287.08,767.25,1586,4887.94,2371.5,19304.05,Maintain Status Quo,Belize,BLZ,2020-07-04,v3
2020-08-23,deaths,0,0,0,1.49,0,1.57,Maintain Status Quo,Belize,BLZ,2020-07-04,v3
2020-08-23,hospital_demand,0,0,0,17.12,0,67.6,Maintain Status Quo,Belize,BLZ,2020-07-04,v3
2020-08-23,hospital_incidence,0,0,0,0.16,0,0.52,Maintain Status Quo,Belize,BLZ,2020-07-04,v3
2020-08-23,ICU_demand,0,0,0,1.44,0,16.67,Maintain Status Quo,Belize,BLZ,2020-07-04,v3
2020-08-23,ICU_incidence,0,0,0,0.02,0,0,Maintain Status Quo,Belize,BLZ,2020-07-04,v3
2020-08-23,infections,0,0,0,203.02,0,1002.57,Maintain Status Quo,Belize,BLZ,2020-07-04,v3
2020-08-23,Rt,0.26,0.67,0.95,1.09,1.41,2.37,Maintain Status Quo,Belize,BLZ,2020-07-04,v3
2020-08-23,cumulative_infections,287.08,767.25,1586,11269.25,2371.5,150149.57,Relax Interventions 50%,Belize,BLZ,2020-07-04,v3
2020-08-23,deaths,0,0,0,4.38,0,55.1,Relax Interventions 50%,Belize,BLZ,2020-07-04,v3
2020-08-23,hospital_demand,0,0,0,40.71,0,805.35,Relax Interventions 50%,Belize,BLZ,2020-07-04,v3
2020-08-23,hospital_incidence,0,0,0,0.22,0,4,Relax Interventions 50%,Belize,BLZ,2020-07-04,v3
2020-08-23,ICU_demand,0,0,0,2.75,0,56.4,Relax Interventions 50%,Belize,BLZ,2020-07-04,v3
2020-08-23,ICU_incidence,0,0,0,0.12,0,1,Relax Interventions 50%,Belize,BLZ,2020-07-04,v3
2020-08-23,infections,0,0,0,277.31,0,4893.92,Relax Interventions 50%,Belize,BLZ,2020-07-04,v3
2020-08-23,Rt,0.39,1,1.42,1.64,2.12,3.56,Relax Interventions 50%,Belize,BLZ,2020-07-04,v3
2020-08-23,cumulative_infections,266.28,934.75,1382,1606.03,1934.75,4784.4,Surged Additional 50% Reduction,Belize,BLZ,2020-07-04,v3
2020-08-23,deaths,0,0,0,0,0,0,Surged Additional 50% Reduction,Belize,BLZ,2020-07-04,v3
2020-08-23,hospital_demand,0,0,0,0.02,0,0,Surged Additional 50% Reduction,Belize,BLZ,2020-07-04,v3
2020-08-23,hospital_incidence,0,0,0,0,0,0,Surged Additional 50% Reduction,Belize,BLZ,2020-07-04,v3
2020-08-23,ICU_demand,0,0,0,0.02,0,0,Surged Additional 50% Reduction,Belize,BLZ,2020-07-04,v3
2020-08-23,ICU_incidence,0,0,0,0,0,0,Surged Additional 50% Reduction,Belize,BLZ,2020-07-04,v3
2020-08-23,infections,0,0,0,0.22,0,1,Surged Additional 50% Reduction,Belize,BLZ,2020-07-04,v3
2020-08-23,Rt,0.1,0.29,0.44,0.51,0.71,1.13,Surged Additional 50% Reduction,Belize,BLZ,2020-07-04,v3
2020-08-23,cumulative_infections,266.28,934.75,1382,2012.07,1936.75,6433.92,Surged Maintain Status Quo,Belize,BLZ,2020-07-04,v3
2020-08-23,deaths,0,0,0,0.03,0,0,Surged Maintain Status Quo,Belize,BLZ,2020-07-04,v3
2020-08-23,hospital_demand,0,0,0,2.16,0,13.02,Surged Maintain Status Quo,Belize,BLZ,2020-07-04,v3
2020-08-23,hospital_incidence,0,0,0,0.02,0,0,Surged Maintain Status Quo,Belize,BLZ,2020-07-04,v3
2020-08-23,ICU_demand,0,0,0,0.53,0,2.57,Surged Maintain Status Quo,Belize,BLZ,2020-07-04,v3
2020-08-23,ICU_incidence,0,0,0,0.02,0,0,Surged Maintain Status Quo,Belize,BLZ,2020-07-04,v3
2020-08-23,infections,0,0,0,33.02,0,148.45,Surged Maintain Status Quo,Belize,BLZ,2020-07-04,v3
2020-08-23,Rt,0.2,0.58,0.88,1.03,1.43,2.26,Surged Maintain Status Quo,Belize,BLZ,2020-07-04,v3
2020-08-23,cumulative_infections,266.28,934.75,1427,5700.87,1941.75,54610.9,Surged Relax Interventions 50%,Belize,BLZ,2020-07-04,v3
2020-08-23,deaths,0,0,0,0.5,0,6,Surged Relax Interventions 50%,Belize,BLZ,2020-07-04,v3
2020-08-23,hospital_demand,0,0,0,25.79,0,270.07,Surged Relax Interventions 50%,Belize,BLZ,2020-07-04,v3
2020-08-23,hospital_incidence,0,0,0,0.16,0,1.52,Surged Relax Interventions 50%,Belize,BLZ,2020-07-04,v3
2020-08-23,ICU_demand,0,0,0,7.11,0,73.45,Surged Relax Interventions 50%,Belize,BLZ,2020-07-04,v3
2020-08-23,ICU_incidence,0,0,0,0.07,0,0,Surged Relax Interventions 50%,Belize,BLZ,2020-07-04,v3
2020-08-23,infections,0,0,0,309.96,0,4462.07,Surged Relax Interventions 50%,Belize,BLZ,2020-07-04,v3
2020-08-23,Rt,0.29,0.87,1.32,1.54,2.14,3.39,Surged Relax Interventions 50%,Belize,BLZ,2020-07-04,v3
2020-08-24,cumulative_infections,287.08,767.25,1586,1744.09,2371.5,4688.9,Additional 50% Reduction,Belize,BLZ,2020-07-04,v3
2020-08-24,deaths,0,0,0,0,0,0,Additional 50% Reduction,Belize,BLZ,2020-07-04,v3
2020-08-24,hospital_demand,0,0,0,0.19,0,0,Additional 50% Reduction,Belize,BLZ,2020-07-04,v3
2020-08-24,hospital_incidence,0,0,0,0,0,0,Additional 50% Reduction,Belize,BLZ,2020-07-04,v3
2020-08-24,ICU_demand,0,0,0,0.09,0,0,Additional 50% Reduction,Belize,BLZ,2020-07-04,v3
2020-08-24,ICU_incidence,0,0,0,0,0,0,Additional 50% Reduction,Belize,BLZ,2020-07-04,v3
2020-08-24,infections,0,0,0,3.07,0,4.1,Additional 50% Reduction,Belize,BLZ,2020-07-04,v3
2020-08-24,Rt,0.13,0.33,0.47,0.55,0.71,1.19,Additional 50% Reduction,Belize,BLZ,2020-07-04,v3
2020-08-24,cumulative_infections,287.08,767.25,1586,5090.22,2371.5,20367.22,Maintain Status Quo,Belize,BLZ,2020-07-04,v3
2020-08-24,deaths,0,0,0,1.3,0,3.05,Maintain Status Quo,Belize,BLZ,2020-07-04,v3
2020-08-24,hospital_demand,0,0,0,18.24,0,77.85,Maintain Status Quo,Belize,BLZ,2020-07-04,v3
2020-08-24,hospital_incidence,0,0,0,0.17,0,0,Maintain Status Quo,Belize,BLZ,2020-07-04,v3
2020-08-24,ICU_demand,0,0,0,1.55,0,17.67,Maintain Status Quo,Belize,BLZ,2020-07-04,v3
2020-08-24,ICU_incidence,0,0,0,0.03,0,0,Maintain Status Quo,Belize,BLZ,2020-07-04,v3
2020-08-24,infections,0,0,0,202.28,0,1063.17,Maintain Status Quo,Belize,BLZ,2020-07-04,v3
2020-08-24,Rt,0.26,0.67,0.95,1.09,1.41,2.37,Maintain Status Quo,Belize,BLZ,2020-07-04,v3
2020-08-24,cumulative_infections,287.08,767.25,1586,11531.75,2371.5,159226.77,Relax Interventions 50%,Belize,BLZ,2020-07-04,v3
2020-08-24,deaths,0,0,0,4.06,0,60.35,Relax Interventions 50%,Belize,BLZ,2020-07-04,v3
2020-08-24,hospital_demand,0,0,0,40.01,0,847.02,Relax Interventions 50%,Belize,BLZ,2020-07-04,v3
2020-08-24,hospital_incidence,0,0,0,0.28,0,5.1,Relax Interventions 50%,Belize,BLZ,2020-07-04,v3
2020-08-24,ICU_demand,0,0,0,2.87,0,59.15,Relax Interventions 50%,Belize,BLZ,2020-07-04,v3
2020-08-24,ICU_incidence,0,0,0,0.11,0,2.05,Relax Interventions 50%,Belize,BLZ,2020-07-04,v3
2020-08-24,infections,0,0,0,262.5,0,4206,Relax Interventions 50%,Belize,BLZ,2020-07-04,v3
2020-08-24,Rt,0.39,1,1.42,1.64,2.12,3.56,Relax Interventions 50%,Belize,BLZ,2020-07-04,v3
2020-08-24,cumulative_infections,266.28,934.75,1382,1606.14,1934.75,4784.4,Surged Additional 50% Reduction,Belize,BLZ,2020-07-04,v3
2020-08-24,deaths,0,0,0,0,0,0,Surged Additional 50% Reduction,Belize,BLZ,2020-07-04,v3
2020-08-24,hospital_demand,0,0,0,0.02,0,0,Surged Additional 50% Reduction,Belize,BLZ,2020-07-04,v3
2020-08-24,hospital_incidence,0,0,0,0,0,0,Surged Additional 50% Reduction,Belize,BLZ,2020-07-04,v3
2020-08-24,ICU_demand,0,0,0,0.02,0,0,Surged Additional 50% Reduction,Belize,BLZ,2020-07-04,v3
2020-08-24,ICU_incidence,0,0,0,0,0,0,Surged Additional 50% Reduction,Belize,BLZ,2020-07-04,v3
2020-08-24,infections,0,0,0,0.11,0,0,Surged Additional 50% Reduction,Belize,BLZ,2020-07-04,v3
2020-08-24,Rt,0.1,0.29,0.44,0.51,0.71,1.13,Surged Additional 50% Reduction,Belize,BLZ,2020-07-04,v3
2020-08-24,cumulative_infections,266.28,934.75,1382,2046.77,1936.75,6538.92,Surged Maintain Status Quo,Belize,BLZ,2020-07-04,v3
2020-08-24,deaths,0,0,0,0.03,0,0,Surged Maintain Status Quo,Belize,BLZ,2020-07-04,v3
2020-08-24,hospital_demand,0,0,0,2.37,0,12.97,Surged Maintain Status Quo,Belize,BLZ,2020-07-04,v3
2020-08-24,hospital_incidence,0,0,0,0.01,0,0,Surged Maintain Status Quo,Belize,BLZ,2020-07-04,v3
2020-08-24,ICU_demand,0,0,0,0.56,0,2.57,Surged Maintain Status Quo,Belize,BLZ,2020-07-04,v3
2020-08-24,ICU_incidence,0,0,0,0,0,0,Surged Maintain Status Quo,Belize,BLZ,2020-07-04,v3
2020-08-24,infections,0,0,0,34.7,0,148.7,Surged Maintain Status Quo,Belize,BLZ,2020-07-04,v3
2020-08-24,Rt,0.2,0.58,0.88,1.03,1.43,2.26,Surged Maintain Status Quo,Belize,BLZ,2020-07-04,v3
2020-08-24,cumulative_infections,266.28,934.75,1427,6015.4,1941.75,59201.1,Surged Relax Interventions 50%,Belize,BLZ,2020-07-04,v3
2020-08-24,deaths,0,0,0,0.48,0,5,Surged Relax Interventions 50%,Belize,BLZ,2020-07-04,v3
2020-08-24,hospital_demand,0,0,0,27.71,0,302.1,Surged Relax Interventions 50%,Belize,BLZ,2020-07-04,v3
2020-08-24,hospital_incidence,0,0,0,0.21,0,3.1,Surged Relax Interventions 50%,Belize,BLZ,2020-07-04,v3
2020-08-24,ICU_demand,0,0,0,7.7,0,77.07,Surged Relax Interventions 50%,Belize,BLZ,2020-07-04,v3
2020-08-24,ICU_incidence,0,0,0,0.07,0,0.52,Surged Relax Interventions 50%,Belize,BLZ,2020-07-04,v3
2020-08-24,infections,0,0,0,314.53,0,4590.2,Surged Relax Interventions 50%,Belize,BLZ,2020-07-04,v3
2020-08-24,Rt,0.29,0.87,1.32,1.54,2.14,3.39,Surged Relax Interventions 50%,Belize,BLZ,2020-07-04,v3
2020-08-25,cumulative_infections,287.08,767.25,1586,1747.48,2371.5,4688.9,Additional 50% Reduction,Belize,BLZ,2020-07-04,v3
2020-08-25,deaths,0,0,0,0.02,0,0,Additional 50% Reduction,Belize,BLZ,2020-07-04,v3
2020-08-25,hospital_demand,0,0,0,0.24,0,0,Additional 50% Reduction,Belize,BLZ,2020-07-04,v3
2020-08-25,hospital_incidence,0,0,0,0.01,0,0,Additional 50% Reduction,Belize,BLZ,2020-07-04,v3
2020-08-25,ICU_demand,0,0,0,0.07,0,0,Additional 50% Reduction,Belize,BLZ,2020-07-04,v3
2020-08-25,ICU_incidence,0,0,0,0,0,0,Additional 50% Reduction,Belize,BLZ,2020-07-04,v3
2020-08-25,infections,0,0,0,3.39,0,8.52,Additional 50% Reduction,Belize,BLZ,2020-07-04,v3
2020-08-25,Rt,0.13,0.33,0.47,0.55,0.71,1.19,Additional 50% Reduction,Belize,BLZ,2020-07-04,v3
2020-08-25,cumulative_infections,287.08,767.25,1586,5289.83,2371.5,21456.7,Maintain Status Quo,Belize,BLZ,2020-07-04,v3
2020-08-25,deaths,0,0,0,1.84,0,4.2,Maintain Status Quo,Belize,BLZ,2020-07-04,v3
2020-08-25,hospital_demand,0,0,0,18.68,0,84.52,Maintain Status Quo,Belize,BLZ,2020-07-04,v3
2020-08-25,hospital_incidence,0,0,0,0.14,0,0,Maintain Status Quo,Belize,BLZ,2020-07-04,v3
2020-08-25,ICU_demand,0,0,0,1.59,0,18.1,Maintain Status Quo,Belize,BLZ,2020-07-04,v3
2020-08-25,ICU_incidence,0,0,0,0.04,0,0,Maintain Status Quo,Belize,BLZ,2020-07-04,v3
2020-08-25,infections,0,0,0,199.61,0,1089.47,Maintain Status Quo,Belize,BLZ,2020-07-04,v3
2020-08-25,Rt,0.26,0.67,0.95,1.09,1.41,2.37,Maintain Status Quo,Belize,BLZ,2020-07-04,v3
2020-08-25,cumulative_infections,287.08,767.25,1586,11784.96,2371.5,168344.27,Relax Interventions 50%,Belize,BLZ,2020-07-04,v3
2020-08-25,deaths,0,0,0,4.2,0,62.42,Relax Interventions 50%,Belize,BLZ,2020-07-04,v3
2020-08-25,hospital_demand,0,0,0,39.23,0,836.2,Relax Interventions 50%,Belize,BLZ,2020-07-04,v3
2020-08-25,hospital_incidence,0,0,0,0.3,0,5,Relax Interventions 50%,Belize,BLZ,2020-07-04,v3
2020-08-25,ICU_demand,0,0,0,2.88,0,54.67,Relax Interventions 50%,Belize,BLZ,2020-07-04,v3
2020-08-25,ICU_incidence,0,0,0,0.11,0,2,Relax Interventions 50%,Belize,BLZ,2020-07-04,v3
2020-08-25,infections,0,0,0,253.21,0,3681.27,Relax Interventions 50%,Belize,BLZ,2020-07-04,v3
2020-08-25,Rt,0.39,1,1.42,1.64,2.12,3.56,Relax Interventions 50%,Belize,BLZ,2020-07-04,v3
2020-08-25,cumulative_infections,266.28,934.75,1382,1606.25,1934.75,4784.4,Surged Additional 50% Reduction,Belize,BLZ,2020-07-04,v3
2020-08-25,deaths,0,0,0,0,0,0,Surged Additional 50% Reduction,Belize,BLZ,2020-07-04,v3
2020-08-25,hospital_demand,0,0,0,0.03,0,0,Surged Additional 50% Reduction,Belize,BLZ,2020-07-04,v3
2020-08-25,hospital_incidence,0,0,0,0,0,0,Surged Additional 50% Reduction,Belize,BLZ,2020-07-04,v3
2020-08-25,ICU_demand,0,0,0,0.02,0,0,Surged Additional 50% Reduction,Belize,BLZ,2020-07-04,v3
2020-08-25,ICU_incidence,0,0,0,0,0,0,Surged Additional 50% Reduction,Belize,BLZ,2020-07-04,v3
2020-08-25,infections,0,0,0,0.11,0,0.52,Surged Additional 50% Reduction,Belize,BLZ,2020-07-04,v3
2020-08-25,Rt,0.1,0.29,0.44,0.51,0.71,1.13,Surged Additional 50% Reduction,Belize,BLZ,2020-07-04,v3
2020-08-25,cumulative_infections,266.28,934.75,1382,2085.38,1936.75,6664.92,Surged Maintain Status Quo,Belize,BLZ,2020-07-04,v3
2020-08-25,deaths,0,0,0,0.03,0,0,Surged Maintain Status Quo,Belize,BLZ,2020-07-04,v3
2020-08-25,hospital_demand,0,0,0,2.5,0,12.92,Surged Maintain Status Quo,Belize,BLZ,2020-07-04,v3
2020-08-25,hospital_incidence,0,0,0,0.01,0,0,Surged Maintain Status Quo,Belize,BLZ,2020-07-04,v3
2020-08-25,ICU_demand,0,0,0,0.64,0,3.62,Surged Maintain Status Quo,Belize,BLZ,2020-07-04,v3
2020-08-25,ICU_incidence,0,0,0,0,0,0,Surged Maintain Status Quo,Belize,BLZ,2020-07-04,v3
2020-08-25,infections,0,0,0,38.61,0,167.8,Surged Maintain Status Quo,Belize,BLZ,2020-07-04,v3
2020-08-25,Rt,0.2,0.58,0.88,1.03,1.43,2.26,Surged Maintain Status Quo,Belize,BLZ,2020-07-04,v3
2020-08-25,cumulative_infections,266.28,934.75,1427,6340.81,1941.75,64193.02,Surged Relax Interventions 50%,Belize,BLZ,2020-07-04,v3
2020-08-25,deaths,0,0,0,0.43,0,3.52,Surged Relax Interventions 50%,Belize,BLZ,2020-07-04,v3
2020-08-25,hospital_demand,0,0,0,30.53,0,351.77,Surged Relax Interventions 50%,Belize,BLZ,2020-07-04,v3
2020-08-25,hospital_incidence,0,0,0,0.14,0,1,Surged Relax Interventions 50%,Belize,BLZ,2020-07-04,v3
2020-08-25,ICU_demand,0,0,0,8.42,0,94.22,Surged Relax Interventions 50%,Belize,BLZ,2020-07-04,v3
2020-08-25,ICU_incidence,0,0,0,0.03,0,0,Surged Relax Interventions 50%,Belize,BLZ,2020-07-04,v3
2020-08-25,infections,0,0,0,325.41,0,4991.92,Surged Relax Interventions 50%,Belize,BLZ,2020-07-04,v3
2020-08-25,Rt,0.29,0.87,1.32,1.54,2.14,3.39,Surged Relax Interventions 50%,Belize,BLZ,2020-07-04,v3
2020-08-26,cumulative_infections,287.08,767.25,1586,1751.16,2371.5,4688.9,Additional 50% Reduction,Belize,BLZ,2020-07-04,v3
2020-08-26,deaths,0,0,0,0,0,0,Additional 50% Reduction,Belize,BLZ,2020-07-04,v3
2020-08-26,hospital_demand,0,0,0,0.26,0,0.52,Additional 50% Reduction,Belize,BLZ,2020-07-04,v3
2020-08-26,hospital_incidence,0,0,0,0,0,0,Additional 50% Reduction,Belize,BLZ,2020-07-04,v3
2020-08-26,ICU_demand,0,0,0,0.08,0,0,Additional 50% Reduction,Belize,BLZ,2020-07-04,v3
2020-08-26,ICU_incidence,0,0,0,0,0,0,Additional 50% Reduction,Belize,BLZ,2020-07-04,v3
2020-08-26,infections,0,0,0,3.68,0,5.67,Additional 50% Reduction,Belize,BLZ,2020-07-04,v3
2020-08-26,Rt,0.13,0.33,0.47,0.55,0.71,1.19,Additional 50% Reduction,Belize,BLZ,2020-07-04,v3
2020-08-26,cumulative_infections,287.08,767.25,1586,5486.27,2371.5,22596.87,Maintain Status Quo,Belize,BLZ,2020-07-04,v3
2020-08-26,deaths,0,0,0,1.54,0,3.1,Maintain Status Quo,Belize,BLZ,2020-07-04,v3
2020-08-26,hospital_demand,0,0,0,19.25,0,86.35,Maintain Status Quo,Belize,BLZ,2020-07-04,v3
2020-08-26,hospital_incidence,0,0,0,0.15,0,0.52,Maintain Status Quo,Belize,BLZ,2020-07-04,v3
2020-08-26,ICU_demand,0,0,0,1.79,0,16.52,Maintain Status Quo,Belize,BLZ,2020-07-04,v3
2020-08-26,ICU_incidence,0,0,0,0.03,0,0,Maintain Status Quo,Belize,BLZ,2020-07-04,v3
2020-08-26,infections,0,0,0,196.44,0,1140.17,Maintain Status Quo,Belize,BLZ,2020-07-04,v3
2020-08-26,Rt,0.26,0.67,0.95,1.09,1.41,2.37,Maintain Status Quo,Belize,BLZ,2020-07-04,v3
2020-08-26,cumulative_infections,287.08,767.25,1586,12023.08,2371.5,177158.42,Relax Interventions 50%,Belize,BLZ,2020-07-04,v3
2020-08-26,deaths,0,0,0,3.74,0,59.85,Relax Interventions 50%,Belize,BLZ,2020-07-04,v3
2020-08-26,hospital_demand,0,0,0,38.69,0,818.87,Relax Interventions 50%,Belize,BLZ,2020-07-04,v3
2020-08-26,hospital_incidence,0,0,0,0.42,0,7.52,Relax Interventions 50%,Belize,BLZ,2020-07-04,v3
2020-08-26,ICU_demand,0,0,0,2.64,0,52.87,Relax Interventions 50%,Belize,BLZ,2020-07-04,v3
2020-08-26,ICU_incidence,0,0,0,0.05,0,0.52,Relax Interventions 50%,Belize,BLZ,2020-07-04,v3
2020-08-26,infections,0,0,0,238.12,0,3213.5,Relax Interventions 50%,Belize,BLZ,2020-07-04,v3
2020-08-26,Rt,0.39,1,1.42,1.64,2.12,3.56,Relax Interventions 50%,Belize,BLZ,2020-07-04,v3
2020-08-26,cumulative_infections,266.28,934.75,1382,1606.42,1934.75,4784.4,Surged Additional 50% Reduction,Belize,BLZ,2020-07-04,v3
2020-08-26,deaths,0,0,0,0,0,0,Surged Additional 50% Reduction,Belize,BLZ,2020-07-04,v3
2020-08-26,hospital_demand,0,0,0,0.03,0,0,Surged Additional 50% Reduction,Belize,BLZ,2020-07-04,v3
2020-08-26,hospital_incidence,0,0,0,0,0,0,Surged Additional 50% Reduction,Belize,BLZ,2020-07-04,v3
2020-08-26,ICU_demand,0,0,0,0.02,0,0,Surged Additional 50% Reduction,Belize,BLZ,2020-07-04,v3
2020-08-26,ICU_incidence,0,0,0,0,0,0,Surged Additional 50% Reduction,Belize,BLZ,2020-07-04,v3
2020-08-26,infections,0,0,0,0.17,0,1.57,Surged Additional 50% Reduction,Belize,BLZ,2020-07-04,v3
2020-08-26,Rt,0.1,0.29,0.44,0.51,0.71,1.13,Surged Additional 50% Reduction,Belize,BLZ,2020-07-04,v3
2020-08-26,cumulative_infections,266.28,934.75,1382,2126.59,1936.75,6789.35,Surged Maintain Status Quo,Belize,BLZ,2020-07-04,v3
2020-08-26,deaths,0,0,0,0,0,0,Surged Maintain Status Quo,Belize,BLZ,2020-07-04,v3
2020-08-26,hospital_demand,0,0,0,2.74,0,12.45,Surged Maintain Status Quo,Belize,BLZ,2020-07-04,v3
2020-08-26,hospital_incidence,0,0,0,0.02,0,0,Surged Maintain Status Quo,Belize,BLZ,2020-07-04,v3
2020-08-26,ICU_demand,0,0,0,0.75,0,4.67,Surged Maintain Status Quo,Belize,BLZ,2020-07-04,v3
2020-08-26,ICU_incidence,0,0,0,0,0,0,Surged Maintain Status Quo,Belize,BLZ,2020-07-04,v3
2020-08-26,infections,0,0,0,41.21,0,181.9,Surged Maintain Status Quo,Belize,BLZ,2020-07-04,v3
2020-08-26,Rt,0.2,0.58,0.88,1.03,1.43,2.26,Surged Maintain Status Quo,Belize,BLZ,2020-07-04,v3
2020-08-26,cumulative_infections,266.28,934.75,1427,6664.92,1941.75,69366.57,Surged Relax Interventions 50%,Belize,BLZ,2020-07-04,v3
2020-08-26,deaths,0,0,0,0.39,0,3,Surged Relax Interventions 50%,Belize,BLZ,2020-07-04,v3
2020-08-26,hospital_demand,0,0,0,32.66,0,370.12,Surged Relax Interventions 50%,Belize,BLZ,2020-07-04,v3
2020-08-26,hospital_incidence,0,0,0,0.27,0,1.52,Surged Relax Interventions 50%,Belize,BLZ,2020-07-04,v3
2020-08-26,ICU_demand,0,0,0,9.22,0,106.47,Surged Relax Interventions 50%,Belize,BLZ,2020-07-04,v3
2020-08-26,ICU_incidence,0,0,0,0.13,0,1.52,Surged Relax Interventions 50%,Belize,BLZ,2020-07-04,v3
2020-08-26,infections,0,0,0,324.11,0,5173.55,Surged Relax Interventions 50%,Belize,BLZ,2020-07-04,v3
2020-08-26,Rt,0.29,0.87,1.32,1.54,2.14,3.39,Surged Relax Interventions 50%,Belize,BLZ,2020-07-04,v3
2020-08-27,cumulative_infections,287.08,767.25,1586,1754.49,2371.5,4688.9,Additional 50% Reduction,Belize,BLZ,2020-07-04,v3
2020-08-27,deaths,0,0,0,0,0,0,Additional 50% Reduction,Belize,BLZ,2020-07-04,v3
2020-08-27,hospital_demand,0,0,0,0.31,0,0.52,Additional 50% Reduction,Belize,BLZ,2020-07-04,v3
2020-08-27,hospital_incidence,0,0,0,0,0,0,Additional 50% Reduction,Belize,BLZ,2020-07-04,v3
2020-08-27,ICU_demand,0,0,0,0.1,0,0,Additional 50% Reduction,Belize,BLZ,2020-07-04,v3
2020-08-27,ICU_incidence,0,0,0,0,0,0,Additional 50% Reduction,Belize,BLZ,2020-07-04,v3
2020-08-27,infections,0,0,0,3.33,0,6.57,Additional 50% Reduction,Belize,BLZ,2020-07-04,v3
2020-08-27,Rt,0.13,0.33,0.47,0.55,0.71,1.19,Additional 50% Reduction,Belize,BLZ,2020-07-04,v3
2020-08-27,cumulative_infections,287.08,767.25,1586,5677.47,2371.5,23825.2,Maintain Status Quo,Belize,BLZ,2020-07-04,v3
2020-08-27,deaths,0,0,0,1.7,0,2.52,Maintain Status Quo,Belize,BLZ,2020-07-04,v3
2020-08-27,hospital_demand,0,0,0,20.23,0,94.72,Maintain Status Quo,Belize,BLZ,2020-07-04,v3
2020-08-27,hospital_incidence,0,0,0,0.19,0,0.52,Maintain Status Quo,Belize,BLZ,2020-07-04,v3
2020-08-27,ICU_demand,0,0,0,1.71,0,15.57,Maintain Status Quo,Belize,BLZ,2020-07-04,v3
2020-08-27,ICU_incidence,0,0,0,0.08,0,0.52,Maintain Status Quo,Belize,BLZ,2020-07-04,v3
2020-08-27,infections,0,0,0,191.2,0,1228.32,Maintain Status Quo,Belize,BLZ,2020-07-04,v3
2020-08-27,Rt,0.26,0.67,0.95,1.09,1.41,2.37,Maintain Status Quo,Belize,BLZ,2020-07-04,v3
2020-08-27,cumulative_infections,287.08,767.25,1586,12251.34,2371.5,185889.1,Relax Interventions 50%,Belize,BLZ,2020-07-04,v3
2020-08-27,deaths,0,0,0,3.72,0,62.82,Relax Interventions 50%,Belize,BLZ,2020-07-04,v3
2020-08-27,hospital_demand,0,0,0,38.08,0,802.3,Relax Interventions 50%,Belize,BLZ,2020-07-04,v3
2020-08-27,hospital_incidence,0,0,0,0.22,0,3.1,Relax Interventions 50%,Belize,BLZ,2020-07-04,v3
2020-08-27,ICU_demand,0,0,0,2.57,0,53.57,Relax Interventions 50%,Belize,BLZ,2020-07-04,v3
2020-08-27,ICU_incidence,0,0,0,0.05,0,0.52,Relax Interventions 50%,Belize,BLZ,2020-07-04,v3
2020-08-27,infections,0,0,0,228.26,0,2786.92,Relax Interventions 50%,Belize,BLZ,2020-07-04,v3
2020-08-27,Rt,0.39,1,1.42,1.64,2.12,3.56,Relax Interventions 50%,Belize,BLZ,2020-07-04,v3
2020-08-27,cumulative_infections,266.28,934.75,1382,1606.54,1934.75,4784.4,Surged Additional 50% Reduction,Belize,BLZ,2020-07-04,v3
2020-08-27,deaths,0,0,0,0,0,0,Surged Additional 50% Reduction,Belize,BLZ,2020-07-04,v3
2020-08-27,hospital_demand,0,0,0,0.04,0,0,Surged Additional 50% Reduction,Belize,BLZ,2020-07-04,v3
2020-08-27,hospital_incidence,0,0,0,0,0,0,Surged Additional 50% Reduction,Belize,BLZ,2020-07-04,v3
2020-08-27,ICU_demand,0,0,0,0.02,0,0,Surged Additional 50% Reduction,Belize,BLZ,2020-07-04,v3
2020-08-27,ICU_incidence,0,0,0,0,0,0,Surged Additional 50% Reduction,Belize,BLZ,2020-07-04,v3
2020-08-27,infections,0,0,0,0.12,0,2,Surged Additional 50% Reduction,Belize,BLZ,2020-07-04,v3
2020-08-27,Rt,0.1,0.29,0.44,0.51,0.71,1.13,Surged Additional 50% Reduction,Belize,BLZ,2020-07-04,v3
2020-08-27,cumulative_infections,266.28,934.75,1382,2170.82,1936.75,6921.65,Surged Maintain Status Quo,Belize,BLZ,2020-07-04,v3
2020-08-27,deaths,0,0,0,0.07,0,0,Surged Maintain Status Quo,Belize,BLZ,2020-07-04,v3
2020-08-27,hospital_demand,0,0,0,2.98,0,14.5,Surged Maintain Status Quo,Belize,BLZ,2020-07-04,v3
2020-08-27,hospital_incidence,0,0,0,0.03,0,0,Surged Maintain Status Quo,Belize,BLZ,2020-07-04,v3
2020-08-27,ICU_demand,0,0,0,0.81,0,4.67,Surged Maintain Status Quo,Belize,BLZ,2020-07-04,v3
2020-08-27,ICU_incidence,0,0,0,0,0,0,Surged Maintain Status Quo,Belize,BLZ,2020-07-04,v3
2020-08-27,infections,0,0,0,44.23,0,182.65,Surged Maintain Status Quo,Belize,BLZ,2020-07-04,v3
2020-08-27,Rt,0.2,0.58,0.88,1.03,1.43,2.26,Surged Maintain Status Quo,Belize,BLZ,2020-07-04,v3
2020-08-27,cumulative_infections,266.28,934.75,1427,6993.15,1941.75,74927.25,Surged Relax Interventions 50%,Belize,BLZ,2020-07-04,v3
2020-08-27,deaths,0,0,0,0.53,0,5.05,Surged Relax Interventions 50%,Belize,BLZ,2020-07-04,v3
2020-08-27,hospital_demand,0,0,0,34.77,0,405.87,Surged Relax Interventions 50%,Belize,BLZ,2020-07-04,v3
2020-08-27,hospital_incidence,0,0,0,0.18,0,1.05,Surged Relax Interventions 50%,Belize,BLZ,2020-07-04,v3
2020-08-27,ICU_demand,0,0,0,9.84,0,109.62,Surged Relax Interventions 50%,Belize,BLZ,2020-07-04,v3
2020-08-27,ICU_incidence,0,0,0,0.11,0,1.52,Surged Relax Interventions 50%,Belize,BLZ,2020-07-04,v3
2020-08-27,infections,0,0,0,328.23,0,5560.67,Surged Relax Interventions 50%,Belize,BLZ,2020-07-04,v3
2020-08-27,Rt,0.29,0.87,1.32,1.54,2.14,3.39,Surged Relax Interventions 50%,Belize,BLZ,2020-07-04,v3
2020-08-28,cumulative_infections,287.08,767.25,1586,1757.83,2371.5,4688.9,Additional 50% Reduction,Belize,BLZ,2020-07-04,v3
2020-08-28,deaths,0,0,0,0,0,0,Additional 50% Reduction,Belize,BLZ,2020-07-04,v3
2020-08-28,hospital_demand,0,0,0,0.33,0,0.52,Additional 50% Reduction,Belize,BLZ,2020-07-04,v3
2020-08-28,hospital_incidence,0,0,0,0,0,0,Additional 50% Reduction,Belize,BLZ,2020-07-04,v3
2020-08-28,ICU_demand,0,0,0,0.1,0,0,Additional 50% Reduction,Belize,BLZ,2020-07-04,v3
2020-08-28,ICU_incidence,0,0,0,0,0,0,Additional 50% Reduction,Belize,BLZ,2020-07-04,v3
2020-08-28,infections,0,0,0,3.34,0,3.52,Additional 50% Reduction,Belize,BLZ,2020-07-04,v3
2020-08-28,Rt,0.13,0.33,0.47,0.55,0.71,1.19,Additional 50% Reduction,Belize,BLZ,2020-07-04,v3
2020-08-28,cumulative_infections,287.08,767.25,1586,5864.96,2371.5,25029.77,Maintain Status Quo,Belize,BLZ,2020-07-04,v3
2020-08-28,deaths,0,0,0,1.82,0,0.52,Maintain Status Quo,Belize,BLZ,2020-07-04,v3
2020-08-28,hospital_demand,0,0,0,20.89,0,100.3,Maintain Status Quo,Belize,BLZ,2020-07-04,v3
2020-08-28,hospital_incidence,0,0,0,0.13,0,0.52,Maintain Status Quo,Belize,BLZ,2020-07-04,v3
2020-08-28,ICU_demand,0,0,0,1.6,0,20.15,Maintain Status Quo,Belize,BLZ,2020-07-04,v3
2020-08-28,ICU_incidence,0,0,0,0,0,0,Maintain Status Quo,Belize,BLZ,2020-07-04,v3
2020-08-28,infections,0,0,0,187.49,0,1204.57,Maintain Status Quo,Belize,BLZ,2020-07-04,v3
2020-08-28,Rt,0.26,0.67,0.95,1.09,1.41,2.37,Maintain Status Quo,Belize,BLZ,2020-07-04,v3
2020-08-28,cumulative_infections,287.08,767.25,1586,12466.84,2371.5,194382.42,Relax Interventions 50%,Belize,BLZ,2020-07-04,v3
2020-08-28,deaths,0,0,0,3.41,0,55.77,Relax Interventions 50%,Belize,BLZ,2020-07-04,v3
2020-08-28,hospital_demand,0,0,0,37.53,0,797.15,Relax Interventions 50%,Belize,BLZ,2020-07-04,v3
2020-08-28,hospital_incidence,0,0,0,0.3,0,6.52,Relax Interventions 50%,Belize,BLZ,2020-07-04,v3
2020-08-28,ICU_demand,0,0,0,2.7,0,55.17,Relax Interventions 50%,Belize,BLZ,2020-07-04,v3
2020-08-28,ICU_incidence,0,0,0,0.07,0,1,Relax Interventions 50%,Belize,BLZ,2020-07-04,v3
2020-08-28,infections,0,0,0,215.5,0,2365.37,Relax Interventions 50%,Belize,BLZ,2020-07-04,v3
2020-08-28,Rt,0.39,1,1.42,1.64,2.12,3.56,Relax Interventions 50%,Belize,BLZ,2020-07-04,v3
2020-08-28,cumulative_infections,266.28,934.75,1382,1606.74,1934.75,4784.4,Surged Additional 50% Reduction,Belize,BLZ,2020-07-04,v3
2020-08-28,deaths,0,0,0,0.01,0,0,Surged Additional 50% Reduction,Belize,BLZ,2020-07-04,v3
2020-08-28,hospital_demand,0,0,0,0.04,0,0,Surged Additional 50% Reduction,Belize,BLZ,2020-07-04,v3
2020-08-28,hospital_incidence,0,0,0,0,0,0,Surged Additional 50% Reduction,Belize,BLZ,2020-07-04,v3
2020-08-28,ICU_demand,0,0,0,0.01,0,0,Surged Additional 50% Reduction,Belize,BLZ,2020-07-04,v3
2020-08-28,ICU_incidence,0,0,0,0,0,0,Surged Additional 50% Reduction,Belize,BLZ,2020-07-04,v3
2020-08-28,infections,0,0,0,0.2,0,1.52,Surged Additional 50% Reduction,Belize,BLZ,2020-07-04,v3
2020-08-28,Rt,0.1,0.29,0.44,0.51,0.71,1.13,Surged Additional 50% Reduction,Belize,BLZ,2020-07-04,v3
2020-08-28,cumulative_infections,266.28,934.75,1382,2218.72,1936.75,7057.1,Surged Maintain Status Quo,Belize,BLZ,2020-07-04,v3
2020-08-28,deaths,0,0,0,0.02,0,0,Surged Maintain Status Quo,Belize,BLZ,2020-07-04,v3
2020-08-28,hospital_demand,0,0,0,3.28,0,15.5,Surged Maintain Status Quo,Belize,BLZ,2020-07-04,v3
2020-08-28,hospital_incidence,0,0,0,0.03,0,0,Surged Maintain Status Quo,Belize,BLZ,2020-07-04,v3
2020-08-28,ICU_demand,0,0,0,0.85,0,5.2,Surged Maintain Status Quo,Belize,BLZ,2020-07-04,v3
2020-08-28,ICU_incidence,0,0,0,0,0,0,Surged Maintain Status Quo,Belize,BLZ,2020-07-04,v3
2020-08-28,infections,0,0,0,47.9,0,190.07,Surged Maintain Status Quo,Belize,BLZ,2020-07-04,v3
2020-08-28,Rt,0.2,0.58,0.88,1.03,1.43,2.26,Surged Maintain Status Quo,Belize,BLZ,2020-07-04,v3
2020-08-28,cumulative_infections,266.28,934.75,1427,7324.31,1941.75,80651.92,Surged Relax Interventions 50%,Belize,BLZ,2020-07-04,v3
2020-08-28,deaths,0,0,0,0.76,0,5.2,Surged Relax Interventions 50%,Belize,BLZ,2020-07-04,v3
2020-08-28,hospital_demand,0,0,0,36.59,0,425.5,Surged Relax Interventions 50%,Belize,BLZ,2020-07-04,v3
2020-08-28,hospital_incidence,0,0,0,0.28,0,4,Surged Relax Interventions 50%,Belize,BLZ,2020-07-04,v3
2020-08-28,ICU_demand,0,0,0,10.27,0,116.55,Surged Relax Interventions 50%,Belize,BLZ,2020-07-04,v3
2020-08-28,ICU_incidence,0,0,0,0.09,0,0.52,Surged Relax Interventions 50%,Belize,BLZ,2020-07-04,v3
2020-08-28,infections,0,0,0,331.16,0,5724.67,Surged Relax Interventions 50%,Belize,BLZ,2020-07-04,v3
2020-08-28,Rt,0.29,0.87,1.32,1.54,2.14,3.39,Surged Relax Interventions 50%,Belize,BLZ,2020-07-04,v3
2020-08-29,cumulative_infections,287.08,767.25,1586,1761.6,2371.5,4688.9,Additional 50% Reduction,Belize,BLZ,2020-07-04,v3
2020-08-29,deaths,0,0,0,0,0,0,Additional 50% Reduction,Belize,BLZ,2020-07-04,v3
2020-08-29,hospital_demand,0,0,0,0.36,0,0,Additional 50% Reduction,Belize,BLZ,2020-07-04,v3
2020-08-29,hospital_incidence,0,0,0,0,0,0,Additional 50% Reduction,Belize,BLZ,2020-07-04,v3
2020-08-29,ICU_demand,0,0,0,0.11,0,0,Additional 50% Reduction,Belize,BLZ,2020-07-04,v3
2020-08-29,ICU_incidence,0,0,0,0,0,0,Additional 50% Reduction,Belize,BLZ,2020-07-04,v3
2020-08-29,infections,0,0,0,3.77,0,6.05,Additional 50% Reduction,Belize,BLZ,2020-07-04,v3
2020-08-29,Rt,0.13,0.33,0.47,0.55,0.71,1.19,Additional 50% Reduction,Belize,BLZ,2020-07-04,v3
2020-08-29,cumulative_infections,287.08,767.25,1586,6050.68,2371.5,26370.67,Maintain Status Quo,Belize,BLZ,2020-07-04,v3
2020-08-29,deaths,0,0,0,1.66,0,3.57,Maintain Status Quo,Belize,BLZ,2020-07-04,v3
2020-08-29,hospital_demand,0,0,0,21.3,0,101.87,Maintain Status Quo,Belize,BLZ,2020-07-04,v3
2020-08-29,hospital_incidence,0,0,0,0.18,0,1.05,Maintain Status Quo,Belize,BLZ,2020-07-04,v3
2020-08-29,ICU_demand,0,0,0,1.47,0,19.57,Maintain Status Quo,Belize,BLZ,2020-07-04,v3
2020-08-29,ICU_incidence,0,0,0,0.06,0,0,Maintain Status Quo,Belize,BLZ,2020-07-04,v3
2020-08-29,infections,0,0,0,185.72,0,1340.9,Maintain Status Quo,Belize,BLZ,2020-07-04,v3
2020-08-29,Rt,0.26,0.67,0.95,1.09,1.41,2.37,Maintain Status Quo,Belize,BLZ,2020-07-04,v3
2020-08-29,cumulative_infections,287.08,767.25,1586,12669.49,2371.5,202568.62,Relax Interventions 50%,Belize,BLZ,2020-07-04,v3
2020-08-29,deaths,0,0,0,3.35,0,55.8,Relax Interventions 50%,Belize,BLZ,2020-07-04,v3
2020-08-29,hospital_demand,0,0,0,36.96,0,788.37,Relax Interventions 50%,Belize,BLZ,2020-07-04,v3
2020-08-29,hospital_incidence,0,0,0,0.27,0,4.67,Relax Interventions 50%,Belize,BLZ,2020-07-04,v3
2020-08-29,ICU_demand,0,0,0,2.6,0,52.17,Relax Interventions 50%,Belize,BLZ,2020-07-04,v3
2020-08-29,ICU_incidence,0,0,0,0.08,0,1.52,Relax Interventions 50%,Belize,BLZ,2020-07-04,v3
2020-08-29,infections,0,0,0,202.65,0,2010.57,Relax Interventions 50%,Belize,BLZ,2020-07-04,v3
2020-08-29,Rt,0.39,1,1.42,1.64,2.12,3.56,Relax Interventions 50%,Belize,BLZ,2020-07-04,v3
2020-08-29,cumulative_infections,266.28,934.75,1382,1606.9,1934.75,4784.4,Surged Additional 50% Reduction,Belize,BLZ,2020-07-04,v3
2020-08-29,deaths,0,0,0,0,0,0,Surged Additional 50% Reduction,Belize,BLZ,2020-07-04,v3
2020-08-29,hospital_demand,0,0,0,0.04,0,0,Surged Additional 50% Reduction,Belize,BLZ,2020-07-04,v3
2020-08-29,hospital_incidence,0,0,0,0,0,0,Surged Additional 50% Reduction,Belize,BLZ,2020-07-04,v3
2020-08-29,ICU_demand,0,0,0,0.01,0,0,Surged Additional 50% Reduction,Belize,BLZ,2020-07-04,v3
2020-08-29,ICU_incidence,0,0,0,0,0,0,Surged Additional 50% Reduction,Belize,BLZ,2020-07-04,v3
2020-08-29,infections,0,0,0,0.16,0,0.52,Surged Additional 50% Reduction,Belize,BLZ,2020-07-04,v3
2020-08-29,Rt,0.1,0.29,0.44,0.51,0.71,1.13,Surged Additional 50% Reduction,Belize,BLZ,2020-07-04,v3
2020-08-29,cumulative_infections,266.28,934.75,1382,2269.17,1936.75,7193.6,Surged Maintain Status Quo,Belize,BLZ,2020-07-04,v3
2020-08-29,deaths,0,0,0,0.06,0,0.52,Surged Maintain Status Quo,Belize,BLZ,2020-07-04,v3
2020-08-29,hospital_demand,0,0,0,3.71,0,14.92,Surged Maintain Status Quo,Belize,BLZ,2020-07-04,v3
2020-08-29,hospital_incidence,0,0,0,0.03,0,0,Surged Maintain Status Quo,Belize,BLZ,2020-07-04,v3
2020-08-29,ICU_demand,0,0,0,0.91,0,6.25,Surged Maintain Status Quo,Belize,BLZ,2020-07-04,v3
2020-08-29,ICU_incidence,0,0,0,0,0,0,Surged Maintain Status Quo,Belize,BLZ,2020-07-04,v3
2020-08-29,infections,0,0,0,50.45,0,207.27,Surged Maintain Status Quo,Belize,BLZ,2020-07-04,v3
2020-08-29,Rt,0.2,0.58,0.88,1.03,1.43,2.26,Surged Maintain Status Quo,Belize,BLZ,2020-07-04,v3
2020-08-29,cumulative_infections,266.28,934.75,1427,7659.86,1941.75,86706.27,Surged Relax Interventions 50%,Belize,BLZ,2020-07-04,v3
2020-08-29,deaths,0,0,0,0.73,0,7.67,Surged Relax Interventions 50%,Belize,BLZ,2020-07-04,v3
2020-08-29,hospital_demand,0,0,0,38.29,0,467.45,Surged Relax Interventions 50%,Belize,BLZ,2020-07-04,v3
2020-08-29,hospital_incidence,0,0,0,0.25,0,3.57,Surged Relax Interventions 50%,Belize,BLZ,2020-07-04,v3
2020-08-29,ICU_demand,0,0,0,10.79,0,124.12,Surged Relax Interventions 50%,Belize,BLZ,2020-07-04,v3
2020-08-29,ICU_incidence,0,0,0,0.08,0,0,Surged Relax Interventions 50%,Belize,BLZ,2020-07-04,v3
2020-08-29,infections,0,0,0,335.55,0,6054.35,Surged Relax Interventions 50%,Belize,BLZ,2020-07-04,v3
2020-08-29,Rt,0.29,0.87,1.32,1.54,2.14,3.39,Surged Relax Interventions 50%,Belize,BLZ,2020-07-04,v3
2020-08-30,cumulative_infections,287.08,767.25,1586,1765.15,2371.5,4688.9,Additional 50% Reduction,Belize,BLZ,2020-07-04,v3
2020-08-30,deaths,0,0,0,0.01,0,0,Additional 50% Reduction,Belize,BLZ,2020-07-04,v3
2020-08-30,hospital_demand,0,0,0,0.36,0,0,Additional 50% Reduction,Belize,BLZ,2020-07-04,v3
2020-08-30,hospital_incidence,0,0,0,0,0,0,Additional 50% Reduction,Belize,BLZ,2020-07-04,v3
2020-08-30,ICU_demand,0,0,0,0.11,0,0,Additional 50% Reduction,Belize,BLZ,2020-07-04,v3
2020-08-30,ICU_incidence,0,0,0,0,0,0,Additional 50% Reduction,Belize,BLZ,2020-07-04,v3
2020-08-30,infections,0,0,0,3.55,0,3.62,Additional 50% Reduction,Belize,BLZ,2020-07-04,v3
2020-08-30,Rt,0.13,0.33,0.47,0.55,0.71,1.19,Additional 50% Reduction,Belize,BLZ,2020-07-04,v3
2020-08-30,cumulative_infections,287.08,767.25,1586,6229.92,2371.5,27775.87,Maintain Status Quo,Belize,BLZ,2020-07-04,v3
2020-08-30,deaths,0,0,0,1.69,0,3.1,Maintain Status Quo,Belize,BLZ,2020-07-04,v3
2020-08-30,hospital_demand,0,0,0,21.58,0,103.72,Maintain Status Quo,Belize,BLZ,2020-07-04,v3
2020-08-30,hospital_incidence,0,0,0,0.19,0,0.52,Maintain Status Quo,Belize,BLZ,2020-07-04,v3
2020-08-30,ICU_demand,0,0,0,1.67,0,19.67,Maintain Status Quo,Belize,BLZ,2020-07-04,v3
2020-08-30,ICU_incidence,0,0,0,0.07,0,0.52,Maintain Status Quo,Belize,BLZ,2020-07-04,v3
2020-08-30,infections,0,0,0,179.24,0,1405.2,Maintain Status Quo,Belize,BLZ,2020-07-04,v3
2020-08-30,Rt,0.26,0.67,0.95,1.09,1.41,2.37,Maintain Status Quo,Belize,BLZ,2020-07-04,v3
2020-08-30,cumulative_infections,287.08,767.25,1586,12857.09,2371.5,210302.75,Relax Interventions 50%,Belize,BLZ,2020-07-04,v3
2020-08-30,deaths,0,0,0,3.34,0,56.47,Relax Interventions 50%,Belize,BLZ,2020-07-04,v3
2020-08-30,hospital_demand,0,0,0,36.14,0,775.5,Relax Interventions 50%,Belize,BLZ,2020-07-04,v3
2020-08-30,hospital_incidence,0,0,0,0.16,0,1,Relax Interventions 50%,Belize,BLZ,2020-07-04,v3
2020-08-30,ICU_demand,0,0,0,2.41,0,51.22,Relax Interventions 50%,Belize,BLZ,2020-07-04,v3
2020-08-30,ICU_incidence,0,0,0,0.08,0,0,Relax Interventions 50%,Belize,BLZ,2020-07-04,v3
2020-08-30,infections,0,0,0,187.6,0,1688.02,Relax Interventions 50%,Belize,BLZ,2020-07-04,v3
2020-08-30,Rt,0.39,1,1.42,1.64,2.12,3.56,Relax Interventions 50%,Belize,BLZ,2020-07-04,v3
2020-08-30,cumulative_infections,266.28,934.75,1382,1607.04,1934.75,4784.4,Surged Additional 50% Reduction,Belize,BLZ,2020-07-04,v3
2020-08-30,deaths,0,0,0,0,0,0,Surged Additional 50% Reduction,Belize,BLZ,2020-07-04,v3
2020-08-30,hospital_demand,0,0,0,0.04,0,0,Surged Additional 50% Reduction,Belize,BLZ,2020-07-04,v3
2020-08-30,hospital_incidence,0,0,0,0,0,0,Surged Additional 50% Reduction,Belize,BLZ,2020-07-04,v3
2020-08-30,ICU_demand,0,0,0,0.01,0,0,Surged Additional 50% Reduction,Belize,BLZ,2020-07-04,v3
2020-08-30,ICU_incidence,0,0,0,0,0,0,Surged Additional 50% Reduction,Belize,BLZ,2020-07-04,v3
2020-08-30,infections,0,0,0,0.14,0,0.52,Surged Additional 50% Reduction,Belize,BLZ,2020-07-04,v3
2020-08-30,Rt,0.1,0.29,0.44,0.51,0.71,1.13,Surged Additional 50% Reduction,Belize,BLZ,2020-07-04,v3
2020-08-30,cumulative_infections,266.28,934.75,1382,2322.87,1936.75,7333.25,Surged Maintain Status Quo,Belize,BLZ,2020-07-04,v3
2020-08-30,deaths,0,0,0,0.08,0,0.52,Surged Maintain Status Quo,Belize,BLZ,2020-07-04,v3
2020-08-30,hospital_demand,0,0,0,3.83,0,17.02,Surged Maintain Status Quo,Belize,BLZ,2020-07-04,v3
2020-08-30,hospital_incidence,0,0,0,0.07,0,0,Surged Maintain Status Quo,Belize,BLZ,2020-07-04,v3
2020-08-30,ICU_demand,0,0,0,0.99,0,6.25,Surged Maintain Status Quo,Belize,BLZ,2020-07-04,v3
2020-08-30,ICU_incidence,0,0,0,0,0,0,Surged Maintain Status Quo,Belize,BLZ,2020-07-04,v3
2020-08-30,infections,0,0,0,53.7,0,210.42,Surged Maintain Status Quo,Belize,BLZ,2020-07-04,v3
2020-08-30,Rt,0.2,0.58,0.88,1.03,1.43,2.26,Surged Maintain Status Quo,Belize,BLZ,2020-07-04,v3
2020-08-30,cumulative_infections,266.28,934.75,1427,7995.19,1941.75,92888.22,Surged Relax Interventions 50%,Belize,BLZ,2020-07-04,v3
2020-08-30,deaths,0,0,0,0.73,0,7.67,Surged Relax Interventions 50%,Belize,BLZ,2020-07-04,v3
2020-08-30,hospital_demand,0,0,0,40.05,0,490.72,Surged Relax Interventions 50%,Belize,BLZ,2020-07-04,v3
2020-08-30,hospital_incidence,0,0,0,0.21,0,3,Surged Relax Interventions 50%,Belize,BLZ,2020-07-04,v3
2020-08-30,ICU_demand,0,0,0,11.23,0,131.75,Surged Relax Interventions 50%,Belize,BLZ,2020-07-04,v3
2020-08-30,ICU_incidence,0,0,0,0.08,0,1,Surged Relax Interventions 50%,Belize,BLZ,2020-07-04,v3
2020-08-30,infections,0,0,0,335.33,0,6150.97,Surged Relax Interventions 50%,Belize,BLZ,2020-07-04,v3
2020-08-30,Rt,0.29,0.87,1.32,1.54,2.14,3.39,Surged Relax Interventions 50%,Belize,BLZ,2020-07-04,v3
2020-08-31,cumulative_infections,287.08,767.25,1586,1769.21,2371.5,4688.9,Additional 50% Reduction,Belize,BLZ,2020-07-04,v3
2020-08-31,deaths,0,0,0,0.02,0,0,Additional 50% Reduction,Belize,BLZ,2020-07-04,v3
2020-08-31,hospital_demand,0,0,0,0.35,0,0,Additional 50% Reduction,Belize,BLZ,2020-07-04,v3
2020-08-31,hospital_incidence,0,0,0,0,0,0,Additional 50% Reduction,Belize,BLZ,2020-07-04,v3
2020-08-31,ICU_demand,0,0,0,0.1,0,0,Additional 50% Reduction,Belize,BLZ,2020-07-04,v3
2020-08-31,ICU_incidence,0,0,0,0,0,0,Additional 50% Reduction,Belize,BLZ,2020-07-04,v3
2020-08-31,infections,0,0,0,4.06,0,8.15,Additional 50% Reduction,Belize,BLZ,2020-07-04,v3
2020-08-31,Rt,0.13,0.33,0.47,0.55,0.71,1.19,Additional 50% Reduction,Belize,BLZ,2020-07-04,v3
2020-08-31,cumulative_infections,287.08,767.25,1586,6401.86,2371.5,29232.62,Maintain Status Quo,Belize,BLZ,2020-07-04,v3
2020-08-31,deaths,0,0,0,1.94,0,3.1,Maintain Status Quo,Belize,BLZ,2020-07-04,v3
2020-08-31,hospital_demand,0,0,0,21.7,0,113.72,Maintain Status Quo,Belize,BLZ,2020-07-04,v3
2020-08-31,hospital_incidence,0,0,0,0.11,0,1,Maintain Status Quo,Belize,BLZ,2020-07-04,v3
2020-08-31,ICU_demand,0,0,0,1.62,0,19.62,Maintain Status Quo,Belize,BLZ,2020-07-04,v3
2020-08-31,ICU_incidence,0,0,0,0.03,0,0,Maintain Status Quo,Belize,BLZ,2020-07-04,v3
2020-08-31,infections,0,0,0,171.94,0,1456.75,Maintain Status Quo,Belize,BLZ,2020-07-04,v3
2020-08-31,Rt,0.26,0.67,0.95,1.09,1.41,2.37,Maintain Status Quo,Belize,BLZ,2020-07-04,v3
2020-08-31,cumulative_infections,287.08,767.25,1586,13037.07,2371.5,217777.52,Relax Interventions 50%,Belize,BLZ,2020-07-04,v3
2020-08-31,deaths,0,0,0,3.2,0,56.45,Relax Interventions 50%,Belize,BLZ,2020-07-04,v3
2020-08-31,hospital_demand,0,0,0,34.97,0,749.52,Relax Interventions 50%,Belize,BLZ,2020-07-04,v3
2020-08-31,hospital_incidence,0,0,0,0.32,0,5.62,Relax Interventions 50%,Belize,BLZ,2020-07-04,v3
2020-08-31,ICU_demand,0,0,0,2.4,0,45.45,Relax Interventions 50%,Belize,BLZ,2020-07-04,v3
2020-08-31,ICU_incidence,0,0,0,0.08,0,1,Relax Interventions 50%,Belize,BLZ,2020-07-04,v3
2020-08-31,infections,0,0,0,179.98,0,1547.37,Relax Interventions 50%,Belize,BLZ,2020-07-04,v3
2020-08-31,Rt,0.39,1,1.42,1.64,2.12,3.56,Relax Interventions 50%,Belize,BLZ,2020-07-04,v3
2020-08-31,cumulative_infections,266.28,934.75,1382,1607.26,1934.75,4784.4,Surged Additional 50% Reduction,Belize,BLZ,2020-07-04,v3
2020-08-31,deaths,0,0,0,0,0,0,Surged Additional 50% Reduction,Belize,BLZ,2020-07-04,v3
2020-08-31,hospital_demand,0,0,0,0.04,0,0,Surged Additional 50% Reduction,Belize,BLZ,2020-07-04,v3
2020-08-31,hospital_incidence,0,0,0,0,0,0,Surged Additional 50% Reduction,Belize,BLZ,2020-07-04,v3
2020-08-31,ICU_demand,0,0,0,0.01,0,0,Surged Additional 50% Reduction,Belize,BLZ,2020-07-04,v3
2020-08-31,ICU_incidence,0,0,0,0,0,0,Surged Additional 50% Reduction,Belize,BLZ,2020-07-04,v3
2020-08-31,infections,0,0,0,0.22,0,0.52,Surged Additional 50% Reduction,Belize,BLZ,2020-07-04,v3
2020-08-31,Rt,0.1,0.29,0.44,0.51,0.71,1.13,Surged Additional 50% Reduction,Belize,BLZ,2020-07-04,v3
2020-08-31,cumulative_infections,266.28,934.75,1382,2380.04,1936.75,7484.45,Surged Maintain Status Quo,Belize,BLZ,2020-07-04,v3
2020-08-31,deaths,0,0,0,0.05,0,0.52,Surged Maintain Status Quo,Belize,BLZ,2020-07-04,v3
2020-08-31,hospital_demand,0,0,0,4.29,0,19.07,Surged Maintain Status Quo,Belize,BLZ,2020-07-04,v3
2020-08-31,hospital_incidence,0,0,0,0.01,0,0,Surged Maintain Status Quo,Belize,BLZ,2020-07-04,v3
2020-08-31,ICU_demand,0,0,0,1.08,0,5.72,Surged Maintain Status Quo,Belize,BLZ,2020-07-04,v3
2020-08-31,ICU_incidence,0,0,0,0,0,0,Surged Maintain Status Quo,Belize,BLZ,2020-07-04,v3
2020-08-31,infections,0,0,0,57.17,0,221.02,Surged Maintain Status Quo,Belize,BLZ,2020-07-04,v3
2020-08-31,Rt,0.2,0.58,0.88,1.03,1.43,2.26,Surged Maintain Status Quo,Belize,BLZ,2020-07-04,v3
2020-08-31,cumulative_infections,266.28,934.75,1427,8322.87,1941.75,99253.97,Surged Relax Interventions 50%,Belize,BLZ,2020-07-04,v3
2020-08-31,deaths,0,0,0,0.75,0,9.72,Surged Relax Interventions 50%,Belize,BLZ,2020-07-04,v3
2020-08-31,hospital_demand,0,0,0,41.87,0,533.65,Surged Relax Interventions 50%,Belize,BLZ,2020-07-04,v3
2020-08-31,hospital_incidence,0,0,0,0.27,0,4.1,Surged Relax Interventions 50%,Belize,BLZ,2020-07-04,v3
2020-08-31,ICU_demand,0,0,0,11.71,0,138.75,Surged Relax Interventions 50%,Belize,BLZ,2020-07-04,v3
2020-08-31,ICU_incidence,0,0,0,0.06,0,1,Surged Relax Interventions 50%,Belize,BLZ,2020-07-04,v3
2020-08-31,infections,0,0,0,327.68,0,5788.25,Surged Relax Interventions 50%,Belize,BLZ,2020-07-04,v3
2020-08-31,Rt,0.29,0.87,1.32,1.54,2.14,3.39,Surged Relax Interventions 50%,Belize,BLZ,2020-07-04,v3
2020-09-01,cumulative_infections,287.08,767.25,1586,1773.21,2371.5,4688.9,Additional 50% Reduction,Belize,BLZ,2020-07-04,v3
2020-09-01,deaths,0,0,0,0,0,0,Additional 50% Reduction,Belize,BLZ,2020-07-04,v3
2020-09-01,hospital_demand,0,0,0,0.4,0,0,Additional 50% Reduction,Belize,BLZ,2020-07-04,v3
2020-09-01,hospital_incidence,0,0,0,0,0,0,Additional 50% Reduction,Belize,BLZ,2020-07-04,v3
2020-09-01,ICU_demand,0,0,0,0.13,0,0,Additional 50% Reduction,Belize,BLZ,2020-07-04,v3
2020-09-01,ICU_incidence,0,0,0,0,0,0,Additional 50% Reduction,Belize,BLZ,2020-07-04,v3
2020-09-01,infections,0,0,0,4,0,4.05,Additional 50% Reduction,Belize,BLZ,2020-07-04,v3
2020-09-01,Rt,0.13,0.33,0.47,0.55,0.71,1.19,Additional 50% Reduction,Belize,BLZ,2020-07-04,v3
2020-09-01,cumulative_infections,287.08,767.25,1586,6568.04,2371.5,30750.82,Maintain Status Quo,Belize,BLZ,2020-07-04,v3
2020-09-01,deaths,0,0,0,2.04,0,4.62,Maintain Status Quo,Belize,BLZ,2020-07-04,v3
2020-09-01,hospital_demand,0,0,0,21.21,0,123.45,Maintain Status Quo,Belize,BLZ,2020-07-04,v3
2020-09-01,hospital_incidence,0,0,0,0.19,0,0.52,Maintain Status Quo,Belize,BLZ,2020-07-04,v3
2020-09-01,ICU_demand,0,0,0,1.54,0,17.05,Maintain Status Quo,Belize,BLZ,2020-07-04,v3
2020-09-01,ICU_incidence,0,0,0,0.06,0,0.52,Maintain Status Quo,Belize,BLZ,2020-07-04,v3
2020-09-01,infections,0,0,0,166.18,0,1518.2,Maintain Status Quo,Belize,BLZ,2020-07-04,v3
2020-09-01,Rt,0.26,0.67,0.95,1.09,1.41,2.37,Maintain Status Quo,Belize,BLZ,2020-07-04,v3
2020-09-01,cumulative_infections,287.08,767.25,1586,13203.57,2371.5,224874.25,Relax Interventions 50%,Belize,BLZ,2020-07-04,v3
2020-09-01,deaths,0,0,0,3.13,0,47.57,Relax Interventions 50%,Belize,BLZ,2020-07-04,v3
2020-09-01,hospital_demand,0,0,0,33.85,0,716.7,Relax Interventions 50%,Belize,BLZ,2020-07-04,v3
2020-09-01,hospital_incidence,0,0,0,0.26,0,3.15,Relax Interventions 50%,Belize,BLZ,2020-07-04,v3
2020-09-01,ICU_demand,0,0,0,2.16,0,41.5,Relax Interventions 50%,Belize,BLZ,2020-07-04,v3
2020-09-01,ICU_incidence,0,0,0,0.07,0,0.52,Relax Interventions 50%,Belize,BLZ,2020-07-04,v3
2020-09-01,infections,0,0,0,166.5,0,1246.72,Relax Interventions 50%,Belize,BLZ,2020-07-04,v3
2020-09-01,Rt,0.39,1,1.42,1.64,2.12,3.56,Relax Interventions 50%,Belize,BLZ,2020-07-04,v3
2020-09-01,cumulative_infections,266.28,934.75,1382,1607.43,1934.75,4784.4,Surged Additional 50% Reduction,Belize,BLZ,2020-07-04,v3
2020-09-01,deaths,0,0,0,0,0,0,Surged Additional 50% Reduction,Belize,BLZ,2020-07-04,v3
2020-09-01,hospital_demand,0,0,0,0.04,0,0,Surged Additional 50% Reduction,Belize,BLZ,2020-07-04,v3
2020-09-01,hospital_incidence,0,0,0,0.01,0,0,Surged Additional 50% Reduction,Belize,BLZ,2020-07-04,v3
2020-09-01,ICU_demand,0,0,0,0.01,0,0,Surged Additional 50% Reduction,Belize,BLZ,2020-07-04,v3
2020-09-01,ICU_incidence,0,0,0,0,0,0,Surged Additional 50% Reduction,Belize,BLZ,2020-07-04,v3
2020-09-01,infections,0,0,0,0.17,0,0.52,Surged Additional 50% Reduction,Belize,BLZ,2020-07-04,v3
2020-09-01,Rt,0.1,0.29,0.44,0.51,0.71,1.13,Surged Additional 50% Reduction,Belize,BLZ,2020-07-04,v3
2020-09-01,cumulative_infections,266.28,934.75,1382,2440.34,1936.75,7638.8,Surged Maintain Status Quo,Belize,BLZ,2020-07-04,v3
2020-09-01,deaths,0,0,0,0.08,0,0.52,Surged Maintain Status Quo,Belize,BLZ,2020-07-04,v3
2020-09-01,hospital_demand,0,0,0,4.57,0,21.5,Surged Maintain Status Quo,Belize,BLZ,2020-07-04,v3
2020-09-01,hospital_incidence,0,0,0,0.02,0,0,Surged Maintain Status Quo,Belize,BLZ,2020-07-04,v3
2020-09-01,ICU_demand,0,0,0,1.13,0,5.15,Surged Maintain Status Quo,Belize,BLZ,2020-07-04,v3
2020-09-01,ICU_incidence,0,0,0,0,0,0,Surged Maintain Status Quo,Belize,BLZ,2020-07-04,v3
2020-09-01,infections,0,0,0,60.3,0,241.75,Surged Maintain Status Quo,Belize,BLZ,2020-07-04,v3
2020-09-01,Rt,0.2,0.58,0.88,1.03,1.43,2.26,Surged Maintain Status Quo,Belize,BLZ,2020-07-04,v3
2020-09-01,cumulative_infections,266.28,934.75,1427,8650.82,1941.75,105913.57,Surged Relax Interventions 50%,Belize,BLZ,2020-07-04,v3
2020-09-01,deaths,0,0,0,0.82,0,12.67,Surged Relax Interventions 50%,Belize,BLZ,2020-07-04,v3
2020-09-01,hospital_demand,0,0,0,44.16,0,574.97,Surged Relax Interventions 50%,Belize,BLZ,2020-07-04,v3
2020-09-01,hospital_incidence,0,0,0,0.32,0,4.15,Surged Relax Interventions 50%,Belize,BLZ,2020-07-04,v3
2020-09-01,ICU_demand,0,0,0,12.36,0,152.87,Surged Relax Interventions 50%,Belize,BLZ,2020-07-04,v3
2020-09-01,ICU_incidence,0,0,0,0.06,0,1,Surged Relax Interventions 50%,Belize,BLZ,2020-07-04,v3
2020-09-01,infections,0,0,0,327.95,0,5636.37,Surged Relax Interventions 50%,Belize,BLZ,2020-07-04,v3
2020-09-01,Rt,0.29,0.87,1.32,1.54,2.14,3.39,Surged Relax Interventions 50%,Belize,BLZ,2020-07-04,v3
2020-09-02,cumulative_infections,287.08,767.25,1586,1777.16,2371.5,4688.9,Additional 50% Reduction,Belize,BLZ,2020-07-04,v3
2020-09-02,deaths,0,0,0,0.02,0,0,Additional 50% Reduction,Belize,BLZ,2020-07-04,v3
2020-09-02,hospital_demand,0,0,0,0.45,0,0.52,Additional 50% Reduction,Belize,BLZ,2020-07-04,v3
2020-09-02,hospital_incidence,0,0,0,0,0,0,Additional 50% Reduction,Belize,BLZ,2020-07-04,v3
2020-09-02,ICU_demand,0,0,0,0.1,0,0,Additional 50% Reduction,Belize,BLZ,2020-07-04,v3
2020-09-02,ICU_incidence,0,0,0,0.01,0,0,Additional 50% Reduction,Belize,BLZ,2020-07-04,v3
2020-09-02,infections,0,0,0,3.95,0,5.52,Additional 50% Reduction,Belize,BLZ,2020-07-04,v3
2020-09-02,Rt,0.13,0.33,0.47,0.55,0.71,1.19,Additional 50% Reduction,Belize,BLZ,2020-07-04,v3
2020-09-02,cumulative_infections,287.08,767.25,1586,6727.99,2371.5,32277.22,Maintain Status Quo,Belize,BLZ,2020-07-04,v3
2020-09-02,deaths,0,0,0,1.81,0,2.57,Maintain Status Quo,Belize,BLZ,2020-07-04,v3
2020-09-02,hospital_demand,0,0,0,21.2,0,128.27,Maintain Status Quo,Belize,BLZ,2020-07-04,v3
2020-09-02,hospital_incidence,0,0,0,0.16,0,0,Maintain Status Quo,Belize,BLZ,2020-07-04,v3
2020-09-02,ICU_demand,0,0,0,1.64,0,19.62,Maintain Status Quo,Belize,BLZ,2020-07-04,v3
2020-09-02,ICU_incidence,0,0,0,0.03,0,0,Maintain Status Quo,Belize,BLZ,2020-07-04,v3
2020-09-02,infections,0,0,0,159.95,0,1526.4,Maintain Status Quo,Belize,BLZ,2020-07-04,v3
2020-09-02,Rt,0.26,0.67,0.95,1.09,1.41,2.37,Maintain Status Quo,Belize,BLZ,2020-07-04,v3
2020-09-02,cumulative_infections,287.08,767.25,1586,13358.14,2371.5,231529.82,Relax Interventions 50%,Belize,BLZ,2020-07-04,v3
2020-09-02,deaths,0,0,0,2.69,0,38.52,Relax Interventions 50%,Belize,BLZ,2020-07-04,v3
2020-09-02,hospital_demand,0,0,0,33.03,0,681.3,Relax Interventions 50%,Belize,BLZ,2020-07-04,v3
2020-09-02,hospital_incidence,0,0,0,0.2,0,3.05,Relax Interventions 50%,Belize,BLZ,2020-07-04,v3
2020-09-02,ICU_demand,0,0,0,2.14,0,40.07,Relax Interventions 50%,Belize,BLZ,2020-07-04,v3
2020-09-02,ICU_incidence,0,0,0,0.09,0,1.05,Relax Interventions 50%,Belize,BLZ,2020-07-04,v3
2020-09-02,infections,0,0,0,154.57,0,1084.05,Relax Interventions 50%,Belize,BLZ,2020-07-04,v3
2020-09-02,Rt,0.39,1,1.42,1.64,2.12,3.56,Relax Interventions 50%,Belize,BLZ,2020-07-04,v3
2020-09-02,cumulative_infections,266.28,934.75,1382,1607.55,1934.75,4784.4,Surged Additional 50% Reduction,Belize,BLZ,2020-07-04,v3
2020-09-02,deaths,0,0,0,0,0,0,Surged Additional 50% Reduction,Belize,BLZ,2020-07-04,v3
2020-09-02,hospital_demand,0,0,0,0.05,0,0,Surged Additional 50% Reduction,Belize,BLZ,2020-07-04,v3
2020-09-02,hospital_incidence,0,0,0,0,0,0,Surged Additional 50% Reduction,Belize,BLZ,2020-07-04,v3
2020-09-02,ICU_demand,0,0,0,0.01,0,0,Surged Additional 50% Reduction,Belize,BLZ,2020-07-04,v3
2020-09-02,ICU_incidence,0,0,0,0,0,0,Surged Additional 50% Reduction,Belize,BLZ,2020-07-04,v3
2020-09-02,infections,0,0,0,0.12,0,0,Surged Additional 50% Reduction,Belize,BLZ,2020-07-04,v3
2020-09-02,Rt,0.1,0.29,0.44,0.51,0.71,1.13,Surged Additional 50% Reduction,Belize,BLZ,2020-07-04,v3
2020-09-02,cumulative_infections,266.28,934.75,1382,2504.09,1936.75,7811.52,Surged Maintain Status Quo,Belize,BLZ,2020-07-04,v3
2020-09-02,deaths,0,0,0,0.08,0,0,Surged Maintain Status Quo,Belize,BLZ,2020-07-04,v3
2020-09-02,hospital_demand,0,0,0,4.77,0,19.82,Surged Maintain Status Quo,Belize,BLZ,2020-07-04,v3
2020-09-02,hospital_incidence,0,0,0,0.06,0,0.52,Surged Maintain Status Quo,Belize,BLZ,2020-07-04,v3
2020-09-02,ICU_demand,0,0,0,1.23,0,5.62,Surged Maintain Status Quo,Belize,BLZ,2020-07-04,v3
2020-09-02,ICU_incidence,0,0,0,0,0,0,Surged Maintain Status Quo,Belize,BLZ,2020-07-04,v3
2020-09-02,infections,0,0,0,63.75,0,266.77,Surged Maintain Status Quo,Belize,BLZ,2020-07-04,v3
2020-09-02,Rt,0.2,0.58,0.88,1.03,1.43,2.26,Surged Maintain Status Quo,Belize,BLZ,2020-07-04,v3
2020-09-02,cumulative_infections,266.28,934.75,1427,8975.27,1941.75,112577.42,Surged Relax Interventions 50%,Belize,BLZ,2020-07-04,v3
2020-09-02,deaths,0,0,0,0.71,0,5.62,Surged Relax Interventions 50%,Belize,BLZ,2020-07-04,v3
2020-09-02,hospital_demand,0,0,0,45.53,0,609.4,Surged Relax Interventions 50%,Belize,BLZ,2020-07-04,v3
2020-09-02,hospital_incidence,0,0,0,0.24,0,3.05,Surged Relax Interventions 50%,Belize,BLZ,2020-07-04,v3
2020-09-02,ICU_demand,0,0,0,13.02,0,174.45,Surged Relax Interventions 50%,Belize,BLZ,2020-07-04,v3
2020-09-02,ICU_incidence,0,0,0,0.09,0,1.05,Surged Relax Interventions 50%,Belize,BLZ,2020-07-04,v3
2020-09-02,infections,0,0,0,324.45,0,5574.65,Surged Relax Interventions 50%,Belize,BLZ,2020-07-04,v3
2020-09-02,Rt,0.29,0.87,1.32,1.54,2.14,3.39,Surged Relax Interventions 50%,Belize,BLZ,2020-07-04,v3
2020-09-03,cumulative_infections,287.08,767.25,1586,1781.16,2371.5,4688.9,Additional 50% Reduction,Belize,BLZ,2020-07-04,v3
2020-09-03,deaths,0,0,0,0,0,0,Additional 50% Reduction,Belize,BLZ,2020-07-04,v3
2020-09-03,hospital_demand,0,0,0,0.46,0,0,Additional 50% Reduction,Belize,BLZ,2020-07-04,v3
2020-09-03,hospital_incidence,0,0,0,0,0,0,Additional 50% Reduction,Belize,BLZ,2020-07-04,v3
2020-09-03,ICU_demand,0,0,0,0.15,0,0.52,Additional 50% Reduction,Belize,BLZ,2020-07-04,v3
2020-09-03,ICU_incidence,0,0,0,0,0,0,Additional 50% Reduction,Belize,BLZ,2020-07-04,v3
2020-09-03,infections,0,0,0,4,0,6.57,Additional 50% Reduction,Belize,BLZ,2020-07-04,v3
2020-09-03,Rt,0.13,0.33,0.47,0.55,0.71,1.19,Additional 50% Reduction,Belize,BLZ,2020-07-04,v3
2020-09-03,cumulative_infections,287.08,767.25,1586,6881.15,2371.5,33934.45,Maintain Status Quo,Belize,BLZ,2020-07-04,v3
2020-09-03,deaths,0,0,0,1.79,0,4.1,Maintain Status Quo,Belize,BLZ,2020-07-04,v3
2020-09-03,hospital_demand,0,0,0,21.01,0,133.7,Maintain Status Quo,Belize,BLZ,2020-07-04,v3
2020-09-03,hospital_incidence,0,0,0,0.13,0,0,Maintain Status Quo,Belize,BLZ,2020-07-04,v3
2020-09-03,ICU_demand,0,0,0,1.8,0,21.05,Maintain Status Quo,Belize,BLZ,2020-07-04,v3
2020-09-03,ICU_incidence,0,0,0,0.05,0,0.52,Maintain Status Quo,Belize,BLZ,2020-07-04,v3
2020-09-03,infections,0,0,0,153.16,0,1657.22,Maintain Status Quo,Belize,BLZ,2020-07-04,v3
2020-09-03,Rt,0.26,0.67,0.95,1.09,1.41,2.37,Maintain Status Quo,Belize,BLZ,2020-07-04,v3
2020-09-03,cumulative_infections,287.08,767.25,1586,13501.82,2371.5,237796.37,Relax Interventions 50%,Belize,BLZ,2020-07-04,v3
2020-09-03,deaths,0,0,0,2.65,0,39.2,Relax Interventions 50%,Belize,BLZ,2020-07-04,v3
2020-09-03,hospital_demand,0,0,0,32.1,0,629.05,Relax Interventions 50%,Belize,BLZ,2020-07-04,v3
2020-09-03,hospital_incidence,0,0,0,0.19,0,1.52,Relax Interventions 50%,Belize,BLZ,2020-07-04,v3
2020-09-03,ICU_demand,0,0,0,2.24,0,38.12,Relax Interventions 50%,Belize,BLZ,2020-07-04,v3
2020-09-03,ICU_incidence,0,0,0,0.08,0,0.52,Relax Interventions 50%,Belize,BLZ,2020-07-04,v3
2020-09-03,infections,0,0,0,143.68,0,917.3,Relax Interventions 50%,Belize,BLZ,2020-07-04,v3
2020-09-03,Rt,0.39,1,1.42,1.64,2.12,3.56,Relax Interventions 50%,Belize,BLZ,2020-07-04,v3
2020-09-03,cumulative_infections,266.28,934.75,1382,1607.79,1934.75,4784.4,Surged Additional 50% Reduction,Belize,BLZ,2020-07-04,v3
2020-09-03,deaths,0,0,0,0,0,0,Surged Additional 50% Reduction,Belize,BLZ,2020-07-04,v3
2020-09-03,hospital_demand,0,0,0,0.04,0,0,Surged Additional 50% Reduction,Belize,BLZ,2020-07-04,v3
2020-09-03,hospital_incidence,0,0,0,0,0,0,Surged Additional 50% Reduction,Belize,BLZ,2020-07-04,v3
2020-09-03,ICU_demand,0,0,0,0.01,0,0,Surged Additional 50% Reduction,Belize,BLZ,2020-07-04,v3
2020-09-03,ICU_incidence,0,0,0,0,0,0,Surged Additional 50% Reduction,Belize,BLZ,2020-07-04,v3
2020-09-03,infections,0,0,0,0.24,0,1.52,Surged Additional 50% Reduction,Belize,BLZ,2020-07-04,v3
2020-09-03,Rt,0.1,0.29,0.44,0.51,0.71,1.13,Surged Additional 50% Reduction,Belize,BLZ,2020-07-04,v3
2020-09-03,cumulative_infections,266.28,934.75,1382,2568.32,1936.75,7979,Surged Maintain Status Quo,Belize,BLZ,2020-07-04,v3
2020-09-03,deaths,0,0,0,0.11,0,0,Surged Maintain Status Quo,Belize,BLZ,2020-07-04,v3
2020-09-03,hospital_demand,0,0,0,4.98,0,19.77,Surged Maintain Status Quo,Belize,BLZ,2020-07-04,v3
2020-09-03,hospital_incidence,0,0,0,0.06,0,0,Surged Maintain Status Quo,Belize,BLZ,2020-07-04,v3
2020-09-03,ICU_demand,0,0,0,1.31,0,5.1,Surged Maintain Status Quo,Belize,BLZ,2020-07-04,v3
2020-09-03,ICU_incidence,0,0,0,0,0,0,Surged Maintain Status Quo,Belize,BLZ,2020-07-04,v3
2020-09-03,infections,0,0,0,64.23,0,264.37,Surged Maintain Status Quo,Belize,BLZ,2020-07-04,v3
2020-09-03,Rt,0.2,0.58,0.88,1.03,1.43,2.26,Surged Maintain Status Quo,Belize,BLZ,2020-07-04,v3
2020-09-03,cumulative_infections,266.28,934.75,1427,9290.53,1941.75,119350.52,Surged Relax Interventions 50%,Belize,BLZ,2020-07-04,v3
2020-09-03,deaths,0,0,0,0.83,0,7.05,Surged Relax Interventions 50%,Belize,BLZ,2020-07-04,v3
2020-09-03,hospital_demand,0,0,0,46.5,0,640.1,Surged Relax Interventions 50%,Belize,BLZ,2020-07-04,v3
2020-09-03,hospital_incidence,0,0,0,0.28,0,4.15,Surged Relax Interventions 50%,Belize,BLZ,2020-07-04,v3
2020-09-03,ICU_demand,0,0,0,13.35,0,187.97,Surged Relax Interventions 50%,Belize,BLZ,2020-07-04,v3
2020-09-03,ICU_incidence,0,0,0,0.07,0,0.52,Surged Relax Interventions 50%,Belize,BLZ,2020-07-04,v3
2020-09-03,infections,0,0,0,315.26,0,5333.55,Surged Relax Interventions 50%,Belize,BLZ,2020-07-04,v3
2020-09-03,Rt,0.29,0.87,1.32,1.54,2.14,3.39,Surged Relax Interventions 50%,Belize,BLZ,2020-07-04,v3
2020-09-04,cumulative_infections,287.08,767.25,1586,1785.33,2371.5,4715.5,Additional 50% Reduction,Belize,BLZ,2020-07-04,v3
2020-09-04,deaths,0,0,0,0,0,0,Additional 50% Reduction,Belize,BLZ,2020-07-04,v3
2020-09-04,hospital_demand,0,0,0,0.52,0,0,Additional 50% Reduction,Belize,BLZ,2020-07-04,v3
2020-09-04,hospital_incidence,0,0,0,0,0,0,Additional 50% Reduction,Belize,BLZ,2020-07-04,v3
2020-09-04,ICU_demand,0,0,0,0.16,0,1.05,Additional 50% Reduction,Belize,BLZ,2020-07-04,v3
2020-09-04,ICU_incidence,0,0,0,0,0,0,Additional 50% Reduction,Belize,BLZ,2020-07-04,v3
2020-09-04,infections,0,0,0,4.17,0,3.52,Additional 50% Reduction,Belize,BLZ,2020-07-04,v3
2020-09-04,Rt,0.13,0.33,0.47,0.55,0.71,1.19,Additional 50% Reduction,Belize,BLZ,2020-07-04,v3
2020-09-04,cumulative_infections,287.08,767.25,1586,7029.7,2371.5,35611.87,Maintain Status Quo,Belize,BLZ,2020-07-04,v3
2020-09-04,deaths,0,0,0,1.88,0,7.52,Maintain Status Quo,Belize,BLZ,2020-07-04,v3
2020-09-04,hospital_demand,0,0,0,20.92,0,143.8,Maintain Status Quo,Belize,BLZ,2020-07-04,v3
2020-09-04,hospital_incidence,0,0,0,0.18,0,0.52,Maintain Status Quo,Belize,BLZ,2020-07-04,v3
2020-09-04,ICU_demand,0,0,0,1.46,0,17.15,Maintain Status Quo,Belize,BLZ,2020-07-04,v3
2020-09-04,ICU_incidence,0,0,0,0.05,0,0,Maintain Status Quo,Belize,BLZ,2020-07-04,v3
2020-09-04,infections,0,0,0,148.55,0,1677.42,Maintain Status Quo,Belize,BLZ,2020-07-04,v3
2020-09-04,Rt,0.26,0.67,0.95,1.09,1.41,2.37,Maintain Status Quo,Belize,BLZ,2020-07-04,v3
2020-09-04,cumulative_infections,287.08,767.25,1586,13635.4,2371.5,243684.6,Relax Interventions 50%,Belize,BLZ,2020-07-04,v3
2020-09-04,deaths,0,0,0,2.75,0,32.62,Relax Interventions 50%,Belize,BLZ,2020-07-04,v3
2020-09-04,hospital_demand,0,0,0,31.16,0,596.52,Relax Interventions 50%,Belize,BLZ,2020-07-04,v3
2020-09-04,hospital_incidence,0,0,0,0.18,0,1.05,Relax Interventions 50%,Belize,BLZ,2020-07-04,v3
2020-09-04,ICU_demand,0,0,0,2.08,0,33.12,Relax Interventions 50%,Belize,BLZ,2020-07-04,v3
2020-09-04,ICU_incidence,0,0,0,0.05,0,0,Relax Interventions 50%,Belize,BLZ,2020-07-04,v3
2020-09-04,infections,0,0,0,133.58,0,779.42,Relax Interventions 50%,Belize,BLZ,2020-07-04,v3
2020-09-04,Rt,0.39,1,1.42,1.64,2.12,3.56,Relax Interventions 50%,Belize,BLZ,2020-07-04,v3
2020-09-04,cumulative_infections,266.28,934.75,1382,1607.95,1934.75,4784.4,Surged Additional 50% Reduction,Belize,BLZ,2020-07-04,v3
2020-09-04,deaths,0,0,0,0,0,0,Surged Additional 50% Reduction,Belize,BLZ,2020-07-04,v3
2020-09-04,hospital_demand,0,0,0,0.04,0,0,Surged Additional 50% Reduction,Belize,BLZ,2020-07-04,v3
2020-09-04,hospital_incidence,0,0,0,0.01,0,0,Surged Additional 50% Reduction,Belize,BLZ,2020-07-04,v3
2020-09-04,ICU_demand,0,0,0,0.01,0,0,Surged Additional 50% Reduction,Belize,BLZ,2020-07-04,v3
2020-09-04,ICU_incidence,0,0,0,0,0,0,Surged Additional 50% Reduction,Belize,BLZ,2020-07-04,v3
2020-09-04,infections,0,0,0,0.16,0,0,Surged Additional 50% Reduction,Belize,BLZ,2020-07-04,v3
2020-09-04,Rt,0.1,0.29,0.44,0.51,0.71,1.13,Surged Additional 50% Reduction,Belize,BLZ,2020-07-04,v3
2020-09-04,cumulative_infections,266.28,934.75,1382,2637.39,1936.75,8219.12,Surged Maintain Status Quo,Belize,BLZ,2020-07-04,v3
2020-09-04,deaths,0,0,0,0.15,0,1,Surged Maintain Status Quo,Belize,BLZ,2020-07-04,v3
2020-09-04,hospital_demand,0,0,0,5.53,0,21.82,Surged Maintain Status Quo,Belize,BLZ,2020-07-04,v3
2020-09-04,hospital_incidence,0,0,0,0.01,0,0,Surged Maintain Status Quo,Belize,BLZ,2020-07-04,v3
2020-09-04,ICU_demand,0,0,0,1.45,0,4.62,Surged Maintain Status Quo,Belize,BLZ,2020-07-04,v3
2020-09-04,ICU_incidence,0,0,0,0.02,0,0,Surged Maintain Status Quo,Belize,BLZ,2020-07-04,v3
2020-09-04,infections,0,0,0,69.07,0,283.35,Surged Maintain Status Quo,Belize,BLZ,2020-07-04,v3
2020-09-04,Rt,0.2,0.58,0.88,1.03,1.43,2.26,Surged Maintain Status Quo,Belize,BLZ,2020-07-04,v3
2020-09-04,cumulative_infections,266.28,934.75,1427,9601.15,1941.75,126302.7,Surged Relax Interventions 50%,Belize,BLZ,2020-07-04,v3
2020-09-04,deaths,0,0,0,0.85,0,8.67,Surged Relax Interventions 50%,Belize,BLZ,2020-07-04,v3
2020-09-04,hospital_demand,0,0,0,47.88,0,667.02,Surged Relax Interventions 50%,Belize,BLZ,2020-07-04,v3
2020-09-04,hospital_incidence,0,0,0,0.27,0,4.62,Surged Relax Interventions 50%,Belize,BLZ,2020-07-04,v3
2020-09-04,ICU_demand,0,0,0,13.48,0,192.6,Surged Relax Interventions 50%,Belize,BLZ,2020-07-04,v3
2020-09-04,ICU_incidence,0,0,0,0.05,0,0,Surged Relax Interventions 50%,Belize,BLZ,2020-07-04,v3
2020-09-04,infections,0,0,0,310.62,0,5214.62,Surged Relax Interventions 50%,Belize,BLZ,2020-07-04,v3
2020-09-04,Rt,0.29,0.87,1.32,1.54,2.14,3.39,Surged Relax Interventions 50%,Belize,BLZ,2020-07-04,v3
2020-09-05,cumulative_infections,287.08,767.25,1586,1789.78,2371.5,4744,Additional 50% Reduction,Belize,BLZ,2020-07-04,v3
2020-09-05,deaths,0,0,0,0.02,0,0,Additional 50% Reduction,Belize,BLZ,2020-07-04,v3
2020-09-05,hospital_demand,0,0,0,0.55,0,0,Additional 50% Reduction,Belize,BLZ,2020-07-04,v3
2020-09-05,hospital_incidence,0,0,0,0,0,0,Additional 50% Reduction,Belize,BLZ,2020-07-04,v3
2020-09-05,ICU_demand,0,0,0,0.14,0,1.05,Additional 50% Reduction,Belize,BLZ,2020-07-04,v3
2020-09-05,ICU_incidence,0,0,0,0.01,0,0,Additional 50% Reduction,Belize,BLZ,2020-07-04,v3
2020-09-05,infections,0,0,0,4.45,0,6.1,Additional 50% Reduction,Belize,BLZ,2020-07-04,v3
2020-09-05,Rt,0.13,0.33,0.47,0.55,0.71,1.19,Additional 50% Reduction,Belize,BLZ,2020-07-04,v3
2020-09-05,cumulative_infections,287.08,767.25,1586,7174.7,2371.5,37366.85,Maintain Status Quo,Belize,BLZ,2020-07-04,v3
2020-09-05,deaths,0,0,0,1.65,0,3.67,Maintain Status Quo,Belize,BLZ,2020-07-04,v3
2020-09-05,hospital_demand,0,0,0,21.67,0,151.9,Maintain Status Quo,Belize,BLZ,2020-07-04,v3
2020-09-05,hospital_incidence,0,0,0,0.22,0,0.52,Maintain Status Quo,Belize,BLZ,2020-07-04,v3
2020-09-05,ICU_demand,0,0,0,1.67,0,22,Maintain Status Quo,Belize,BLZ,2020-07-04,v3
2020-09-05,ICU_incidence,0,0,0,0.03,0,0,Maintain Status Quo,Belize,BLZ,2020-07-04,v3
2020-09-05,infections,0,0,0,145,0,1754.97,Maintain Status Quo,Belize,BLZ,2020-07-04,v3
2020-09-05,Rt,0.26,0.67,0.95,1.09,1.41,2.37,Maintain Status Quo,Belize,BLZ,2020-07-04,v3
2020-09-05,cumulative_infections,287.08,767.25,1586,13758.77,2371.5,249160.65,Relax Interventions 50%,Belize,BLZ,2020-07-04,v3
2020-09-05,deaths,0,0,0,2.72,0,29.52,Relax Interventions 50%,Belize,BLZ,2020-07-04,v3
2020-09-05,hospital_demand,0,0,0,29.67,0,537.87,Relax Interventions 50%,Belize,BLZ,2020-07-04,v3
2020-09-05,hospital_incidence,0,0,0,0.21,0,2.62,Relax Interventions 50%,Belize,BLZ,2020-07-04,v3
2020-09-05,ICU_demand,0,0,0,2.08,0,32.12,Relax Interventions 50%,Belize,BLZ,2020-07-04,v3
2020-09-05,ICU_incidence,0,0,0,0.07,0,0.52,Relax Interventions 50%,Belize,BLZ,2020-07-04,v3
2020-09-05,infections,0,0,0,123.37,0,672.77,Relax Interventions 50%,Belize,BLZ,2020-07-04,v3
2020-09-05,Rt,0.39,1,1.42,1.64,2.12,3.56,Relax Interventions 50%,Belize,BLZ,2020-07-04,v3
2020-09-05,cumulative_infections,266.28,934.75,1382,1608.06,1934.75,4784.4,Surged Additional 50% Reduction,Belize,BLZ,2020-07-04,v3
2020-09-05,deaths,0,0,0,0,0,0,Surged Additional 50% Reduction,Belize,BLZ,2020-07-04,v3
2020-09-05,hospital_demand,0,0,0,0.06,0,0.52,Surged Additional 50% Reduction,Belize,BLZ,2020-07-04,v3
2020-09-05,hospital_incidence,0,0,0,0,0,0,Surged Additional 50% Reduction,Belize,BLZ,2020-07-04,v3
2020-09-05,ICU_demand,0,0,0,0.01,0,0,Surged Additional 50% Reduction,Belize,BLZ,2020-07-04,v3
2020-09-05,ICU_incidence,0,0,0,0,0,0,Surged Additional 50% Reduction,Belize,BLZ,2020-07-04,v3
2020-09-05,infections,0,0,0,0.11,0,0,Surged Additional 50% Reduction,Belize,BLZ,2020-07-04,v3
2020-09-05,Rt,0.1,0.29,0.44,0.51,0.71,1.13,Surged Additional 50% Reduction,Belize,BLZ,2020-07-04,v3
2020-09-05,cumulative_infections,266.28,934.75,1382,2708.26,1936.75,8532.27,Surged Maintain Status Quo,Belize,BLZ,2020-07-04,v3
2020-09-05,deaths,0,0,0,0.14,0,1,Surged Maintain Status Quo,Belize,BLZ,2020-07-04,v3
2020-09-05,hospital_demand,0,0,0,5.79,0,24.3,Surged Maintain Status Quo,Belize,BLZ,2020-07-04,v3
2020-09-05,hospital_incidence,0,0,0,0.04,0,0,Surged Maintain Status Quo,Belize,BLZ,2020-07-04,v3
2020-09-05,ICU_demand,0,0,0,1.57,0,4.62,Surged Maintain Status Quo,Belize,BLZ,2020-07-04,v3
2020-09-05,ICU_incidence,0,0,0,0.01,0,0,Surged Maintain Status Quo,Belize,BLZ,2020-07-04,v3
2020-09-05,infections,0,0,0,70.87,0,313.15,Surged Maintain Status Quo,Belize,BLZ,2020-07-04,v3
2020-09-05,Rt,0.2,0.58,0.88,1.03,1.43,2.26,Surged Maintain Status Quo,Belize,BLZ,2020-07-04,v3
2020-09-05,cumulative_infections,266.28,934.75,1427,9904.8,1941.75,133292.45,Surged Relax Interventions 50%,Belize,BLZ,2020-07-04,v3
2020-09-05,deaths,0,0,0,0.9,0,15.57,Surged Relax Interventions 50%,Belize,BLZ,2020-07-04,v3
2020-09-05,hospital_demand,0,0,0,49.6,0,717.67,Surged Relax Interventions 50%,Belize,BLZ,2020-07-04,v3
2020-09-05,hospital_incidence,0,0,0,0.31,0,3.52,Surged Relax Interventions 50%,Belize,BLZ,2020-07-04,v3
2020-09-05,ICU_demand,0,0,0,13.74,0,202.25,Surged Relax Interventions 50%,Belize,BLZ,2020-07-04,v3
2020-09-05,ICU_incidence,0,0,0,0.05,0,1,Surged Relax Interventions 50%,Belize,BLZ,2020-07-04,v3
2020-09-05,infections,0,0,0,303.65,0,5147.1,Surged Relax Interventions 50%,Belize,BLZ,2020-07-04,v3
2020-09-05,Rt,0.29,0.87,1.32,1.54,2.14,3.39,Surged Relax Interventions 50%,Belize,BLZ,2020-07-04,v3
2020-09-06,cumulative_infections,287.08,767.25,1586,1794.51,2371.5,4770.6,Additional 50% Reduction,Belize,BLZ,2020-07-04,v3
2020-09-06,deaths,0,0,0,0,0,0,Additional 50% Reduction,Belize,BLZ,2020-07-04,v3
2020-09-06,hospital_demand,0,0,0,0.53,0,0,Additional 50% Reduction,Belize,BLZ,2020-07-04,v3
2020-09-06,hospital_incidence,0,0,0,0,0,0,Additional 50% Reduction,Belize,BLZ,2020-07-04,v3
2020-09-06,ICU_demand,0,0,0,0.18,0,1.05,Additional 50% Reduction,Belize,BLZ,2020-07-04,v3
2020-09-06,ICU_incidence,0,0,0,0,0,0,Additional 50% Reduction,Belize,BLZ,2020-07-04,v3
2020-09-06,infections,0,0,0,4.73,0,4.57,Additional 50% Reduction,Belize,BLZ,2020-07-04,v3
2020-09-06,Rt,0.13,0.33,0.47,0.55,0.71,1.19,Additional 50% Reduction,Belize,BLZ,2020-07-04,v3
2020-09-06,cumulative_infections,287.08,767.25,1586,7313.18,2371.5,39200.4,Maintain Status Quo,Belize,BLZ,2020-07-04,v3
2020-09-06,deaths,0,0,0,1.69,0,5.05,Maintain Status Quo,Belize,BLZ,2020-07-04,v3
2020-09-06,hospital_demand,0,0,0,21.56,0,160.42,Maintain Status Quo,Belize,BLZ,2020-07-04,v3
2020-09-06,hospital_incidence,0,0,0,0.13,0,1,Maintain Status Quo,Belize,BLZ,2020-07-04,v3
2020-09-06,ICU_demand,0,0,0,1.48,0,20.1,Maintain Status Quo,Belize,BLZ,2020-07-04,v3
2020-09-06,ICU_incidence,0,0,0,0.05,0,0.52,Maintain Status Quo,Belize,BLZ,2020-07-04,v3
2020-09-06,infections,0,0,0,138.48,0,1833.55,Maintain Status Quo,Belize,BLZ,2020-07-04,v3
2020-09-06,Rt,0.26,0.67,0.95,1.09,1.41,2.37,Maintain Status Quo,Belize,BLZ,2020-07-04,v3
2020-09-06,cumulative_infections,287.08,767.25,1586,13872.22,2371.5,254264.15,Relax Interventions 50%,Belize,BLZ,2020-07-04,v3
2020-09-06,deaths,0,0,0,2.34,0,23.47,Relax Interventions 50%,Belize,BLZ,2020-07-04,v3
2020-09-06,hospital_demand,0,0,0,28.52,0,498.47,Relax Interventions 50%,Belize,BLZ,2020-07-04,v3
2020-09-06,hospital_incidence,0,0,0,0.16,0,0.52,Relax Interventions 50%,Belize,BLZ,2020-07-04,v3
2020-09-06,ICU_demand,0,0,0,2.07,0,34.75,Relax Interventions 50%,Belize,BLZ,2020-07-04,v3
2020-09-06,ICU_incidence,0,0,0,0.05,0,0,Relax Interventions 50%,Belize,BLZ,2020-07-04,v3
2020-09-06,infections,0,0,0,113.45,0,543.72,Relax Interventions 50%,Belize,BLZ,2020-07-04,v3
2020-09-06,Rt,0.39,1,1.42,1.64,2.12,3.56,Relax Interventions 50%,Belize,BLZ,2020-07-04,v3
2020-09-06,cumulative_infections,266.28,934.75,1382,1608.2,1934.75,4784.4,Surged Additional 50% Reduction,Belize,BLZ,2020-07-04,v3
2020-09-06,deaths,0,0,0,0,0,0,Surged Additional 50% Reduction,Belize,BLZ,2020-07-04,v3
2020-09-06,hospital_demand,0,0,0,0.04,0,0.52,Surged Additional 50% Reduction,Belize,BLZ,2020-07-04,v3
2020-09-06,hospital_incidence,0,0,0,0,0,0,Surged Additional 50% Reduction,Belize,BLZ,2020-07-04,v3
2020-09-06,ICU_demand,0,0,0,0.01,0,0,Surged Additional 50% Reduction,Belize,BLZ,2020-07-04,v3
2020-09-06,ICU_incidence,0,0,0,0,0,0,Surged Additional 50% Reduction,Belize,BLZ,2020-07-04,v3
2020-09-06,infections,0,0,0,0.14,0,0.52,Surged Additional 50% Reduction,Belize,BLZ,2020-07-04,v3
2020-09-06,Rt,0.1,0.29,0.44,0.51,0.71,1.13,Surged Additional 50% Reduction,Belize,BLZ,2020-07-04,v3
2020-09-06,cumulative_infections,266.28,934.75,1382,2781.89,1936.75,8864.85,Surged Maintain Status Quo,Belize,BLZ,2020-07-04,v3
2020-09-06,deaths,0,0,0,0.11,0,0.52,Surged Maintain Status Quo,Belize,BLZ,2020-07-04,v3
2020-09-06,hospital_demand,0,0,0,6.09,0,27.25,Surged Maintain Status Quo,Belize,BLZ,2020-07-04,v3
2020-09-06,hospital_incidence,0,0,0,0.08,0,0,Surged Maintain Status Quo,Belize,BLZ,2020-07-04,v3
2020-09-06,ICU_demand,0,0,0,1.65,0,4.62,Surged Maintain Status Quo,Belize,BLZ,2020-07-04,v3
2020-09-06,ICU_incidence,0,0,0,0,0,0,Surged Maintain Status Quo,Belize,BLZ,2020-07-04,v3
2020-09-06,infections,0,0,0,73.63,0,332.57,Surged Maintain Status Quo,Belize,BLZ,2020-07-04,v3
2020-09-06,Rt,0.2,0.58,0.88,1.03,1.43,2.26,Surged Maintain Status Quo,Belize,BLZ,2020-07-04,v3
2020-09-06,cumulative_infections,266.28,934.75,1427,10200.73,1941.75,140344.07,Surged Relax Interventions 50%,Belize,BLZ,2020-07-04,v3
2020-09-06,deaths,0,0,0,0.86,0,13.72,Surged Relax Interventions 50%,Belize,BLZ,2020-07-04,v3
2020-09-06,hospital_demand,0,0,0,50.64,0,763.75,Surged Relax Interventions 50%,Belize,BLZ,2020-07-04,v3
2020-09-06,hospital_incidence,0,0,0,0.36,0,7.05,Surged Relax Interventions 50%,Belize,BLZ,2020-07-04,v3
2020-09-06,ICU_demand,0,0,0,13.95,0,206.72,Surged Relax Interventions 50%,Belize,BLZ,2020-07-04,v3
2020-09-06,ICU_incidence,0,0,0,0.04,0,0,Surged Relax Interventions 50%,Belize,BLZ,2020-07-04,v3
2020-09-06,infections,0,0,0,295.93,0,5036.22,Surged Relax Interventions 50%,Belize,BLZ,2020-07-04,v3
2020-09-06,Rt,0.29,0.87,1.32,1.54,2.14,3.39,Surged Relax Interventions 50%,Belize,BLZ,2020-07-04,v3
2020-09-07,cumulative_infections,287.08,767.25,1586,1799.64,2371.5,4807.17,Additional 50% Reduction,Belize,BLZ,2020-07-04,v3
2020-09-07,deaths,0,0,0,0,0,0,Additional 50% Reduction,Belize,BLZ,2020-07-04,v3
2020-09-07,hospital_demand,0,0,0,0.56,0,0,Additional 50% Reduction,Belize,BLZ,2020-07-04,v3
2020-09-07,hospital_incidence,0,0,0,0,0,0,Additional 50% Reduction,Belize,BLZ,2020-07-04,v3
2020-09-07,ICU_demand,0,0,0,0.17,0,1.05,Additional 50% Reduction,Belize,BLZ,2020-07-04,v3
2020-09-07,ICU_incidence,0,0,0,0,0,0,Additional 50% Reduction,Belize,BLZ,2020-07-04,v3
2020-09-07,infections,0,0,0,5.13,0,4.05,Additional 50% Reduction,Belize,BLZ,2020-07-04,v3
2020-09-07,Rt,0.13,0.33,0.47,0.55,0.71,1.19,Additional 50% Reduction,Belize,BLZ,2020-07-04,v3
2020-09-07,cumulative_infections,287.08,767.25,1586,7444.43,2371.5,41116.52,Maintain Status Quo,Belize,BLZ,2020-07-04,v3
2020-09-07,deaths,0,0,0,1.6,0,3.57,Maintain Status Quo,Belize,BLZ,2020-07-04,v3
2020-09-07,hospital_demand,0,0,0,21.25,0,165.67,Maintain Status Quo,Belize,BLZ,2020-07-04,v3
2020-09-07,hospital_incidence,0,0,0,0.13,0,1.52,Maintain Status Quo,Belize,BLZ,2020-07-04,v3
2020-09-07,ICU_demand,0,0,0,1.82,0,23.72,Maintain Status Quo,Belize,BLZ,2020-07-04,v3
2020-09-07,ICU_incidence,0,0,0,0.03,0,0.52,Maintain Status Quo,Belize,BLZ,2020-07-04,v3
2020-09-07,infections,0,0,0,131.25,0,1916.12,Maintain Status Quo,Belize,BLZ,2020-07-04,v3
2020-09-07,Rt,0.26,0.67,0.95,1.09,1.41,2.37,Maintain Status Quo,Belize,BLZ,2020-07-04,v3
2020-09-07,cumulative_infections,287.08,767.25,1586,13976.86,2371.5,259002,Relax Interventions 50%,Belize,BLZ,2020-07-04,v3
2020-09-07,deaths,0,0,0,2.09,0,16.12,Relax Interventions 50%,Belize,BLZ,2020-07-04,v3
2020-09-07,hospital_demand,0,0,0,27.4,0,469.75,Relax Interventions 50%,Belize,BLZ,2020-07-04,v3
2020-09-07,hospital_incidence,0,0,0,0.12,0,0.52,Relax Interventions 50%,Belize,BLZ,2020-07-04,v3
2020-09-07,ICU_demand,0,0,0,1.84,0,31.12,Relax Interventions 50%,Belize,BLZ,2020-07-04,v3
2020-09-07,ICU_incidence,0,0,0,0.03,0,0.52,Relax Interventions 50%,Belize,BLZ,2020-07-04,v3
2020-09-07,infections,0,0,0,104.64,0,465,Relax Interventions 50%,Belize,BLZ,2020-07-04,v3
2020-09-07,Rt,0.39,1,1.42,1.64,2.12,3.56,Relax Interventions 50%,Belize,BLZ,2020-07-04,v3
2020-09-07,cumulative_infections,266.28,934.75,1382,1608.35,1934.75,4784.4,Surged Additional 50% Reduction,Belize,BLZ,2020-07-04,v3
2020-09-07,deaths,0,0,0,0,0,0,Surged Additional 50% Reduction,Belize,BLZ,2020-07-04,v3
2020-09-07,hospital_demand,0,0,0,0.05,0,0.52,Surged Additional 50% Reduction,Belize,BLZ,2020-07-04,v3
2020-09-07,hospital_incidence,0,0,0,0,0,0,Surged Additional 50% Reduction,Belize,BLZ,2020-07-04,v3
2020-09-07,ICU_demand,0,0,0,0,0,0,Surged Additional 50% Reduction,Belize,BLZ,2020-07-04,v3
2020-09-07,ICU_incidence,0,0,0,0,0,0,Surged Additional 50% Reduction,Belize,BLZ,2020-07-04,v3
2020-09-07,infections,0,0,0,0.15,0,0,Surged Additional 50% Reduction,Belize,BLZ,2020-07-04,v3
2020-09-07,Rt,0.1,0.29,0.44,0.51,0.71,1.13,Surged Additional 50% Reduction,Belize,BLZ,2020-07-04,v3
2020-09-07,cumulative_infections,266.28,934.75,1382,2857.21,1936.75,9232.25,Surged Maintain Status Quo,Belize,BLZ,2020-07-04,v3
2020-09-07,deaths,0,0,0,0.06,0,0,Surged Maintain Status Quo,Belize,BLZ,2020-07-04,v3
2020-09-07,hospital_demand,0,0,0,6.66,0,28.25,Surged Maintain Status Quo,Belize,BLZ,2020-07-04,v3
2020-09-07,hospital_incidence,0,0,0,0.09,0,0,Surged Maintain Status Quo,Belize,BLZ,2020-07-04,v3
2020-09-07,ICU_demand,0,0,0,1.79,0,5.62,Surged Maintain Status Quo,Belize,BLZ,2020-07-04,v3
2020-09-07,ICU_incidence,0,0,0,0.02,0,0,Surged Maintain Status Quo,Belize,BLZ,2020-07-04,v3
2020-09-07,infections,0,0,0,75.32,0,367.4,Surged Maintain Status Quo,Belize,BLZ,2020-07-04,v3
2020-09-07,Rt,0.2,0.58,0.88,1.03,1.43,2.26,Surged Maintain Status Quo,Belize,BLZ,2020-07-04,v3
2020-09-07,cumulative_infections,266.28,934.75,1427,10486.54,1941.75,147294.62,Surged Relax Interventions 50%,Belize,BLZ,2020-07-04,v3
2020-09-07,deaths,0,0,0,0.95,0,14.72,Surged Relax Interventions 50%,Belize,BLZ,2020-07-04,v3
2020-09-07,hospital_demand,0,0,0,51.42,0,807.37,Surged Relax Interventions 50%,Belize,BLZ,2020-07-04,v3
2020-09-07,hospital_incidence,0,0,0,0.26,0,4.52,Surged Relax Interventions 50%,Belize,BLZ,2020-07-04,v3
2020-09-07,ICU_demand,0,0,0,14.03,0,214.25,Surged Relax Interventions 50%,Belize,BLZ,2020-07-04,v3
2020-09-07,ICU_incidence,0,0,0,0.03,0,0,Surged Relax Interventions 50%,Belize,BLZ,2020-07-04,v3
2020-09-07,infections,0,0,0,285.81,0,4727.07,Surged Relax Interventions 50%,Belize,BLZ,2020-07-04,v3
2020-09-07,Rt,0.29,0.87,1.32,1.54,2.14,3.39,Surged Relax Interventions 50%,Belize,BLZ,2020-07-04,v3
2020-09-08,cumulative_infections,287.08,767.25,1586,1804.9,2371.5,4836.62,Additional 50% Reduction,Belize,BLZ,2020-07-04,v3
2020-09-08,deaths,0,0,0,0.03,0,0,Additional 50% Reduction,Belize,BLZ,2020-07-04,v3
2020-09-08,hospital_demand,0,0,0,0.55,0,0,Additional 50% Reduction,Belize,BLZ,2020-07-04,v3
2020-09-08,hospital_incidence,0,0,0,0,0,0,Additional 50% Reduction,Belize,BLZ,2020-07-04,v3
2020-09-08,ICU_demand,0,0,0,0.17,0,1.05,Additional 50% Reduction,Belize,BLZ,2020-07-04,v3
2020-09-08,ICU_incidence,0,0,0,0.01,0,0,Additional 50% Reduction,Belize,BLZ,2020-07-04,v3
2020-09-08,infections,0,0,0,5.26,0,4,Additional 50% Reduction,Belize,BLZ,2020-07-04,v3
2020-09-08,Rt,0.13,0.33,0.47,0.55,0.71,1.19,Additional 50% Reduction,Belize,BLZ,2020-07-04,v3
2020-09-08,cumulative_infections,287.08,767.25,1586,7572.24,2371.5,43112.8,Maintain Status Quo,Belize,BLZ,2020-07-04,v3
2020-09-08,deaths,0,0,0,1.83,0,5.15,Maintain Status Quo,Belize,BLZ,2020-07-04,v3
2020-09-08,hospital_demand,0,0,0,21.14,0,180.5,Maintain Status Quo,Belize,BLZ,2020-07-04,v3
2020-09-08,hospital_incidence,0,0,0,0.07,0,1.05,Maintain Status Quo,Belize,BLZ,2020-07-04,v3
2020-09-08,ICU_demand,0,0,0,1.53,0,22.72,Maintain Status Quo,Belize,BLZ,2020-07-04,v3
2020-09-08,ICU_incidence,0,0,0,0.05,0,1,Maintain Status Quo,Belize,BLZ,2020-07-04,v3
2020-09-08,infections,0,0,0,127.81,0,1996.27,Maintain Status Quo,Belize,BLZ,2020-07-04,v3
2020-09-08,Rt,0.26,0.67,0.95,1.09,1.41,2.37,Maintain Status Quo,Belize,BLZ,2020-07-04,v3
2020-09-08,cumulative_infections,287.08,767.25,1586,14073.27,2371.5,263380.02,Relax Interventions 50%,Belize,BLZ,2020-07-04,v3
2020-09-08,deaths,0,0,0,1.88,0,16.12,Relax Interventions 50%,Belize,BLZ,2020-07-04,v3
2020-09-08,hospital_demand,0,0,0,26.31,0,436.35,Relax Interventions 50%,Belize,BLZ,2020-07-04,v3
2020-09-08,hospital_incidence,0,0,0,0.17,0,0.52,Relax Interventions 50%,Belize,BLZ,2020-07-04,v3
2020-09-08,ICU_demand,0,0,0,1.8,0,27.45,Relax Interventions 50%,Belize,BLZ,2020-07-04,v3
2020-09-08,ICU_incidence,0,0,0,0,0,0,Relax Interventions 50%,Belize,BLZ,2020-07-04,v3
2020-09-08,infections,0,0,0,96.41,0,411.95,Relax Interventions 50%,Belize,BLZ,2020-07-04,v3
2020-09-08,Rt,0.39,1,1.42,1.64,2.12,3.56,Relax Interventions 50%,Belize,BLZ,2020-07-04,v3
2020-09-08,cumulative_infections,266.28,934.75,1382,1608.5,1934.75,4784.4,Surged Additional 50% Reduction,Belize,BLZ,2020-07-04,v3
2020-09-08,deaths,0,0,0,0,0,0,Surged Additional 50% Reduction,Belize,BLZ,2020-07-04,v3
2020-09-08,hospital_demand,0,0,0,0.05,0,0.52,Surged Additional 50% Reduction,Belize,BLZ,2020-07-04,v3
2020-09-08,hospital_incidence,0,0,0,0,0,0,Surged Additional 50% Reduction,Belize,BLZ,2020-07-04,v3
2020-09-08,ICU_demand,0,0,0,0.01,0,0,Surged Additional 50% Reduction,Belize,BLZ,2020-07-04,v3
2020-09-08,ICU_incidence,0,0,0,0,0,0,Surged Additional 50% Reduction,Belize,BLZ,2020-07-04,v3
2020-09-08,infections,0,0,0,0.15,0,0,Surged Additional 50% Reduction,Belize,BLZ,2020-07-04,v3
2020-09-08,Rt,0.1,0.29,0.44,0.51,0.71,1.13,Surged Additional 50% Reduction,Belize,BLZ,2020-07-04,v3
2020-09-08,cumulative_infections,266.28,934.75,1382,2934.86,1936.75,9617.12,Surged Maintain Status Quo,Belize,BLZ,2020-07-04,v3
2020-09-08,deaths,0,0,0,0.12,0,0.52,Surged Maintain Status Quo,Belize,BLZ,2020-07-04,v3
2020-09-08,hospital_demand,0,0,0,7.12,0,28.82,Surged Maintain Status Quo,Belize,BLZ,2020-07-04,v3
2020-09-08,hospital_incidence,0,0,0,0.06,0,0,Surged Maintain Status Quo,Belize,BLZ,2020-07-04,v3
2020-09-08,ICU_demand,0,0,0,2,0,8.72,Surged Maintain Status Quo,Belize,BLZ,2020-07-04,v3
2020-09-08,ICU_incidence,0,0,0,0.02,0,0,Surged Maintain Status Quo,Belize,BLZ,2020-07-04,v3
2020-09-08,infections,0,0,0,77.65,0,384.87,Surged Maintain Status Quo,Belize,BLZ,2020-07-04,v3
2020-09-08,Rt,0.2,0.58,0.88,1.03,1.43,2.26,Surged Maintain Status Quo,Belize,BLZ,2020-07-04,v3
2020-09-08,cumulative_infections,266.28,934.75,1427,10761,1941.75,154189.35,Surged Relax Interventions 50%,Belize,BLZ,2020-07-04,v3
2020-09-08,deaths,0,0,0,0.96,0,13.67,Surged Relax Interventions 50%,Belize,BLZ,2020-07-04,v3
2020-09-08,hospital_demand,0,0,0,52.2,0,851.95,Surged Relax Interventions 50%,Belize,BLZ,2020-07-04,v3
2020-09-08,hospital_incidence,0,0,0,0.27,0,4.52,Surged Relax Interventions 50%,Belize,BLZ,2020-07-04,v3
2020-09-08,ICU_demand,0,0,0,14.59,0,229.47,Surged Relax Interventions 50%,Belize,BLZ,2020-07-04,v3
2020-09-08,ICU_incidence,0,0,0,0.06,0,1,Surged Relax Interventions 50%,Belize,BLZ,2020-07-04,v3
2020-09-08,infections,0,0,0,274.46,0,4482.67,Surged Relax Interventions 50%,Belize,BLZ,2020-07-04,v3
2020-09-08,Rt,0.29,0.87,1.32,1.54,2.14,3.39,Surged Relax Interventions 50%,Belize,BLZ,2020-07-04,v3
2020-09-09,cumulative_infections,287.08,767.25,1586,1809.97,2371.5,4861.68,Additional 50% Reduction,Belize,BLZ,2020-07-04,v3
2020-09-09,deaths,0,0,0,0,0,0,Additional 50% Reduction,Belize,BLZ,2020-07-04,v3
2020-09-09,hospital_demand,0,0,0,0.51,0,0,Additional 50% Reduction,Belize,BLZ,2020-07-04,v3
2020-09-09,hospital_incidence,0,0,0,0,0,0,Additional 50% Reduction,Belize,BLZ,2020-07-04,v3
2020-09-09,ICU_demand,0,0,0,0.18,0,1.05,Additional 50% Reduction,Belize,BLZ,2020-07-04,v3
2020-09-09,ICU_incidence,0,0,0,0.01,0,0,Additional 50% Reduction,Belize,BLZ,2020-07-04,v3
2020-09-09,infections,0,0,0,5.07,0,2.05,Additional 50% Reduction,Belize,BLZ,2020-07-04,v3
2020-09-09,Rt,0.13,0.33,0.47,0.55,0.71,1.19,Additional 50% Reduction,Belize,BLZ,2020-07-04,v3
2020-09-09,cumulative_infections,287.08,767.25,1586,7695.14,2371.5,45127.77,Maintain Status Quo,Belize,BLZ,2020-07-04,v3
2020-09-09,deaths,0,0,0,1.43,0,6.15,Maintain Status Quo,Belize,BLZ,2020-07-04,v3
2020-09-09,hospital_demand,0,0,0,20.71,0,179.17,Maintain Status Quo,Belize,BLZ,2020-07-04,v3
2020-09-09,hospital_incidence,0,0,0,0.16,0,0,Maintain Status Quo,Belize,BLZ,2020-07-04,v3
2020-09-09,ICU_demand,0,0,0,1.64,0,23.1,Maintain Status Quo,Belize,BLZ,2020-07-04,v3
2020-09-09,ICU_incidence,0,0,0,0.04,0,0,Maintain Status Quo,Belize,BLZ,2020-07-04,v3
2020-09-09,infections,0,0,0,122.9,0,2000.27,Maintain Status Quo,Belize,BLZ,2020-07-04,v3
2020-09-09,Rt,0.26,0.67,0.95,1.09,1.41,2.37,Maintain Status Quo,Belize,BLZ,2020-07-04,v3
2020-09-09,cumulative_infections,287.08,767.25,1586,14159.51,2371.5,267305.82,Relax Interventions 50%,Belize,BLZ,2020-07-04,v3
2020-09-09,deaths,0,0,0,1.95,0,13.45,Relax Interventions 50%,Belize,BLZ,2020-07-04,v3
2020-09-09,hospital_demand,0,0,0,25.12,0,405.87,Relax Interventions 50%,Belize,BLZ,2020-07-04,v3
2020-09-09,hospital_incidence,0,0,0,0.15,0,1.05,Relax Interventions 50%,Belize,BLZ,2020-07-04,v3
2020-09-09,ICU_demand,0,0,0,1.71,0,23.3,Relax Interventions 50%,Belize,BLZ,2020-07-04,v3
2020-09-09,ICU_incidence,0,0,0,0.06,0,0,Relax Interventions 50%,Belize,BLZ,2020-07-04,v3
2020-09-09,infections,0,0,0,86.24,0,355.5,Relax Interventions 50%,Belize,BLZ,2020-07-04,v3
2020-09-09,Rt,0.39,1,1.42,1.64,2.12,3.56,Relax Interventions 50%,Belize,BLZ,2020-07-04,v3
2020-09-09,cumulative_infections,266.28,934.75,1382,1608.67,1934.75,4784.4,Surged Additional 50% Reduction,Belize,BLZ,2020-07-04,v3
2020-09-09,deaths,0,0,0,0,0,0,Surged Additional 50% Reduction,Belize,BLZ,2020-07-04,v3
2020-09-09,hospital_demand,0,0,0,0.06,0,0.52,Surged Additional 50% Reduction,Belize,BLZ,2020-07-04,v3
2020-09-09,hospital_incidence,0,0,0,0,0,0,Surged Additional 50% Reduction,Belize,BLZ,2020-07-04,v3
2020-09-09,ICU_demand,0,0,0,0,0,0,Surged Additional 50% Reduction,Belize,BLZ,2020-07-04,v3
2020-09-09,ICU_incidence,0,0,0,0,0,0,Surged Additional 50% Reduction,Belize,BLZ,2020-07-04,v3
2020-09-09,infections,0,0,0,0.17,0,0.52,Surged Additional 50% Reduction,Belize,BLZ,2020-07-04,v3
2020-09-09,Rt,0.1,0.29,0.44,0.51,0.71,1.13,Surged Additional 50% Reduction,Belize,BLZ,2020-07-04,v3
2020-09-09,cumulative_infections,266.28,934.75,1382,3013.53,1936.75,9992.4,Surged Maintain Status Quo,Belize,BLZ,2020-07-04,v3
2020-09-09,deaths,0,0,0,0.16,0,0,Surged Maintain Status Quo,Belize,BLZ,2020-07-04,v3
2020-09-09,hospital_demand,0,0,0,7.59,0,29.35,Surged Maintain Status Quo,Belize,BLZ,2020-07-04,v3
2020-09-09,hospital_incidence,0,0,0,0.02,0,0,Surged Maintain Status Quo,Belize,BLZ,2020-07-04,v3
2020-09-09,ICU_demand,0,0,0,1.99,0,8.62,Surged Maintain Status Quo,Belize,BLZ,2020-07-04,v3
2020-09-09,ICU_incidence,0,0,0,0.01,0,0,Surged Maintain Status Quo,Belize,BLZ,2020-07-04,v3
2020-09-09,infections,0,0,0,78.67,0,375.27,Surged Maintain Status Quo,Belize,BLZ,2020-07-04,v3
2020-09-09,Rt,0.2,0.58,0.88,1.03,1.43,2.26,Surged Maintain Status Quo,Belize,BLZ,2020-07-04,v3
2020-09-09,cumulative_infections,266.28,934.75,1427,11026.1,1941.75,160901.17,Surged Relax Interventions 50%,Belize,BLZ,2020-07-04,v3
2020-09-09,deaths,0,0,0,1.06,0,17.67,Surged Relax Interventions 50%,Belize,BLZ,2020-07-04,v3
2020-09-09,hospital_demand,0,0,0,52.46,0,878.7,Surged Relax Interventions 50%,Belize,BLZ,2020-07-04,v3
2020-09-09,hospital_incidence,0,0,0,0.18,0,1.57,Surged Relax Interventions 50%,Belize,BLZ,2020-07-04,v3
2020-09-09,ICU_demand,0,0,0,14.59,0,237.6,Surged Relax Interventions 50%,Belize,BLZ,2020-07-04,v3
2020-09-09,ICU_incidence,0,0,0,0.07,0,1,Surged Relax Interventions 50%,Belize,BLZ,2020-07-04,v3
2020-09-09,infections,0,0,0,265.1,0,4503.55,Surged Relax Interventions 50%,Belize,BLZ,2020-07-04,v3
2020-09-09,Rt,0.29,0.87,1.32,1.54,2.14,3.39,Surged Relax Interventions 50%,Belize,BLZ,2020-07-04,v3
2020-09-10,cumulative_infections,287.08,767.25,1586,1814.95,2371.5,4894.75,Additional 50% Reduction,Belize,BLZ,2020-07-04,v3
2020-09-10,deaths,0,0,0,0,0,0,Additional 50% Reduction,Belize,BLZ,2020-07-04,v3
2020-09-10,hospital_demand,0,0,0,0.51,0,0.52,Additional 50% Reduction,Belize,BLZ,2020-07-04,v3
2020-09-10,hospital_incidence,0,0,0,0,0,0,Additional 50% Reduction,Belize,BLZ,2020-07-04,v3
2020-09-10,ICU_demand,0,0,0,0.19,0,1.05,Additional 50% Reduction,Belize,BLZ,2020-07-04,v3
2020-09-10,ICU_incidence,0,0,0,0,0,0,Additional 50% Reduction,Belize,BLZ,2020-07-04,v3
2020-09-10,infections,0,0,0,4.98,0,2.62,Additional 50% Reduction,Belize,BLZ,2020-07-04,v3
2020-09-10,Rt,0.13,0.33,0.47,0.55,0.71,1.19,Additional 50% Reduction,Belize,BLZ,2020-07-04,v3
2020-09-10,cumulative_infections,287.08,767.25,1586,7811.87,2371.5,47184.45,Maintain Status Quo,Belize,BLZ,2020-07-04,v3
2020-09-10,deaths,0,0,0,1.49,0,7.15,Maintain Status Quo,Belize,BLZ,2020-07-04,v3
2020-09-10,hospital_demand,0,0,0,20.54,0,184.7,Maintain Status Quo,Belize,BLZ,2020-07-04,v3
2020-09-10,hospital_incidence,0,0,0,0.13,0,1.52,Maintain Status Quo,Belize,BLZ,2020-07-04,v3
2020-09-10,ICU_demand,0,0,0,1.52,0,23.1,Maintain Status Quo,Belize,BLZ,2020-07-04,v3
2020-09-10,ICU_incidence,0,0,0,0.01,0,0,Maintain Status Quo,Belize,BLZ,2020-07-04,v3
2020-09-10,infections,0,0,0,116.73,0,1833.55,Maintain Status Quo,Belize,BLZ,2020-07-04,v3
2020-09-10,Rt,0.26,0.67,0.95,1.09,1.41,2.37,Maintain Status Quo,Belize,BLZ,2020-07-04,v3
2020-09-10,cumulative_infections,287.08,767.25,1586,14238.56,2371.5,270940.72,Relax Interventions 50%,Belize,BLZ,2020-07-04,v3
2020-09-10,deaths,0,0,0,1.68,0,10.35,Relax Interventions 50%,Belize,BLZ,2020-07-04,v3
2020-09-10,hospital_demand,0,0,0,24.11,0,372.8,Relax Interventions 50%,Belize,BLZ,2020-07-04,v3
2020-09-10,hospital_incidence,0,0,0,0.09,0,0,Relax Interventions 50%,Belize,BLZ,2020-07-04,v3
2020-09-10,ICU_demand,0,0,0,1.61,0,20.15,Relax Interventions 50%,Belize,BLZ,2020-07-04,v3
2020-09-10,ICU_incidence,0,0,0,0.04,0,0,Relax Interventions 50%,Belize,BLZ,2020-07-04,v3
2020-09-10,infections,0,0,0,79.05,0,284.42,Relax Interventions 50%,Belize,BLZ,2020-07-04,v3
2020-09-10,Rt,0.39,1,1.42,1.64,2.12,3.56,Relax Interventions 50%,Belize,BLZ,2020-07-04,v3
2020-09-10,cumulative_infections,266.28,934.75,1382,1608.79,1934.75,4784.4,Surged Additional 50% Reduction,Belize,BLZ,2020-07-04,v3
2020-09-10,deaths,0,0,0,0,0,0,Surged Additional 50% Reduction,Belize,BLZ,2020-07-04,v3
2020-09-10,hospital_demand,0,0,0,0.06,0,0.52,Surged Additional 50% Reduction,Belize,BLZ,2020-07-04,v3
2020-09-10,hospital_incidence,0,0,0,0,0,0,Surged Additional 50% Reduction,Belize,BLZ,2020-07-04,v3
2020-09-10,ICU_demand,0,0,0,0,0,0,Surged Additional 50% Reduction,Belize,BLZ,2020-07-04,v3
2020-09-10,ICU_incidence,0,0,0,0,0,0,Surged Additional 50% Reduction,Belize,BLZ,2020-07-04,v3
2020-09-10,infections,0,0,0,0.12,0,0.52,Surged Additional 50% Reduction,Belize,BLZ,2020-07-04,v3
2020-09-10,Rt,0.1,0.29,0.44,0.51,0.71,1.13,Surged Additional 50% Reduction,Belize,BLZ,2020-07-04,v3
2020-09-10,cumulative_infections,266.28,934.75,1382,3094.48,1936.75,10433.15,Surged Maintain Status Quo,Belize,BLZ,2020-07-04,v3
2020-09-10,deaths,0,0,0,0.12,0,1,Surged Maintain Status Quo,Belize,BLZ,2020-07-04,v3
2020-09-10,hospital_demand,0,0,0,7.88,0,31.97,Surged Maintain Status Quo,Belize,BLZ,2020-07-04,v3
2020-09-10,hospital_incidence,0,0,0,0.08,0,0,Surged Maintain Status Quo,Belize,BLZ,2020-07-04,v3
2020-09-10,ICU_demand,0,0,0,2.13,0,9.15,Surged Maintain Status Quo,Belize,BLZ,2020-07-04,v3
2020-09-10,ICU_incidence,0,0,0,0.02,0,0,Surged Maintain Status Quo,Belize,BLZ,2020-07-04,v3
2020-09-10,infections,0,0,0,80.95,0,440.75,Surged Maintain Status Quo,Belize,BLZ,2020-07-04,v3
2020-09-10,Rt,0.2,0.58,0.88,1.03,1.43,2.26,Surged Maintain Status Quo,Belize,BLZ,2020-07-04,v3
2020-09-10,cumulative_infections,266.28,934.75,1427,11282.86,1971.25,167549.92,Surged Relax Interventions 50%,Belize,BLZ,2020-07-04,v3
2020-09-10,deaths,0,0,0,1.11,0,15.57,Surged Relax Interventions 50%,Belize,BLZ,2020-07-04,v3
2020-09-10,hospital_demand,0,0,0,52.79,0,933.15,Surged Relax Interventions 50%,Belize,BLZ,2020-07-04,v3
2020-09-10,hospital_incidence,0,0,0,0.42,0,4.05,Surged Relax Interventions 50%,Belize,BLZ,2020-07-04,v3
2020-09-10,ICU_demand,0,0,0,14.6,0,241.52,Surged Relax Interventions 50%,Belize,BLZ,2020-07-04,v3
2020-09-10,ICU_incidence,0,0,0,0.09,0,0.52,Surged Relax Interventions 50%,Belize,BLZ,2020-07-04,v3
2020-09-10,infections,0,0,0,256.76,0,4493.2,Surged Relax Interventions 50%,Belize,BLZ,2020-07-04,v3
2020-09-10,Rt,0.29,0.87,1.32,1.54,2.14,3.39,Surged Relax Interventions 50%,Belize,BLZ,2020-07-04,v3
2020-09-11,cumulative_infections,287.08,767.25,1586,1820.48,2371.5,4924.67,Additional 50% Reduction,Belize,BLZ,2020-07-04,v3
2020-09-11,deaths,0,0,0,0.04,0,0,Additional 50% Reduction,Belize,BLZ,2020-07-04,v3
2020-09-11,hospital_demand,0,0,0,0.48,0,1.05,Additional 50% Reduction,Belize,BLZ,2020-07-04,v3
2020-09-11,hospital_incidence,0,0,0,0.01,0,0,Additional 50% Reduction,Belize,BLZ,2020-07-04,v3
2020-09-11,ICU_demand,0,0,0,0.16,0,1.05,Additional 50% Reduction,Belize,BLZ,2020-07-04,v3
2020-09-11,ICU_incidence,0,0,0,0.01,0,0,Additional 50% Reduction,Belize,BLZ,2020-07-04,v3
2020-09-11,infections,0,0,0,5.53,0,5.57,Additional 50% Reduction,Belize,BLZ,2020-07-04,v3
2020-09-11,Rt,0.13,0.33,0.47,0.55,0.71,1.19,Additional 50% Reduction,Belize,BLZ,2020-07-04,v3
2020-09-11,cumulative_infections,287.08,767.25,1586,7924.25,2371.5,49302.05,Maintain Status Quo,Belize,BLZ,2020-07-04,v3
2020-09-11,deaths,0,0,0,1.53,0,8.52,Maintain Status Quo,Belize,BLZ,2020-07-04,v3
2020-09-11,hospital_demand,0,0,0,20,0,194.37,Maintain Status Quo,Belize,BLZ,2020-07-04,v3
2020-09-11,hospital_incidence,0,0,0,0.11,0,2.05,Maintain Status Quo,Belize,BLZ,2020-07-04,v3
2020-09-11,ICU_demand,0,0,0,1.52,0,23.67,Maintain Status Quo,Belize,BLZ,2020-07-04,v3
2020-09-11,ICU_incidence,0,0,0,0.01,0,0,Maintain Status Quo,Belize,BLZ,2020-07-04,v3
2020-09-11,infections,0,0,0,112.38,0,1691.82,Maintain Status Quo,Belize,BLZ,2020-07-04,v3
2020-09-11,Rt,0.26,0.67,0.95,1.09,1.41,2.37,Maintain Status Quo,Belize,BLZ,2020-07-04,v3
2020-09-11,cumulative_infections,287.08,767.25,1586,14311.35,2371.5,274275.87,Relax Interventions 50%,Belize,BLZ,2020-07-04,v3
2020-09-11,deaths,0,0,0,1.43,0,7.57,Relax Interventions 50%,Belize,BLZ,2020-07-04,v3
2020-09-11,hospital_demand,0,0,0,23.22,0,338.35,Relax Interventions 50%,Belize,BLZ,2020-07-04,v3
2020-09-11,hospital_incidence,0,0,0,0.11,0,0.52,Relax Interventions 50%,Belize,BLZ,2020-07-04,v3
2020-09-11,ICU_demand,0,0,0,1.55,0,18.77,Relax Interventions 50%,Belize,BLZ,2020-07-04,v3
2020-09-11,ICU_incidence,0,0,0,0.07,0,0,Relax Interventions 50%,Belize,BLZ,2020-07-04,v3
2020-09-11,infections,0,0,0,72.79,0,271.62,Relax Interventions 50%,Belize,BLZ,2020-07-04,v3
2020-09-11,Rt,0.39,1,1.42,1.64,2.12,3.56,Relax Interventions 50%,Belize,BLZ,2020-07-04,v3
2020-09-11,cumulative_infections,266.28,934.75,1382,1609.01,1934.75,4784.4,Surged Additional 50% Reduction,Belize,BLZ,2020-07-04,v3
2020-09-11,deaths,0,0,0,0,0,0,Surged Additional 50% Reduction,Belize,BLZ,2020-07-04,v3
2020-09-11,hospital_demand,0,0,0,0.04,0,0,Surged Additional 50% Reduction,Belize,BLZ,2020-07-04,v3
2020-09-11,hospital_incidence,0,0,0,0,0,0,Surged Additional 50% Reduction,Belize,BLZ,2020-07-04,v3
2020-09-11,ICU_demand,0,0,0,0,0,0,Surged Additional 50% Reduction,Belize,BLZ,2020-07-04,v3
2020-09-11,ICU_incidence,0,0,0,0,0,0,Surged Additional 50% Reduction,Belize,BLZ,2020-07-04,v3
2020-09-11,infections,0,0,0,0.22,0,0.52,Surged Additional 50% Reduction,Belize,BLZ,2020-07-04,v3
2020-09-11,Rt,0.1,0.29,0.44,0.51,0.71,1.13,Surged Additional 50% Reduction,Belize,BLZ,2020-07-04,v3
2020-09-11,cumulative_infections,266.28,934.75,1382,3175.01,1936.75,10860.25,Surged Maintain Status Quo,Belize,BLZ,2020-07-04,v3
2020-09-11,deaths,0,0,0,0.09,0,0.52,Surged Maintain Status Quo,Belize,BLZ,2020-07-04,v3
2020-09-11,hospital_demand,0,0,0,8.39,0,35.55,Surged Maintain Status Quo,Belize,BLZ,2020-07-04,v3
2020-09-11,hospital_incidence,0,0,0,0.09,0,0.52,Surged Maintain Status Quo,Belize,BLZ,2020-07-04,v3
2020-09-11,ICU_demand,0,0,0,2.27,0,9.67,Surged Maintain Status Quo,Belize,BLZ,2020-07-04,v3
2020-09-11,ICU_incidence,0,0,0,0.02,0,0,Surged Maintain Status Quo,Belize,BLZ,2020-07-04,v3
2020-09-11,infections,0,0,0,80.53,0,427.1,Surged Maintain Status Quo,Belize,BLZ,2020-07-04,v3
2020-09-11,Rt,0.2,0.58,0.88,1.03,1.43,2.26,Surged Maintain Status Quo,Belize,BLZ,2020-07-04,v3
2020-09-11,cumulative_infections,266.28,934.75,1427,11529.74,1981,174098.35,Surged Relax Interventions 50%,Belize,BLZ,2020-07-04,v3
2020-09-11,deaths,0,0,0,1.04,0,20.67,Surged Relax Interventions 50%,Belize,BLZ,2020-07-04,v3
2020-09-11,hospital_demand,0,0,0,52.88,0,968.2,Surged Relax Interventions 50%,Belize,BLZ,2020-07-04,v3
2020-09-11,hospital_incidence,0,0,0,0.21,0,4.1,Surged Relax Interventions 50%,Belize,BLZ,2020-07-04,v3
2020-09-11,ICU_demand,0,0,0,14.6,0,246,Surged Relax Interventions 50%,Belize,BLZ,2020-07-04,v3
2020-09-11,ICU_incidence,0,0,0,0.05,0,0.52,Surged Relax Interventions 50%,Belize,BLZ,2020-07-04,v3
2020-09-11,infections,0,0,0,246.88,0,4491.2,Surged Relax Interventions 50%,Belize,BLZ,2020-07-04,v3
2020-09-11,Rt,0.29,0.87,1.32,1.54,2.14,3.39,Surged Relax Interventions 50%,Belize,BLZ,2020-07-04,v3
2020-09-12,cumulative_infections,287.08,767.25,1586,1826.59,2371.5,4962.47,Additional 50% Reduction,Belize,BLZ,2020-07-04,v3
2020-09-12,deaths,0,0,0,0,0,0,Additional 50% Reduction,Belize,BLZ,2020-07-04,v3
2020-09-12,hospital_demand,0,0,0,0.5,0,1.52,Additional 50% Reduction,Belize,BLZ,2020-07-04,v3
2020-09-12,hospital_incidence,0,0,0,0,0,0,Additional 50% Reduction,Belize,BLZ,2020-07-04,v3
2020-09-12,ICU_demand,0,0,0,0.16,0,0.52,Additional 50% Reduction,Belize,BLZ,2020-07-04,v3
2020-09-12,ICU_incidence,0,0,0,0,0,0,Additional 50% Reduction,Belize,BLZ,2020-07-04,v3
2020-09-12,infections,0,0,0,6.11,0,4.62,Additional 50% Reduction,Belize,BLZ,2020-07-04,v3
2020-09-12,Rt,0.13,0.33,0.47,0.55,0.71,1.19,Additional 50% Reduction,Belize,BLZ,2020-07-04,v3
2020-09-12,cumulative_infections,287.08,767.25,1586,8035.11,2371.5,51547.4,Maintain Status Quo,Belize,BLZ,2020-07-04,v3
2020-09-12,deaths,0,0,0,1.43,0,6.15,Maintain Status Quo,Belize,BLZ,2020-07-04,v3
2020-09-12,hospital_demand,0,0,0,19.31,0,205.75,Maintain Status Quo,Belize,BLZ,2020-07-04,v3
2020-09-12,hospital_incidence,0,0,0,0.17,0,2.57,Maintain Status Quo,Belize,BLZ,2020-07-04,v3
2020-09-12,ICU_demand,0,0,0,1.41,0,23.62,Maintain Status Quo,Belize,BLZ,2020-07-04,v3
2020-09-12,ICU_incidence,0,0,0,0.02,0,0,Maintain Status Quo,Belize,BLZ,2020-07-04,v3
2020-09-12,infections,0,0,0,110.86,0,1611.15,Maintain Status Quo,Belize,BLZ,2020-07-04,v3
2020-09-12,Rt,0.26,0.67,0.95,1.09,1.41,2.37,Maintain Status Quo,Belize,BLZ,2020-07-04,v3
2020-09-12,cumulative_infections,287.08,767.25,1586,14376.57,2371.5,277283.9,Relax Interventions 50%,Belize,BLZ,2020-07-04,v3
2020-09-12,deaths,0,0,0,1.53,0,9.35,Relax Interventions 50%,Belize,BLZ,2020-07-04,v3
2020-09-12,hospital_demand,0,0,0,22.23,0,312.35,Relax Interventions 50%,Belize,BLZ,2020-07-04,v3
2020-09-12,hospital_incidence,0,0,0,0.05,0,0.52,Relax Interventions 50%,Belize,BLZ,2020-07-04,v3
2020-09-12,ICU_demand,0,0,0,1.44,0,17.72,Relax Interventions 50%,Belize,BLZ,2020-07-04,v3
2020-09-12,ICU_incidence,0,0,0,0.04,0,0,Relax Interventions 50%,Belize,BLZ,2020-07-04,v3
2020-09-12,infections,0,0,0,65.22,0,222.67,Relax Interventions 50%,Belize,BLZ,2020-07-04,v3
2020-09-12,Rt,0.39,1,1.42,1.64,2.12,3.56,Relax Interventions 50%,Belize,BLZ,2020-07-04,v3
2020-09-12,cumulative_infections,266.28,934.75,1382,1609.14,1934.75,4784.4,Surged Additional 50% Reduction,Belize,BLZ,2020-07-04,v3
2020-09-12,deaths,0,0,0,0,0,0,Surged Additional 50% Reduction,Belize,BLZ,2020-07-04,v3
2020-09-12,hospital_demand,0,0,0,0.03,0,0,Surged Additional 50% Reduction,Belize,BLZ,2020-07-04,v3
2020-09-12,hospital_incidence,0,0,0,0,0,0,Surged Additional 50% Reduction,Belize,BLZ,2020-07-04,v3
2020-09-12,ICU_demand,0,0,0,0,0,0,Surged Additional 50% Reduction,Belize,BLZ,2020-07-04,v3
2020-09-12,ICU_incidence,0,0,0,0,0,0,Surged Additional 50% Reduction,Belize,BLZ,2020-07-04,v3
2020-09-12,infections,0,0,0,0.13,0,0.52,Surged Additional 50% Reduction,Belize,BLZ,2020-07-04,v3
2020-09-12,Rt,0.1,0.29,0.44,0.51,0.71,1.13,Surged Additional 50% Reduction,Belize,BLZ,2020-07-04,v3
2020-09-12,cumulative_infections,266.28,934.75,1382,3255.58,1936.75,11361.27,Surged Maintain Status Quo,Belize,BLZ,2020-07-04,v3
2020-09-12,deaths,0,0,0,0.17,0,0.52,Surged Maintain Status Quo,Belize,BLZ,2020-07-04,v3
2020-09-12,hospital_demand,0,0,0,8.93,0,38.6,Surged Maintain Status Quo,Belize,BLZ,2020-07-04,v3
2020-09-12,hospital_incidence,0,0,0,0.07,0,0,Surged Maintain Status Quo,Belize,BLZ,2020-07-04,v3
2020-09-12,ICU_demand,0,0,0,2.51,0,10.72,Surged Maintain Status Quo,Belize,BLZ,2020-07-04,v3
2020-09-12,ICU_incidence,0,0,0,0,0,0,Surged Maintain Status Quo,Belize,BLZ,2020-07-04,v3
2020-09-12,infections,0,0,0,80.57,0,487.72,Surged Maintain Status Quo,Belize,BLZ,2020-07-04,v3
2020-09-12,Rt,0.2,0.58,0.88,1.03,1.43,2.26,Surged Maintain Status Quo,Belize,BLZ,2020-07-04,v3
2020-09-12,cumulative_infections,266.28,934.75,1427,11762.04,1981,180370.25,Surged Relax Interventions 50%,Belize,BLZ,2020-07-04,v3
2020-09-12,deaths,0,0,0,1.13,0,20.3,Surged Relax Interventions 50%,Belize,BLZ,2020-07-04,v3
2020-09-12,hospital_demand,0,0,0,52.53,0,996.42,Surged Relax Interventions 50%,Belize,BLZ,2020-07-04,v3
2020-09-12,hospital_incidence,0,0,0,0.33,0,7.1,Surged Relax Interventions 50%,Belize,BLZ,2020-07-04,v3
2020-09-12,ICU_demand,0,0,0,14.62,0,251.07,Surged Relax Interventions 50%,Belize,BLZ,2020-07-04,v3
2020-09-12,ICU_incidence,0,0,0,0.09,0,1.52,Surged Relax Interventions 50%,Belize,BLZ,2020-07-04,v3
2020-09-12,infections,0,0,0,232.3,0,4343.4,Surged Relax Interventions 50%,Belize,BLZ,2020-07-04,v3
2020-09-12,Rt,0.29,0.87,1.32,1.54,2.14,3.39,Surged Relax Interventions 50%,Belize,BLZ,2020-07-04,v3
2020-09-13,cumulative_infections,287.08,767.25,1586,1832.75,2371.5,4974.02,Additional 50% Reduction,Belize,BLZ,2020-07-04,v3
2020-09-13,deaths,0,0,0,0.01,0,0,Additional 50% Reduction,Belize,BLZ,2020-07-04,v3
2020-09-13,hospital_demand,0,0,0,0.47,0,1.52,Additional 50% Reduction,Belize,BLZ,2020-07-04,v3
2020-09-13,hospital_incidence,0,0,0,0,0,0,Additional 50% Reduction,Belize,BLZ,2020-07-04,v3
2020-09-13,ICU_demand,0,0,0,0.18,0,0.52,Additional 50% Reduction,Belize,BLZ,2020-07-04,v3
2020-09-13,ICU_incidence,0,0,0,0,0,0,Additional 50% Reduction,Belize,BLZ,2020-07-04,v3
2020-09-13,infections,0,0,0,6.16,0,4,Additional 50% Reduction,Belize,BLZ,2020-07-04,v3
2020-09-13,Rt,0.13,0.33,0.47,0.55,0.71,1.19,Additional 50% Reduction,Belize,BLZ,2020-07-04,v3
2020-09-13,cumulative_infections,287.08,767.25,1586,8143.01,2371.5,53821.92,Maintain Status Quo,Belize,BLZ,2020-07-04,v3
2020-09-13,deaths,0,0,0,1.13,0,6.1,Maintain Status Quo,Belize,BLZ,2020-07-04,v3
2020-09-13,hospital_demand,0,0,0,19.18,0,216.1,Maintain Status Quo,Belize,BLZ,2020-07-04,v3
2020-09-13,hospital_incidence,0,0,0,0.05,0,0.52,Maintain Status Quo,Belize,BLZ,2020-07-04,v3
2020-09-13,ICU_demand,0,0,0,1.36,0,24.1,Maintain Status Quo,Belize,BLZ,2020-07-04,v3
2020-09-13,ICU_incidence,0,0,0,0.06,0,0.52,Maintain Status Quo,Belize,BLZ,2020-07-04,v3
2020-09-13,infections,0,0,0,107.9,0,1510.12,Maintain Status Quo,Belize,BLZ,2020-07-04,v3
2020-09-13,Rt,0.26,0.67,0.95,1.09,1.41,2.37,Maintain Status Quo,Belize,BLZ,2020-07-04,v3
2020-09-13,cumulative_infections,287.08,767.25,1586,14435.8,2371.5,280041.8,Relax Interventions 50%,Belize,BLZ,2020-07-04,v3
2020-09-13,deaths,0,0,0,1.42,0,6.2,Relax Interventions 50%,Belize,BLZ,2020-07-04,v3
2020-09-13,hospital_demand,0,0,0,20.81,0,282.32,Relax Interventions 50%,Belize,BLZ,2020-07-04,v3
2020-09-13,hospital_incidence,0,0,0,0.13,0,0,Relax Interventions 50%,Belize,BLZ,2020-07-04,v3
2020-09-13,ICU_demand,0,0,0,1.42,0,16.2,Relax Interventions 50%,Belize,BLZ,2020-07-04,v3
2020-09-13,ICU_incidence,0,0,0,0.02,0,0,Relax Interventions 50%,Belize,BLZ,2020-07-04,v3
2020-09-13,infections,0,0,0,59.23,0,170.47,Relax Interventions 50%,Belize,BLZ,2020-07-04,v3
2020-09-13,Rt,0.39,1,1.42,1.64,2.12,3.56,Relax Interventions 50%,Belize,BLZ,2020-07-04,v3
2020-09-13,cumulative_infections,266.28,934.75,1382,1609.34,1934.75,4784.4,Surged Additional 50% Reduction,Belize,BLZ,2020-07-04,v3
2020-09-13,deaths,0,0,0,0,0,0,Surged Additional 50% Reduction,Belize,BLZ,2020-07-04,v3
2020-09-13,hospital_demand,0,0,0,0.03,0,0,Surged Additional 50% Reduction,Belize,BLZ,2020-07-04,v3
2020-09-13,hospital_incidence,0,0,0,0,0,0,Surged Additional 50% Reduction,Belize,BLZ,2020-07-04,v3
2020-09-13,ICU_demand,0,0,0,0,0,0,Surged Additional 50% Reduction,Belize,BLZ,2020-07-04,v3
2020-09-13,ICU_incidence,0,0,0,0,0,0,Surged Additional 50% Reduction,Belize,BLZ,2020-07-04,v3
2020-09-13,infections,0,0,0,0.2,0,0,Surged Additional 50% Reduction,Belize,BLZ,2020-07-04,v3
2020-09-13,Rt,0.1,0.29,0.44,0.51,0.71,1.13,Surged Additional 50% Reduction,Belize,BLZ,2020-07-04,v3
2020-09-13,cumulative_infections,266.28,934.75,1382,3337.85,1936.75,11852.65,Surged Maintain Status Quo,Belize,BLZ,2020-07-04,v3
2020-09-13,deaths,0,0,0,0.2,0,0.52,Surged Maintain Status Quo,Belize,BLZ,2020-07-04,v3
2020-09-13,hospital_demand,0,0,0,9.41,0,39.5,Surged Maintain Status Quo,Belize,BLZ,2020-07-04,v3
2020-09-13,hospital_incidence,0,0,0,0.08,0,0,Surged Maintain Status Quo,Belize,BLZ,2020-07-04,v3
2020-09-13,ICU_demand,0,0,0,2.5,0,10.15,Surged Maintain Status Quo,Belize,BLZ,2020-07-04,v3
2020-09-13,ICU_incidence,0,0,0,0.02,0,0,Surged Maintain Status Quo,Belize,BLZ,2020-07-04,v3
2020-09-13,infections,0,0,0,82.27,0,493.62,Surged Maintain Status Quo,Belize,BLZ,2020-07-04,v3
2020-09-13,Rt,0.2,0.58,0.88,1.03,1.43,2.26,Surged Maintain Status Quo,Belize,BLZ,2020-07-04,v3
2020-09-13,cumulative_infections,266.28,934.75,1427,11989.01,1981,186616.67,Surged Relax Interventions 50%,Belize,BLZ,2020-07-04,v3
2020-09-13,deaths,0,0,0,0.9,0,19.05,Surged Relax Interventions 50%,Belize,BLZ,2020-07-04,v3
2020-09-13,hospital_demand,0,0,0,52.8,0,1020.32,Surged Relax Interventions 50%,Belize,BLZ,2020-07-04,v3
2020-09-13,hospital_incidence,0,0,0,0.22,0,3.05,Surged Relax Interventions 50%,Belize,BLZ,2020-07-04,v3
2020-09-13,ICU_demand,0,0,0,14.67,0,261.52,Surged Relax Interventions 50%,Belize,BLZ,2020-07-04,v3
2020-09-13,ICU_incidence,0,0,0,0.04,0,0,Surged Relax Interventions 50%,Belize,BLZ,2020-07-04,v3
2020-09-13,infections,0,0,0,226.97,0,4459.47,Surged Relax Interventions 50%,Belize,BLZ,2020-07-04,v3
2020-09-13,Rt,0.29,0.87,1.32,1.54,2.14,3.39,Surged Relax Interventions 50%,Belize,BLZ,2020-07-04,v3
2020-09-14,cumulative_infections,287.08,767.25,1586,1838.49,2371.5,4974.02,Additional 50% Reduction,Belize,BLZ,2020-07-04,v3
2020-09-14,deaths,0,0,0,0.02,0,0,Additional 50% Reduction,Belize,BLZ,2020-07-04,v3
2020-09-14,hospital_demand,0,0,0,0.52,0,1.52,Additional 50% Reduction,Belize,BLZ,2020-07-04,v3
2020-09-14,hospital_incidence,0,0,0,0.01,0,0,Additional 50% Reduction,Belize,BLZ,2020-07-04,v3
2020-09-14,ICU_demand,0,0,0,0.16,0,0.52,Additional 50% Reduction,Belize,BLZ,2020-07-04,v3
2020-09-14,ICU_incidence,0,0,0,0,0,0,Additional 50% Reduction,Belize,BLZ,2020-07-04,v3
2020-09-14,infections,0,0,0,5.74,0,2.52,Additional 50% Reduction,Belize,BLZ,2020-07-04,v3
2020-09-14,Rt,0.13,0.33,0.47,0.55,0.71,1.19,Additional 50% Reduction,Belize,BLZ,2020-07-04,v3
2020-09-14,cumulative_infections,287.08,767.25,1586,8245.74,2371.5,56167.75,Maintain Status Quo,Belize,BLZ,2020-07-04,v3
2020-09-14,deaths,0,0,0,0.99,0,7.1,Maintain Status Quo,Belize,BLZ,2020-07-04,v3
2020-09-14,hospital_demand,0,0,0,18.88,0,229.87,Maintain Status Quo,Belize,BLZ,2020-07-04,v3
2020-09-14,hospital_incidence,0,0,0,0.09,0,1.52,Maintain Status Quo,Belize,BLZ,2020-07-04,v3
2020-09-14,ICU_demand,0,0,0,1.65,0,27.25,Maintain Status Quo,Belize,BLZ,2020-07-04,v3
2020-09-14,ICU_incidence,0,0,0,0.02,0,0,Maintain Status Quo,Belize,BLZ,2020-07-04,v3
2020-09-14,infections,0,0,0,102.73,0,1504.15,Maintain Status Quo,Belize,BLZ,2020-07-04,v3
2020-09-14,Rt,0.26,0.67,0.95,1.09,1.41,2.37,Maintain Status Quo,Belize,BLZ,2020-07-04,v3
2020-09-14,cumulative_infections,287.08,767.25,1586,14491.55,2371.5,282634.05,Relax Interventions 50%,Belize,BLZ,2020-07-04,v3
2020-09-14,deaths,0,0,0,1.04,0,3.1,Relax Interventions 50%,Belize,BLZ,2020-07-04,v3
2020-09-14,hospital_demand,0,0,0,20.15,0,257.2,Relax Interventions 50%,Belize,BLZ,2020-07-04,v3
2020-09-14,hospital_incidence,0,0,0,0.1,0,1.05,Relax Interventions 50%,Belize,BLZ,2020-07-04,v3
2020-09-14,ICU_demand,0,0,0,1.24,0,16.77,Relax Interventions 50%,Belize,BLZ,2020-07-04,v3
2020-09-14,ICU_incidence,0,0,0,0.02,0,0,Relax Interventions 50%,Belize,BLZ,2020-07-04,v3
2020-09-14,infections,0,0,0,55.75,0,165.07,Relax Interventions 50%,Belize,BLZ,2020-07-04,v3
2020-09-14,Rt,0.39,1,1.42,1.64,2.12,3.56,Relax Interventions 50%,Belize,BLZ,2020-07-04,v3
2020-09-14,cumulative_infections,266.28,934.75,1382,1609.46,1934.75,4784.4,Surged Additional 50% Reduction,Belize,BLZ,2020-07-04,v3
2020-09-14,deaths,0,0,0,0,0,0,Surged Additional 50% Reduction,Belize,BLZ,2020-07-04,v3
2020-09-14,hospital_demand,0,0,0,0.03,0,0,Surged Additional 50% Reduction,Belize,BLZ,2020-07-04,v3
2020-09-14,hospital_incidence,0,0,0,0,0,0,Surged Additional 50% Reduction,Belize,BLZ,2020-07-04,v3
2020-09-14,ICU_demand,0,0,0,0,0,0,Surged Additional 50% Reduction,Belize,BLZ,2020-07-04,v3
2020-09-14,ICU_incidence,0,0,0,0,0,0,Surged Additional 50% Reduction,Belize,BLZ,2020-07-04,v3
2020-09-14,infections,0,0,0,0.12,0,0,Surged Additional 50% Reduction,Belize,BLZ,2020-07-04,v3
2020-09-14,Rt,0.1,0.29,0.44,0.51,0.71,1.13,Surged Additional 50% Reduction,Belize,BLZ,2020-07-04,v3
2020-09-14,cumulative_infections,266.28,934.75,1382,3420.2,1936.75,12386.1,Surged Maintain Status Quo,Belize,BLZ,2020-07-04,v3
2020-09-14,deaths,0,0,0,0.13,0,0,Surged Maintain Status Quo,Belize,BLZ,2020-07-04,v3
2020-09-14,hospital_demand,0,0,0,9.87,0,41.92,Surged Maintain Status Quo,Belize,BLZ,2020-07-04,v3
2020-09-14,hospital_incidence,0,0,0,0.09,0,0,Surged Maintain Status Quo,Belize,BLZ,2020-07-04,v3
2020-09-14,ICU_demand,0,0,0,2.63,0,10.15,Surged Maintain Status Quo,Belize,BLZ,2020-07-04,v3
2020-09-14,ICU_incidence,0,0,0,0.03,0,0,Surged Maintain Status Quo,Belize,BLZ,2020-07-04,v3
2020-09-14,infections,0,0,0,82.35,0,536.55,Surged Maintain Status Quo,Belize,BLZ,2020-07-04,v3
2020-09-14,Rt,0.2,0.58,0.88,1.03,1.43,2.26,Surged Maintain Status Quo,Belize,BLZ,2020-07-04,v3
2020-09-14,cumulative_infections,266.28,934.75,1427,12208.2,1981,192638.3,Surged Relax Interventions 50%,Belize,BLZ,2020-07-04,v3
2020-09-14,deaths,0,0,0,0.98,0,18.57,Surged Relax Interventions 50%,Belize,BLZ,2020-07-04,v3
2020-09-14,hospital_demand,0,0,0,52.32,0,990.82,Surged Relax Interventions 50%,Belize,BLZ,2020-07-04,v3
2020-09-14,hospital_incidence,0,0,0,0.23,0,3.05,Surged Relax Interventions 50%,Belize,BLZ,2020-07-04,v3
2020-09-14,ICU_demand,0,0,0,14.58,0,272.35,Surged Relax Interventions 50%,Belize,BLZ,2020-07-04,v3
2020-09-14,ICU_incidence,0,0,0,0.09,0,0,Surged Relax Interventions 50%,Belize,BLZ,2020-07-04,v3
2020-09-14,infections,0,0,0,219.19,0,4396.65,Surged Relax Interventions 50%,Belize,BLZ,2020-07-04,v3
2020-09-14,Rt,0.29,0.87,1.32,1.54,2.14,3.39,Surged Relax Interventions 50%,Belize,BLZ,2020-07-04,v3
2020-09-15,cumulative_infections,287.08,767.25,1586,1844.72,2371.5,4974.02,Additional 50% Reduction,Belize,BLZ,2020-07-04,v3
2020-09-15,deaths,0,0,0,0.01,0,0,Additional 50% Reduction,Belize,BLZ,2020-07-04,v3
2020-09-15,hospital_demand,0,0,0,0.63,0,1.52,Additional 50% Reduction,Belize,BLZ,2020-07-04,v3
2020-09-15,hospital_incidence,0,0,0,0,0,0,Additional 50% Reduction,Belize,BLZ,2020-07-04,v3
2020-09-15,ICU_demand,0,0,0,0.16,0,0.52,Additional 50% Reduction,Belize,BLZ,2020-07-04,v3
2020-09-15,ICU_incidence,0,0,0,0,0,0,Additional 50% Reduction,Belize,BLZ,2020-07-04,v3
2020-09-15,infections,0,0,0,6.23,0,4.1,Additional 50% Reduction,Belize,BLZ,2020-07-04,v3
2020-09-15,Rt,0.13,0.33,0.47,0.55,0.71,1.19,Additional 50% Reduction,Belize,BLZ,2020-07-04,v3
2020-09-15,cumulative_infections,287.08,767.25,1586,8341.97,2371.5,58487.7,Maintain Status Quo,Belize,BLZ,2020-07-04,v3
2020-09-15,deaths,0,0,0,1.19,0,6.2,Maintain Status Quo,Belize,BLZ,2020-07-04,v3
2020-09-15,hospital_demand,0,0,0,18.95,0,243.07,Maintain Status Quo,Belize,BLZ,2020-07-04,v3
2020-09-15,hospital_incidence,0,0,0,0.09,0,0,Maintain Status Quo,Belize,BLZ,2020-07-04,v3
2020-09-15,ICU_demand,0,0,0,1.35,0,26.25,Maintain Status Quo,Belize,BLZ,2020-07-04,v3
2020-09-15,ICU_incidence,0,0,0,0.03,0,0,Maintain Status Quo,Belize,BLZ,2020-07-04,v3
2020-09-15,infections,0,0,0,96.23,0,1369.5,Maintain Status Quo,Belize,BLZ,2020-07-04,v3
2020-09-15,Rt,0.26,0.67,0.95,1.09,1.41,2.37,Maintain Status Quo,Belize,BLZ,2020-07-04,v3
2020-09-15,cumulative_infections,287.08,767.25,1586,14541.35,2371.5,284946.17,Relax Interventions 50%,Belize,BLZ,2020-07-04,v3
2020-09-15,deaths,0,0,0,1.02,0,4.15,Relax Interventions 50%,Belize,BLZ,2020-07-04,v3
2020-09-15,hospital_demand,0,0,0,19.28,0,238.37,Relax Interventions 50%,Belize,BLZ,2020-07-04,v3
2020-09-15,hospital_incidence,0,0,0,0.08,0,0.52,Relax Interventions 50%,Belize,BLZ,2020-07-04,v3
2020-09-15,ICU_demand,0,0,0,1.3,0,18.3,Relax Interventions 50%,Belize,BLZ,2020-07-04,v3
2020-09-15,ICU_incidence,0,0,0,0.02,0,0,Relax Interventions 50%,Belize,BLZ,2020-07-04,v3
2020-09-15,infections,0,0,0,49.8,0,146.42,Relax Interventions 50%,Belize,BLZ,2020-07-04,v3
2020-09-15,Rt,0.39,1,1.42,1.64,2.12,3.56,Relax Interventions 50%,Belize,BLZ,2020-07-04,v3
2020-09-15,cumulative_infections,266.28,934.75,1382,1609.57,1934.75,4784.4,Surged Additional 50% Reduction,Belize,BLZ,2020-07-04,v3
2020-09-15,deaths,0,0,0,0,0,0,Surged Additional 50% Reduction,Belize,BLZ,2020-07-04,v3
2020-09-15,hospital_demand,0,0,0,0.02,0,0,Surged Additional 50% Reduction,Belize,BLZ,2020-07-04,v3
2020-09-15,hospital_incidence,0,0,0,0,0,0,Surged Additional 50% Reduction,Belize,BLZ,2020-07-04,v3
2020-09-15,ICU_demand,0,0,0,0,0,0,Surged Additional 50% Reduction,Belize,BLZ,2020-07-04,v3
2020-09-15,ICU_incidence,0,0,0,0,0,0,Surged Additional 50% Reduction,Belize,BLZ,2020-07-04,v3
2020-09-15,infections,0,0,0,0.11,0,0,Surged Additional 50% Reduction,Belize,BLZ,2020-07-04,v3
2020-09-15,Rt,0.1,0.29,0.44,0.51,0.71,1.13,Surged Additional 50% Reduction,Belize,BLZ,2020-07-04,v3
2020-09-15,cumulative_infections,266.28,934.75,1382,3502.4,1936.75,12959.3,Surged Maintain Status Quo,Belize,BLZ,2020-07-04,v3
2020-09-15,deaths,0,0,0,0.21,0,0,Surged Maintain Status Quo,Belize,BLZ,2020-07-04,v3
2020-09-15,hospital_demand,0,0,0,10.49,0,44.92,Surged Maintain Status Quo,Belize,BLZ,2020-07-04,v3
2020-09-15,hospital_incidence,0,0,0,0.09,0,0.52,Surged Maintain Status Quo,Belize,BLZ,2020-07-04,v3
2020-09-15,ICU_demand,0,0,0,2.69,0,11.52,Surged Maintain Status Quo,Belize,BLZ,2020-07-04,v3
2020-09-15,ICU_incidence,0,0,0,0.03,0,0,Surged Maintain Status Quo,Belize,BLZ,2020-07-04,v3
2020-09-15,infections,0,0,0,82.2,0,567.77,Surged Maintain Status Quo,Belize,BLZ,2020-07-04,v3
2020-09-15,Rt,0.2,0.58,0.88,1.03,1.43,2.26,Surged Maintain Status Quo,Belize,BLZ,2020-07-04,v3
2020-09-15,cumulative_infections,266.28,934.75,1427,12414.77,1981,198340.8,Surged Relax Interventions 50%,Belize,BLZ,2020-07-04,v3
2020-09-15,deaths,0,0,0,1,0,17.57,Surged Relax Interventions 50%,Belize,BLZ,2020-07-04,v3
2020-09-15,hospital_demand,0,0,0,51.36,0,949.65,Surged Relax Interventions 50%,Belize,BLZ,2020-07-04,v3
2020-09-15,hospital_incidence,0,0,0,0.33,0,4.15,Surged Relax Interventions 50%,Belize,BLZ,2020-07-04,v3
2020-09-15,ICU_demand,0,0,0,14.51,0,279.42,Surged Relax Interventions 50%,Belize,BLZ,2020-07-04,v3
2020-09-15,ICU_incidence,0,0,0,0,0,0,Surged Relax Interventions 50%,Belize,BLZ,2020-07-04,v3
2020-09-15,infections,0,0,0,206.57,0,4204.55,Surged Relax Interventions 50%,Belize,BLZ,2020-07-04,v3
2020-09-15,Rt,0.29,0.87,1.32,1.54,2.14,3.39,Surged Relax Interventions 50%,Belize,BLZ,2020-07-04,v3
2020-09-16,cumulative_infections,287.08,767.25,1586,1850.94,2371.5,4974.02,Additional 50% Reduction,Belize,BLZ,2020-07-04,v3
2020-09-16,deaths,0,0,0,0.02,0,0,Additional 50% Reduction,Belize,BLZ,2020-07-04,v3
2020-09-16,hospital_demand,0,0,0,0.65,0,1,Additional 50% Reduction,Belize,BLZ,2020-07-04,v3
2020-09-16,hospital_incidence,0,0,0,0,0,0,Additional 50% Reduction,Belize,BLZ,2020-07-04,v3
2020-09-16,ICU_demand,0,0,0,0.17,0,0.52,Additional 50% Reduction,Belize,BLZ,2020-07-04,v3
2020-09-16,ICU_incidence,0,0,0,0,0,0,Additional 50% Reduction,Belize,BLZ,2020-07-04,v3
2020-09-16,infections,0,0,0,6.22,0,2.1,Additional 50% Reduction,Belize,BLZ,2020-07-04,v3
2020-09-16,Rt,0.13,0.33,0.47,0.55,0.71,1.19,Additional 50% Reduction,Belize,BLZ,2020-07-04,v3
2020-09-16,cumulative_infections,287.08,767.25,1586,8437.23,2371.5,60892.5,Maintain Status Quo,Belize,BLZ,2020-07-04,v3
2020-09-16,deaths,0,0,0,1.11,0,11.05,Maintain Status Quo,Belize,BLZ,2020-07-04,v3
2020-09-16,hospital_demand,0,0,0,18.56,0,246.95,Maintain Status Quo,Belize,BLZ,2020-07-04,v3
2020-09-16,hospital_incidence,0,0,0,0.09,0,1,Maintain Status Quo,Belize,BLZ,2020-07-04,v3
2020-09-16,ICU_demand,0,0,0,1.33,0,25.2,Maintain Status Quo,Belize,BLZ,2020-07-04,v3
2020-09-16,ICU_incidence,0,0,0,0.06,0,1,Maintain Status Quo,Belize,BLZ,2020-07-04,v3
2020-09-16,infections,0,0,0,95.26,0,1361.05,Maintain Status Quo,Belize,BLZ,2020-07-04,v3
2020-09-16,Rt,0.26,0.67,0.95,1.09,1.41,2.37,Maintain Status Quo,Belize,BLZ,2020-07-04,v3
2020-09-16,cumulative_infections,287.08,767.25,1586,14586.08,2371.5,287045.62,Relax Interventions 50%,Belize,BLZ,2020-07-04,v3
2020-09-16,deaths,0,0,0,0.99,0,3.62,Relax Interventions 50%,Belize,BLZ,2020-07-04,v3
2020-09-16,hospital_demand,0,0,0,17.84,0,205.57,Relax Interventions 50%,Belize,BLZ,2020-07-04,v3
2020-09-16,hospital_incidence,0,0,0,0.06,0,0,Relax Interventions 50%,Belize,BLZ,2020-07-04,v3
2020-09-16,ICU_demand,0,0,0,1.23,0,16.67,Relax Interventions 50%,Belize,BLZ,2020-07-04,v3
2020-09-16,ICU_incidence,0,0,0,0.05,0,0,Relax Interventions 50%,Belize,BLZ,2020-07-04,v3
2020-09-16,infections,0,0,0,44.73,0,111.97,Relax Interventions 50%,Belize,BLZ,2020-07-04,v3
2020-09-16,Rt,0.39,1,1.42,1.64,2.12,3.56,Relax Interventions 50%,Belize,BLZ,2020-07-04,v3
2020-09-16,cumulative_infections,266.28,934.75,1382,1609.67,1934.75,4784.4,Surged Additional 50% Reduction,Belize,BLZ,2020-07-04,v3
2020-09-16,deaths,0,0,0,0,0,0,Surged Additional 50% Reduction,Belize,BLZ,2020-07-04,v3
2020-09-16,hospital_demand,0,0,0,0.02,0,0,Surged Additional 50% Reduction,Belize,BLZ,2020-07-04,v3
2020-09-16,hospital_incidence,0,0,0,0,0,0,Surged Additional 50% Reduction,Belize,BLZ,2020-07-04,v3
2020-09-16,ICU_demand,0,0,0,0,0,0,Surged Additional 50% Reduction,Belize,BLZ,2020-07-04,v3
2020-09-16,ICU_incidence,0,0,0,0,0,0,Surged Additional 50% Reduction,Belize,BLZ,2020-07-04,v3
2020-09-16,infections,0,0,0,0.1,0,0,Surged Additional 50% Reduction,Belize,BLZ,2020-07-04,v3
2020-09-16,Rt,0.1,0.29,0.44,0.51,0.71,1.13,Surged Additional 50% Reduction,Belize,BLZ,2020-07-04,v3
2020-09-16,cumulative_infections,266.28,934.75,1382,3584.72,1936.75,13569.05,Surged Maintain Status Quo,Belize,BLZ,2020-07-04,v3
2020-09-16,deaths,0,0,0,0.15,0,0,Surged Maintain Status Quo,Belize,BLZ,2020-07-04,v3
2020-09-16,hospital_demand,0,0,0,10.74,0,52.3,Surged Maintain Status Quo,Belize,BLZ,2020-07-04,v3
2020-09-16,hospital_incidence,0,0,0,0.02,0,0,Surged Maintain Status Quo,Belize,BLZ,2020-07-04,v3
2020-09-16,ICU_demand,0,0,0,2.8,0,12.52,Surged Maintain Status Quo,Belize,BLZ,2020-07-04,v3
2020-09-16,ICU_incidence,0,0,0,0.03,0,0,Surged Maintain Status Quo,Belize,BLZ,2020-07-04,v3
2020-09-16,infections,0,0,0,82.32,0,598.92,Surged Maintain Status Quo,Belize,BLZ,2020-07-04,v3
2020-09-16,Rt,0.2,0.58,0.88,1.03,1.43,2.26,Surged Maintain Status Quo,Belize,BLZ,2020-07-04,v3
2020-09-16,cumulative_infections,266.28,934.75,1427,12613.75,1981,203829.37,Surged Relax Interventions 50%,Belize,BLZ,2020-07-04,v3
2020-09-16,deaths,0,0,0,1.02,0,15.62,Surged Relax Interventions 50%,Belize,BLZ,2020-07-04,v3
2020-09-16,hospital_demand,0,0,0,50.24,0,918.67,Surged Relax Interventions 50%,Belize,BLZ,2020-07-04,v3
2020-09-16,hospital_incidence,0,0,0,0.21,0,3.05,Surged Relax Interventions 50%,Belize,BLZ,2020-07-04,v3
2020-09-16,ICU_demand,0,0,0,14.35,0,280.07,Surged Relax Interventions 50%,Belize,BLZ,2020-07-04,v3
2020-09-16,ICU_incidence,0,0,0,0.05,0,0.52,Surged Relax Interventions 50%,Belize,BLZ,2020-07-04,v3
2020-09-16,infections,0,0,0,198.98,0,4031.55,Surged Relax Interventions 50%,Belize,BLZ,2020-07-04,v3
2020-09-16,Rt,0.29,0.87,1.32,1.54,2.14,3.39,Surged Relax Interventions 50%,Belize,BLZ,2020-07-04,v3
2020-09-17,cumulative_infections,287.08,767.25,1586,1857.87,2371.5,4974.02,Additional 50% Reduction,Belize,BLZ,2020-07-04,v3
2020-09-17,deaths,0,0,0,0.02,0,0,Additional 50% Reduction,Belize,BLZ,2020-07-04,v3
2020-09-17,hospital_demand,0,0,0,0.6,0,0,Additional 50% Reduction,Belize,BLZ,2020-07-04,v3
2020-09-17,hospital_incidence,0,0,0,0.01,0,0,Additional 50% Reduction,Belize,BLZ,2020-07-04,v3
2020-09-17,ICU_demand,0,0,0,0.18,0,1,Additional 50% Reduction,Belize,BLZ,2020-07-04,v3
2020-09-17,ICU_incidence,0,0,0,0,0,0,Additional 50% Reduction,Belize,BLZ,2020-07-04,v3
2020-09-17,infections,0,0,0,6.93,0,2.62,Additional 50% Reduction,Belize,BLZ,2020-07-04,v3
2020-09-17,Rt,0.13,0.33,0.47,0.55,0.71,1.19,Additional 50% Reduction,Belize,BLZ,2020-07-04,v3
2020-09-17,cumulative_infections,287.08,767.25,1586,8528.17,2371.5,63279.9,Maintain Status Quo,Belize,BLZ,2020-07-04,v3
2020-09-17,deaths,0,0,0,0.9,0,10.15,Maintain Status Quo,Belize,BLZ,2020-07-04,v3
2020-09-17,hospital_demand,0,0,0,18.61,0,262.65,Maintain Status Quo,Belize,BLZ,2020-07-04,v3
2020-09-17,hospital_incidence,0,0,0,0.06,0,1,Maintain Status Quo,Belize,BLZ,2020-07-04,v3
2020-09-17,ICU_demand,0,0,0,1.35,0,27.2,Maintain Status Quo,Belize,BLZ,2020-07-04,v3
2020-09-17,ICU_incidence,0,0,0,0.02,0,0,Maintain Status Quo,Belize,BLZ,2020-07-04,v3
2020-09-17,infections,0,0,0,90.94,0,1262.75,Maintain Status Quo,Belize,BLZ,2020-07-04,v3
2020-09-17,Rt,0.26,0.67,0.95,1.09,1.41,2.37,Maintain Status Quo,Belize,BLZ,2020-07-04,v3
2020-09-17,cumulative_infections,287.08,767.25,1586,14627.75,2371.5,288995.9,Relax Interventions 50%,Belize,BLZ,2020-07-04,v3
2020-09-17,deaths,0,0,0,0.92,0,2.62,Relax Interventions 50%,Belize,BLZ,2020-07-04,v3
2020-09-17,hospital_demand,0,0,0,16.97,0,189.5,Relax Interventions 50%,Belize,BLZ,2020-07-04,v3
2020-09-17,hospital_incidence,0,0,0,0.05,0,0,Relax Interventions 50%,Belize,BLZ,2020-07-04,v3
2020-09-17,ICU_demand,0,0,0,1.15,0,16.2,Relax Interventions 50%,Belize,BLZ,2020-07-04,v3
2020-09-17,ICU_incidence,0,0,0,0.01,0,0,Relax Interventions 50%,Belize,BLZ,2020-07-04,v3
2020-09-17,infections,0,0,0,41.67,0,103.1,Relax Interventions 50%,Belize,BLZ,2020-07-04,v3
2020-09-17,Rt,0.39,1,1.42,1.64,2.12,3.56,Relax Interventions 50%,Belize,BLZ,2020-07-04,v3
2020-09-17,cumulative_infections,266.28,934.75,1382,1609.81,1934.75,4784.4,Surged Additional 50% Reduction,Belize,BLZ,2020-07-04,v3
2020-09-17,deaths,0,0,0,0,0,0,Surged Additional 50% Reduction,Belize,BLZ,2020-07-04,v3
2020-09-17,hospital_demand,0,0,0,0.02,0,0,Surged Additional 50% Reduction,Belize,BLZ,2020-07-04,v3
2020-09-17,hospital_incidence,0,0,0,0,0,0,Surged Additional 50% Reduction,Belize,BLZ,2020-07-04,v3
2020-09-17,ICU_demand,0,0,0,0,0,0,Surged Additional 50% Reduction,Belize,BLZ,2020-07-04,v3
2020-09-17,ICU_incidence,0,0,0,0,0,0,Surged Additional 50% Reduction,Belize,BLZ,2020-07-04,v3
2020-09-17,infections,0,0,0,0.14,0,0,Surged Additional 50% Reduction,Belize,BLZ,2020-07-04,v3
2020-09-17,Rt,0.1,0.29,0.44,0.51,0.71,1.13,Surged Additional 50% Reduction,Belize,BLZ,2020-07-04,v3
2020-09-17,cumulative_infections,266.28,934.75,1382,3666.75,1936.75,14251.35,Surged Maintain Status Quo,Belize,BLZ,2020-07-04,v3
2020-09-17,deaths,0,0,0,0.12,0,1.05,Surged Maintain Status Quo,Belize,BLZ,2020-07-04,v3
2020-09-17,hospital_demand,0,0,0,10.84,0,52.77,Surged Maintain Status Quo,Belize,BLZ,2020-07-04,v3
2020-09-17,hospital_incidence,0,0,0,0.1,0,0,Surged Maintain Status Quo,Belize,BLZ,2020-07-04,v3
2020-09-17,ICU_demand,0,0,0,2.87,0,13.05,Surged Maintain Status Quo,Belize,BLZ,2020-07-04,v3
2020-09-17,ICU_incidence,0,0,0,0,0,0,Surged Maintain Status Quo,Belize,BLZ,2020-07-04,v3
2020-09-17,infections,0,0,0,82.03,0,599.62,Surged Maintain Status Quo,Belize,BLZ,2020-07-04,v3
2020-09-17,Rt,0.2,0.58,0.88,1.03,1.43,2.26,Surged Maintain Status Quo,Belize,BLZ,2020-07-04,v3
2020-09-17,cumulative_infections,266.28,934.75,1427,12808.13,1981,209130.37,Surged Relax Interventions 50%,Belize,BLZ,2020-07-04,v3
2020-09-17,deaths,0,0,0,1.14,0,23.52,Surged Relax Interventions 50%,Belize,BLZ,2020-07-04,v3
2020-09-17,hospital_demand,0,0,0,49.21,0,895.75,Surged Relax Interventions 50%,Belize,BLZ,2020-07-04,v3
2020-09-17,hospital_incidence,0,0,0,0.21,0,3.1,Surged Relax Interventions 50%,Belize,BLZ,2020-07-04,v3
2020-09-17,ICU_demand,0,0,0,14.2,0,272.22,Surged Relax Interventions 50%,Belize,BLZ,2020-07-04,v3
2020-09-17,ICU_incidence,0,0,0,0.09,0,0.52,Surged Relax Interventions 50%,Belize,BLZ,2020-07-04,v3
2020-09-17,infections,0,0,0,194.38,0,4044.5,Surged Relax Interventions 50%,Belize,BLZ,2020-07-04,v3
2020-09-17,Rt,0.29,0.87,1.32,1.54,2.14,3.39,Surged Relax Interventions 50%,Belize,BLZ,2020-07-04,v3
2020-09-18,cumulative_infections,287.08,767.25,1586,1864.99,2371.5,4974.02,Additional 50% Reduction,Belize,BLZ,2020-07-04,v3
2020-09-18,deaths,0,0,0,0,0,0,Additional 50% Reduction,Belize,BLZ,2020-07-04,v3
2020-09-18,hospital_demand,0,0,0,0.62,0,0,Additional 50% Reduction,Belize,BLZ,2020-07-04,v3
2020-09-18,hospital_incidence,0,0,0,0.01,0,0,Additional 50% Reduction,Belize,BLZ,2020-07-04,v3
2020-09-18,ICU_demand,0,0,0,0.19,0,1,Additional 50% Reduction,Belize,BLZ,2020-07-04,v3
2020-09-18,ICU_incidence,0,0,0,0,0,0,Additional 50% Reduction,Belize,BLZ,2020-07-04,v3
2020-09-18,infections,0,0,0,7.12,0,1.05,Additional 50% Reduction,Belize,BLZ,2020-07-04,v3
2020-09-18,Rt,0.13,0.33,0.47,0.55,0.71,1.19,Additional 50% Reduction,Belize,BLZ,2020-07-04,v3
2020-09-18,cumulative_infections,287.08,767.25,1586,8616.59,2371.5,65778.75,Maintain Status Quo,Belize,BLZ,2020-07-04,v3
2020-09-18,deaths,0,0,0,0.96,0,10.2,Maintain Status Quo,Belize,BLZ,2020-07-04,v3
2020-09-18,hospital_demand,0,0,0,17.96,0,269.15,Maintain Status Quo,Belize,BLZ,2020-07-04,v3
2020-09-18,hospital_incidence,0,0,0,0.06,0,0,Maintain Status Quo,Belize,BLZ,2020-07-04,v3
2020-09-18,ICU_demand,0,0,0,1.31,0,25,Maintain Status Quo,Belize,BLZ,2020-07-04,v3
2020-09-18,ICU_incidence,0,0,0,0.02,0,0,Maintain Status Quo,Belize,BLZ,2020-07-04,v3
2020-09-18,infections,0,0,0,88.42,0,1256.45,Maintain Status Quo,Belize,BLZ,2020-07-04,v3
2020-09-18,Rt,0.26,0.67,0.95,1.09,1.41,2.37,Maintain Status Quo,Belize,BLZ,2020-07-04,v3
2020-09-18,cumulative_infections,287.08,767.25,1586,14664.26,2371.5,290707.5,Relax Interventions 50%,Belize,BLZ,2020-07-04,v3
2020-09-18,deaths,0,0,0,0.79,0,5.15,Relax Interventions 50%,Belize,BLZ,2020-07-04,v3
2020-09-18,hospital_demand,0,0,0,16.18,0,170.97,Relax Interventions 50%,Belize,BLZ,2020-07-04,v3
2020-09-18,hospital_incidence,0,0,0,0.06,0,0,Relax Interventions 50%,Belize,BLZ,2020-07-04,v3
2020-09-18,ICU_demand,0,0,0,0.99,0,13.72,Relax Interventions 50%,Belize,BLZ,2020-07-04,v3
2020-09-18,ICU_incidence,0,0,0,0.02,0,0,Relax Interventions 50%,Belize,BLZ,2020-07-04,v3
2020-09-18,infections,0,0,0,36.51,0,88.22,Relax Interventions 50%,Belize,BLZ,2020-07-04,v3
2020-09-18,Rt,0.39,1,1.42,1.64,2.12,3.56,Relax Interventions 50%,Belize,BLZ,2020-07-04,v3
2020-09-18,cumulative_infections,266.28,934.75,1382,1609.92,1934.75,4784.4,Surged Additional 50% Reduction,Belize,BLZ,2020-07-04,v3
2020-09-18,deaths,0,0,0,0,0,0,Surged Additional 50% Reduction,Belize,BLZ,2020-07-04,v3
2020-09-18,hospital_demand,0,0,0,0.01,0,0,Surged Additional 50% Reduction,Belize,BLZ,2020-07-04,v3
2020-09-18,hospital_incidence,0,0,0,0,0,0,Surged Additional 50% Reduction,Belize,BLZ,2020-07-04,v3
2020-09-18,ICU_demand,0,0,0,0,0,0,Surged Additional 50% Reduction,Belize,BLZ,2020-07-04,v3
2020-09-18,ICU_incidence,0,0,0,0,0,0,Surged Additional 50% Reduction,Belize,BLZ,2020-07-04,v3
2020-09-18,infections,0,0,0,0.11,0,0,Surged Additional 50% Reduction,Belize,BLZ,2020-07-04,v3
2020-09-18,Rt,0.1,0.29,0.44,0.51,0.71,1.13,Surged Additional 50% Reduction,Belize,BLZ,2020-07-04,v3
2020-09-18,cumulative_infections,266.28,934.75,1382,3747.08,1936.75,14921.15,Surged Maintain Status Quo,Belize,BLZ,2020-07-04,v3
2020-09-18,deaths,0,0,0,0.28,0,0.52,Surged Maintain Status Quo,Belize,BLZ,2020-07-04,v3
2020-09-18,hospital_demand,0,0,0,10.98,0,53.67,Surged Maintain Status Quo,Belize,BLZ,2020-07-04,v3
2020-09-18,hospital_incidence,0,0,0,0.06,0,0,Surged Maintain Status Quo,Belize,BLZ,2020-07-04,v3
2020-09-18,ICU_demand,0,0,0,2.92,0,12.05,Surged Maintain Status Quo,Belize,BLZ,2020-07-04,v3
2020-09-18,ICU_incidence,0,0,0,0.05,0,0,Surged Maintain Status Quo,Belize,BLZ,2020-07-04,v3
2020-09-18,infections,0,0,0,80.33,0,616.67,Surged Maintain Status Quo,Belize,BLZ,2020-07-04,v3
2020-09-18,Rt,0.2,0.58,0.88,1.03,1.43,2.26,Surged Maintain Status Quo,Belize,BLZ,2020-07-04,v3
2020-09-18,cumulative_infections,266.28,934.75,1427,12990.82,1981,214122.92,Surged Relax Interventions 50%,Belize,BLZ,2020-07-04,v3
2020-09-18,deaths,0,0,0,0.96,0,15.57,Surged Relax Interventions 50%,Belize,BLZ,2020-07-04,v3
2020-09-18,hospital_demand,0,0,0,48.06,0,867.87,Surged Relax Interventions 50%,Belize,BLZ,2020-07-04,v3
2020-09-18,hospital_incidence,0,0,0,0.25,0,4.52,Surged Relax Interventions 50%,Belize,BLZ,2020-07-04,v3
2020-09-18,ICU_demand,0,0,0,14.12,0,263.6,Surged Relax Interventions 50%,Belize,BLZ,2020-07-04,v3
2020-09-18,ICU_incidence,0,0,0,0.03,0,0,Surged Relax Interventions 50%,Belize,BLZ,2020-07-04,v3
2020-09-18,infections,0,0,0,182.69,0,3688.2,Surged Relax Interventions 50%,Belize,BLZ,2020-07-04,v3
2020-09-18,Rt,0.29,0.87,1.32,1.54,2.14,3.39,Surged Relax Interventions 50%,Belize,BLZ,2020-07-04,v3
2020-09-19,cumulative_infections,287.08,767.25,1586,1872.54,2371.5,4974.02,Additional 50% Reduction,Belize,BLZ,2020-07-04,v3
2020-09-19,deaths,0,0,0,0.02,0,0,Additional 50% Reduction,Belize,BLZ,2020-07-04,v3
2020-09-19,hospital_demand,0,0,0,0.62,0,0,Additional 50% Reduction,Belize,BLZ,2020-07-04,v3
2020-09-19,hospital_incidence,0,0,0,0,0,0,Additional 50% Reduction,Belize,BLZ,2020-07-04,v3
2020-09-19,ICU_demand,0,0,0,0.2,0,1,Additional 50% Reduction,Belize,BLZ,2020-07-04,v3
2020-09-19,ICU_incidence,0,0,0,0,0,0,Additional 50% Reduction,Belize,BLZ,2020-07-04,v3
2020-09-19,infections,0,0,0,7.55,0,3,Additional 50% Reduction,Belize,BLZ,2020-07-04,v3
2020-09-19,Rt,0.13,0.33,0.47,0.55,0.71,1.19,Additional 50% Reduction,Belize,BLZ,2020-07-04,v3
2020-09-19,cumulative_infections,287.08,767.25,1586,8701.48,2371.5,68262.32,Maintain Status Quo,Belize,BLZ,2020-07-04,v3
2020-09-19,deaths,0,0,0,0.79,0,7.57,Maintain Status Quo,Belize,BLZ,2020-07-04,v3
2020-09-19,hospital_demand,0,0,0,17.56,0,273.67,Maintain Status Quo,Belize,BLZ,2020-07-04,v3
2020-09-19,hospital_incidence,0,0,0,0.09,0,1.52,Maintain Status Quo,Belize,BLZ,2020-07-04,v3
2020-09-19,ICU_demand,0,0,0,1.23,0,22.52,Maintain Status Quo,Belize,BLZ,2020-07-04,v3
2020-09-19,ICU_incidence,0,0,0,0.01,0,0,Maintain Status Quo,Belize,BLZ,2020-07-04,v3
2020-09-19,infections,0,0,0,84.89,0,1234.65,Maintain Status Quo,Belize,BLZ,2020-07-04,v3
2020-09-19,Rt,0.26,0.67,0.95,1.09,1.41,2.37,Maintain Status Quo,Belize,BLZ,2020-07-04,v3
2020-09-19,cumulative_infections,287.08,767.25,1586,14697.69,2371.5,292278.8,Relax Interventions 50%,Belize,BLZ,2020-07-04,v3
2020-09-19,deaths,0,0,0,0.62,0,2.62,Relax Interventions 50%,Belize,BLZ,2020-07-04,v3
2020-09-19,hospital_demand,0,0,0,15.25,0,143.47,Relax Interventions 50%,Belize,BLZ,2020-07-04,v3
2020-09-19,hospital_incidence,0,0,0,0.04,0,0,Relax Interventions 50%,Belize,BLZ,2020-07-04,v3
2020-09-19,ICU_demand,0,0,0,1.04,0,14.25,Relax Interventions 50%,Belize,BLZ,2020-07-04,v3
2020-09-19,ICU_incidence,0,0,0,0,0,0,Relax Interventions 50%,Belize,BLZ,2020-07-04,v3
2020-09-19,infections,0,0,0,33.43,0,76.77,Relax Interventions 50%,Belize,BLZ,2020-07-04,v3
2020-09-19,Rt,0.39,1,1.42,1.64,2.12,3.56,Relax Interventions 50%,Belize,BLZ,2020-07-04,v3
2020-09-19,cumulative_infections,266.28,934.75,1382,1610.03,1934.75,4784.4,Surged Additional 50% Reduction,Belize,BLZ,2020-07-04,v3
2020-09-19,deaths,0,0,0,0,0,0,Surged Additional 50% Reduction,Belize,BLZ,2020-07-04,v3
2020-09-19,hospital_demand,0,0,0,0.01,0,0,Surged Additional 50% Reduction,Belize,BLZ,2020-07-04,v3
2020-09-19,hospital_incidence,0,0,0,0,0,0,Surged Additional 50% Reduction,Belize,BLZ,2020-07-04,v3
2020-09-19,ICU_demand,0,0,0,0,0,0,Surged Additional 50% Reduction,Belize,BLZ,2020-07-04,v3
2020-09-19,ICU_incidence,0,0,0,0,0,0,Surged Additional 50% Reduction,Belize,BLZ,2020-07-04,v3
2020-09-19,infections,0,0,0,0.11,0,0,Surged Additional 50% Reduction,Belize,BLZ,2020-07-04,v3
2020-09-19,Rt,0.1,0.29,0.44,0.51,0.71,1.13,Surged Additional 50% Reduction,Belize,BLZ,2020-07-04,v3
2020-09-19,cumulative_infections,266.28,934.75,1382,3825.8,1936.75,15646.15,Surged Maintain Status Quo,Belize,BLZ,2020-07-04,v3
2020-09-19,deaths,0,0,0,0.2,0,0.52,Surged Maintain Status Quo,Belize,BLZ,2020-07-04,v3
2020-09-19,hospital_demand,0,0,0,11.18,0,52.15,Surged Maintain Status Quo,Belize,BLZ,2020-07-04,v3
2020-09-19,hospital_incidence,0,0,0,0.1,0,0,Surged Maintain Status Quo,Belize,BLZ,2020-07-04,v3
2020-09-19,ICU_demand,0,0,0,3,0,14.05,Surged Maintain Status Quo,Belize,BLZ,2020-07-04,v3
2020-09-19,ICU_incidence,0,0,0,0.01,0,0,Surged Maintain Status Quo,Belize,BLZ,2020-07-04,v3
2020-09-19,infections,0,0,0,78.72,0,676.1,Surged Maintain Status Quo,Belize,BLZ,2020-07-04,v3
2020-09-19,Rt,0.2,0.58,0.88,1.03,1.43,2.26,Surged Maintain Status Quo,Belize,BLZ,2020-07-04,v3
2020-09-19,cumulative_infections,266.28,934.75,1427,13168.01,1981,218846.45,Surged Relax Interventions 50%,Belize,BLZ,2020-07-04,v3
2020-09-19,deaths,0,0,0,0.88,0,16.05,Surged Relax Interventions 50%,Belize,BLZ,2020-07-04,v3
2020-09-19,hospital_demand,0,0,0,47.1,0,843.27,Surged Relax Interventions 50%,Belize,BLZ,2020-07-04,v3
2020-09-19,hospital_incidence,0,0,0,0.19,0,1,Surged Relax Interventions 50%,Belize,BLZ,2020-07-04,v3
2020-09-19,ICU_demand,0,0,0,13.74,0,255.95,Surged Relax Interventions 50%,Belize,BLZ,2020-07-04,v3
2020-09-19,ICU_incidence,0,0,0,0.03,0,0,Surged Relax Interventions 50%,Belize,BLZ,2020-07-04,v3
2020-09-19,infections,0,0,0,177.19,0,3335.1,Surged Relax Interventions 50%,Belize,BLZ,2020-07-04,v3
2020-09-19,Rt,0.29,0.87,1.32,1.54,2.14,3.39,Surged Relax Interventions 50%,Belize,BLZ,2020-07-04,v3
2020-09-20,cumulative_infections,287.08,767.25,1586,1880.6,2371.5,4974.02,Additional 50% Reduction,Belize,BLZ,2020-07-04,v3
2020-09-20,deaths,0,0,0,0,0,0,Additional 50% Reduction,Belize,BLZ,2020-07-04,v3
2020-09-20,hospital_demand,0,0,0,0.62,0,0,Additional 50% Reduction,Belize,BLZ,2020-07-04,v3
2020-09-20,hospital_incidence,0,0,0,0,0,0,Additional 50% Reduction,Belize,BLZ,2020-07-04,v3
2020-09-20,ICU_demand,0,0,0,0.21,0,1,Additional 50% Reduction,Belize,BLZ,2020-07-04,v3
2020-09-20,ICU_incidence,0,0,0,0.01,0,0,Additional 50% Reduction,Belize,BLZ,2020-07-04,v3
2020-09-20,infections,0,0,0,8.06,0,3.57,Additional 50% Reduction,Belize,BLZ,2020-07-04,v3
2020-09-20,Rt,0.13,0.33,0.47,0.55,0.71,1.19,Additional 50% Reduction,Belize,BLZ,2020-07-04,v3
2020-09-20,cumulative_infections,287.08,767.25,1586,8784.93,2371.5,70793.97,Maintain Status Quo,Belize,BLZ,2020-07-04,v3
2020-09-20,deaths,0,0,0,0.9,0,10.62,Maintain Status Quo,Belize,BLZ,2020-07-04,v3
2020-09-20,hospital_demand,0,0,0,17.13,0,278.8,Maintain Status Quo,Belize,BLZ,2020-07-04,v3
2020-09-20,hospital_incidence,0,0,0,0.04,0,0,Maintain Status Quo,Belize,BLZ,2020-07-04,v3
2020-09-20,ICU_demand,0,0,0,1.2,0,24.1,Maintain Status Quo,Belize,BLZ,2020-07-04,v3
2020-09-20,ICU_incidence,0,0,0,0.05,0,0,Maintain Status Quo,Belize,BLZ,2020-07-04,v3
2020-09-20,infections,0,0,0,83.45,0,1228.1,Maintain Status Quo,Belize,BLZ,2020-07-04,v3
2020-09-20,Rt,0.26,0.67,0.95,1.09,1.41,2.37,Maintain Status Quo,Belize,BLZ,2020-07-04,v3
2020-09-20,cumulative_infections,287.08,767.25,1586,14727.23,2371.5,293677.02,Relax Interventions 50%,Belize,BLZ,2020-07-04,v3
2020-09-20,deaths,0,0,0,0.55,0,1.57,Relax Interventions 50%,Belize,BLZ,2020-07-04,v3
2020-09-20,hospital_demand,0,0,0,14.59,0,133.27,Relax Interventions 50%,Belize,BLZ,2020-07-04,v3
2020-09-20,hospital_incidence,0,0,0,0.03,0,0,Relax Interventions 50%,Belize,BLZ,2020-07-04,v3
2020-09-20,ICU_demand,0,0,0,0.98,0,12.2,Relax Interventions 50%,Belize,BLZ,2020-07-04,v3
2020-09-20,ICU_incidence,0,0,0,0.01,0,0,Relax Interventions 50%,Belize,BLZ,2020-07-04,v3
2020-09-20,infections,0,0,0,29.54,0,56.67,Relax Interventions 50%,Belize,BLZ,2020-07-04,v3
2020-09-20,Rt,0.39,1,1.42,1.64,2.12,3.56,Relax Interventions 50%,Belize,BLZ,2020-07-04,v3
2020-09-20,cumulative_infections,266.28,934.75,1382,1610.11,1934.75,4784.4,Surged Additional 50% Reduction,Belize,BLZ,2020-07-04,v3
2020-09-20,deaths,0,0,0,0,0,0,Surged Additional 50% Reduction,Belize,BLZ,2020-07-04,v3
2020-09-20,hospital_demand,0,0,0,0.01,0,0,Surged Additional 50% Reduction,Belize,BLZ,2020-07-04,v3
2020-09-20,hospital_incidence,0,0,0,0,0,0,Surged Additional 50% Reduction,Belize,BLZ,2020-07-04,v3
2020-09-20,ICU_demand,0,0,0,0,0,0,Surged Additional 50% Reduction,Belize,BLZ,2020-07-04,v3
2020-09-20,ICU_incidence,0,0,0,0,0,0,Surged Additional 50% Reduction,Belize,BLZ,2020-07-04,v3
2020-09-20,infections,0,0,0,0.08,0,0,Surged Additional 50% Reduction,Belize,BLZ,2020-07-04,v3
2020-09-20,Rt,0.1,0.29,0.44,0.51,0.71,1.13,Surged Additional 50% Reduction,Belize,BLZ,2020-07-04,v3
2020-09-20,cumulative_infections,266.28,934.75,1382,3904.72,1936.75,16411.62,Surged Maintain Status Quo,Belize,BLZ,2020-07-04,v3
2020-09-20,deaths,0,0,0,0.18,0,0.52,Surged Maintain Status Quo,Belize,BLZ,2020-07-04,v3
2020-09-20,hospital_demand,0,0,0,11.4,0,54.05,Surged Maintain Status Quo,Belize,BLZ,2020-07-04,v3
2020-09-20,hospital_incidence,0,0,0,0.02,0,0,Surged Maintain Status Quo,Belize,BLZ,2020-07-04,v3
2020-09-20,ICU_demand,0,0,0,3.03,0,14.1,Surged Maintain Status Quo,Belize,BLZ,2020-07-04,v3
2020-09-20,ICU_incidence,0,0,0,0.04,0,0,Surged Maintain Status Quo,Belize,BLZ,2020-07-04,v3
2020-09-20,infections,0,0,0,78.92,0,664.87,Surged Maintain Status Quo,Belize,BLZ,2020-07-04,v3
2020-09-20,Rt,0.2,0.58,0.88,1.03,1.43,2.26,Surged Maintain Status Quo,Belize,BLZ,2020-07-04,v3
2020-09-20,cumulative_infections,266.28,934.75,1427,13339.46,1981,223360.8,Surged Relax Interventions 50%,Belize,BLZ,2020-07-04,v3
2020-09-20,deaths,0,0,0,0.91,0,16.67,Surged Relax Interventions 50%,Belize,BLZ,2020-07-04,v3
2020-09-20,hospital_demand,0,0,0,46.13,0,833.82,Surged Relax Interventions 50%,Belize,BLZ,2020-07-04,v3
2020-09-20,hospital_incidence,0,0,0,0.19,0,2.57,Surged Relax Interventions 50%,Belize,BLZ,2020-07-04,v3
2020-09-20,ICU_demand,0,0,0,13.5,0,247.4,Surged Relax Interventions 50%,Belize,BLZ,2020-07-04,v3
2020-09-20,ICU_incidence,0,0,0,0.06,0,1,Surged Relax Interventions 50%,Belize,BLZ,2020-07-04,v3
2020-09-20,infections,0,0,0,171.45,0,3055.62,Surged Relax Interventions 50%,Belize,BLZ,2020-07-04,v3
2020-09-20,Rt,0.29,0.87,1.32,1.54,2.14,3.39,Surged Relax Interventions 50%,Belize,BLZ,2020-07-04,v3
2020-09-21,cumulative_infections,287.08,767.25,1586,1887.91,2371.5,4974.02,Additional 50% Reduction,Belize,BLZ,2020-07-04,v3
2020-09-21,deaths,0,0,0,0.01,0,0,Additional 50% Reduction,Belize,BLZ,2020-07-04,v3
2020-09-21,hospital_demand,0,0,0,0.63,0,0,Additional 50% Reduction,Belize,BLZ,2020-07-04,v3
2020-09-21,hospital_incidence,0,0,0,0,0,0,Additional 50% Reduction,Belize,BLZ,2020-07-04,v3
2020-09-21,ICU_demand,0,0,0,0.21,0,1,Additional 50% Reduction,Belize,BLZ,2020-07-04,v3
2020-09-21,ICU_incidence,0,0,0,0,0,0,Additional 50% Reduction,Belize,BLZ,2020-07-04,v3
2020-09-21,infections,0,0,0,7.31,0,1.57,Additional 50% Reduction,Belize,BLZ,2020-07-04,v3
2020-09-21,Rt,0.13,0.33,0.47,0.55,0.71,1.19,Additional 50% Reduction,Belize,BLZ,2020-07-04,v3
2020-09-21,cumulative_infections,287.08,767.25,1586,8866.35,2371.5,73395.65,Maintain Status Quo,Belize,BLZ,2020-07-04,v3
2020-09-21,deaths,0,0,0,0.68,0,8.05,Maintain Status Quo,Belize,BLZ,2020-07-04,v3
2020-09-21,hospital_demand,0,0,0,16.67,0,287.2,Maintain Status Quo,Belize,BLZ,2020-07-04,v3
2020-09-21,hospital_incidence,0,0,0,0.12,0,1.52,Maintain Status Quo,Belize,BLZ,2020-07-04,v3
2020-09-21,ICU_demand,0,0,0,1.11,0,21.52,Maintain Status Quo,Belize,BLZ,2020-07-04,v3
2020-09-21,ICU_incidence,0,0,0,0.02,0,0,Maintain Status Quo,Belize,BLZ,2020-07-04,v3
2020-09-21,infections,0,0,0,81.42,0,1175.07,Maintain Status Quo,Belize,BLZ,2020-07-04,v3
2020-09-21,Rt,0.26,0.67,0.95,1.09,1.41,2.37,Maintain Status Quo,Belize,BLZ,2020-07-04,v3
2020-09-21,cumulative_infections,287.08,767.25,1586,14754.21,2371.5,294959.3,Relax Interventions 50%,Belize,BLZ,2020-07-04,v3
2020-09-21,deaths,0,0,0,0.59,0,2.1,Relax Interventions 50%,Belize,BLZ,2020-07-04,v3
2020-09-21,hospital_demand,0,0,0,13.66,0,117.87,Relax Interventions 50%,Belize,BLZ,2020-07-04,v3
2020-09-21,hospital_incidence,0,0,0,0.02,0,0,Relax Interventions 50%,Belize,BLZ,2020-07-04,v3
2020-09-21,ICU_demand,0,0,0,0.92,0,12.77,Relax Interventions 50%,Belize,BLZ,2020-07-04,v3
2020-09-21,ICU_incidence,0,0,0,0.01,0,0,Relax Interventions 50%,Belize,BLZ,2020-07-04,v3
2020-09-21,infections,0,0,0,26.98,0,46.57,Relax Interventions 50%,Belize,BLZ,2020-07-04,v3
2020-09-21,Rt,0.39,1,1.42,1.64,2.12,3.56,Relax Interventions 50%,Belize,BLZ,2020-07-04,v3
2020-09-21,cumulative_infections,266.28,934.75,1382,1610.2,1934.75,4784.4,Surged Additional 50% Reduction,Belize,BLZ,2020-07-04,v3
2020-09-21,deaths,0,0,0,0,0,0,Surged Additional 50% Reduction,Belize,BLZ,2020-07-04,v3
2020-09-21,hospital_demand,0,0,0,0.02,0,0,Surged Additional 50% Reduction,Belize,BLZ,2020-07-04,v3
2020-09-21,hospital_incidence,0,0,0,0,0,0,Surged Additional 50% Reduction,Belize,BLZ,2020-07-04,v3
2020-09-21,ICU_demand,0,0,0,0,0,0,Surged Additional 50% Reduction,Belize,BLZ,2020-07-04,v3
2020-09-21,ICU_incidence,0,0,0,0,0,0,Surged Additional 50% Reduction,Belize,BLZ,2020-07-04,v3
2020-09-21,infections,0,0,0,0.09,0,0,Surged Additional 50% Reduction,Belize,BLZ,2020-07-04,v3
2020-09-21,Rt,0.1,0.29,0.44,0.51,0.71,1.13,Surged Additional 50% Reduction,Belize,BLZ,2020-07-04,v3
2020-09-21,cumulative_infections,266.28,934.75,1382,3982.52,1936.75,17239.62,Surged Maintain Status Quo,Belize,BLZ,2020-07-04,v3
2020-09-21,deaths,0,0,0,0.25,0,0,Surged Maintain Status Quo,Belize,BLZ,2020-07-04,v3
2020-09-21,hospital_demand,0,0,0,11.72,0,59.57,Surged Maintain Status Quo,Belize,BLZ,2020-07-04,v3
2020-09-21,hospital_incidence,0,0,0,0.05,0,0.52,Surged Maintain Status Quo,Belize,BLZ,2020-07-04,v3
2020-09-21,ICU_demand,0,0,0,3.05,0,12.57,Surged Maintain Status Quo,Belize,BLZ,2020-07-04,v3
2020-09-21,ICU_incidence,0,0,0,0.05,0,0,Surged Maintain Status Quo,Belize,BLZ,2020-07-04,v3
2020-09-21,infections,0,0,0,77.8,0,674.22,Surged Maintain Status Quo,Belize,BLZ,2020-07-04,v3
2020-09-21,Rt,0.2,0.58,0.88,1.03,1.43,2.26,Surged Maintain Status Quo,Belize,BLZ,2020-07-04,v3
2020-09-21,cumulative_infections,266.28,934.75,1427,13501.05,1981,227568.25,Surged Relax Interventions 50%,Belize,BLZ,2020-07-04,v3
2020-09-21,deaths,0,0,0,1,0,16.1,Surged Relax Interventions 50%,Belize,BLZ,2020-07-04,v3
2020-09-21,hospital_demand,0,0,0,44.95,0,808.12,Surged Relax Interventions 50%,Belize,BLZ,2020-07-04,v3
2020-09-21,hospital_incidence,0,0,0,0.11,0,2.52,Surged Relax Interventions 50%,Belize,BLZ,2020-07-04,v3
2020-09-21,ICU_demand,0,0,0,13.01,0,233.95,Surged Relax Interventions 50%,Belize,BLZ,2020-07-04,v3
2020-09-21,ICU_incidence,0,0,0,0.06,0,1,Surged Relax Interventions 50%,Belize,BLZ,2020-07-04,v3
2020-09-21,infections,0,0,0,161.59,0,2705.97,Surged Relax Interventions 50%,Belize,BLZ,2020-07-04,v3
2020-09-21,Rt,0.29,0.87,1.32,1.54,2.14,3.39,Surged Relax Interventions 50%,Belize,BLZ,2020-07-04,v3
2020-09-22,cumulative_infections,287.08,767.25,1586,1895.67,2371.5,4974.02,Additional 50% Reduction,Belize,BLZ,2020-07-04,v3
2020-09-22,deaths,0,0,0,0.02,0,0,Additional 50% Reduction,Belize,BLZ,2020-07-04,v3
2020-09-22,hospital_demand,0,0,0,0.63,0,0,Additional 50% Reduction,Belize,BLZ,2020-07-04,v3
2020-09-22,hospital_incidence,0,0,0,0.01,0,0,Additional 50% Reduction,Belize,BLZ,2020-07-04,v3
2020-09-22,ICU_demand,0,0,0,0.23,0,1,Additional 50% Reduction,Belize,BLZ,2020-07-04,v3
2020-09-22,ICU_incidence,0,0,0,0,0,0,Additional 50% Reduction,Belize,BLZ,2020-07-04,v3
2020-09-22,infections,0,0,0,7.76,0,2.52,Additional 50% Reduction,Belize,BLZ,2020-07-04,v3
2020-09-22,Rt,0.13,0.33,0.47,0.55,0.71,1.19,Additional 50% Reduction,Belize,BLZ,2020-07-04,v3
2020-09-22,cumulative_infections,287.08,767.25,1586,8946.1,2371.5,76018.25,Maintain Status Quo,Belize,BLZ,2020-07-04,v3
2020-09-22,deaths,0,0,0,0.57,0,5,Maintain Status Quo,Belize,BLZ,2020-07-04,v3
2020-09-22,hospital_demand,0,0,0,16.29,0,292.77,Maintain Status Quo,Belize,BLZ,2020-07-04,v3
2020-09-22,hospital_incidence,0,0,0,0.09,0,1.52,Maintain Status Quo,Belize,BLZ,2020-07-04,v3
2020-09-22,ICU_demand,0,0,0,1.17,0,23.52,Maintain Status Quo,Belize,BLZ,2020-07-04,v3
2020-09-22,ICU_incidence,0,0,0,0.02,0,0,Maintain Status Quo,Belize,BLZ,2020-07-04,v3
2020-09-22,infections,0,0,0,79.75,0,1186.05,Maintain Status Quo,Belize,BLZ,2020-07-04,v3
2020-09-22,Rt,0.26,0.67,0.95,1.09,1.41,2.37,Maintain Status Quo,Belize,BLZ,2020-07-04,v3
2020-09-22,cumulative_infections,287.08,767.25,1586,14777.3,2371.5,296048.17,Relax Interventions 50%,Belize,BLZ,2020-07-04,v3
2020-09-22,deaths,0,0,0,0.52,0,2.05,Relax Interventions 50%,Belize,BLZ,2020-07-04,v3
2020-09-22,hospital_demand,0,0,0,12.9,0,108.25,Relax Interventions 50%,Belize,BLZ,2020-07-04,v3
2020-09-22,hospital_incidence,0,0,0,0.06,0,0,Relax Interventions 50%,Belize,BLZ,2020-07-04,v3
2020-09-22,ICU_demand,0,0,0,0.92,0,14.35,Relax Interventions 50%,Belize,BLZ,2020-07-04,v3
2020-09-22,ICU_incidence,0,0,0,0.02,0,0,Relax Interventions 50%,Belize,BLZ,2020-07-04,v3
2020-09-22,infections,0,0,0,23.09,0,47.2,Relax Interventions 50%,Belize,BLZ,2020-07-04,v3
2020-09-22,Rt,0.39,1,1.42,1.64,2.12,3.56,Relax Interventions 50%,Belize,BLZ,2020-07-04,v3
2020-09-22,cumulative_infections,266.28,934.75,1382,1610.34,1934.75,4784.4,Surged Additional 50% Reduction,Belize,BLZ,2020-07-04,v3
2020-09-22,deaths,0,0,0,0,0,0,Surged Additional 50% Reduction,Belize,BLZ,2020-07-04,v3
2020-09-22,hospital_demand,0,0,0,0.03,0,0,Surged Additional 50% Reduction,Belize,BLZ,2020-07-04,v3
2020-09-22,hospital_incidence,0,0,0,0,0,0,Surged Additional 50% Reduction,Belize,BLZ,2020-07-04,v3
2020-09-22,ICU_demand,0,0,0,0.01,0,0,Surged Additional 50% Reduction,Belize,BLZ,2020-07-04,v3
2020-09-22,ICU_incidence,0,0,0,0,0,0,Surged Additional 50% Reduction,Belize,BLZ,2020-07-04,v3
2020-09-22,infections,0,0,0,0.14,0,0,Surged Additional 50% Reduction,Belize,BLZ,2020-07-04,v3
2020-09-22,Rt,0.1,0.29,0.44,0.51,0.71,1.13,Surged Additional 50% Reduction,Belize,BLZ,2020-07-04,v3
2020-09-22,cumulative_infections,266.28,934.75,1382,4060.71,1936.75,18125.8,Surged Maintain Status Quo,Belize,BLZ,2020-07-04,v3
2020-09-22,deaths,0,0,0,0.18,0,1,Surged Maintain Status Quo,Belize,BLZ,2020-07-04,v3
2020-09-22,hospital_demand,0,0,0,11.59,0,60,Surged Maintain Status Quo,Belize,BLZ,2020-07-04,v3
2020-09-22,hospital_incidence,0,0,0,0.09,0,0,Surged Maintain Status Quo,Belize,BLZ,2020-07-04,v3
2020-09-22,ICU_demand,0,0,0,3.24,0,15.57,Surged Maintain Status Quo,Belize,BLZ,2020-07-04,v3
2020-09-22,ICU_incidence,0,0,0,0.03,0,0,Surged Maintain Status Quo,Belize,BLZ,2020-07-04,v3
2020-09-22,infections,0,0,0,78.19,0,700.82,Surged Maintain Status Quo,Belize,BLZ,2020-07-04,v3
2020-09-22,Rt,0.2,0.58,0.88,1.03,1.43,2.26,Surged Maintain Status Quo,Belize,BLZ,2020-07-04,v3
2020-09-22,cumulative_infections,266.28,934.75,1427,13659.69,1981,231601.1,Surged Relax Interventions 50%,Belize,BLZ,2020-07-04,v3
2020-09-22,deaths,0,0,0,0.93,0,15.52,Surged Relax Interventions 50%,Belize,BLZ,2020-07-04,v3
2020-09-22,hospital_demand,0,0,0,43.37,0,768.6,Surged Relax Interventions 50%,Belize,BLZ,2020-07-04,v3
2020-09-22,hospital_incidence,0,0,0,0.18,0,3,Surged Relax Interventions 50%,Belize,BLZ,2020-07-04,v3
2020-09-22,ICU_demand,0,0,0,12.91,0,228.3,Surged Relax Interventions 50%,Belize,BLZ,2020-07-04,v3
2020-09-22,ICU_incidence,0,0,0,0.03,0,0.52,Surged Relax Interventions 50%,Belize,BLZ,2020-07-04,v3
2020-09-22,infections,0,0,0,158.64,0,2538.02,Surged Relax Interventions 50%,Belize,BLZ,2020-07-04,v3
2020-09-22,Rt,0.29,0.87,1.32,1.54,2.14,3.39,Surged Relax Interventions 50%,Belize,BLZ,2020-07-04,v3
2020-09-23,cumulative_infections,287.08,767.25,1586,1903.32,2371.5,4974.02,Additional 50% Reduction,Belize,BLZ,2020-07-04,v3
2020-09-23,deaths,0,0,0,0.03,0,0,Additional 50% Reduction,Belize,BLZ,2020-07-04,v3
2020-09-23,hospital_demand,0,0,0,0.69,0,0,Additional 50% Reduction,Belize,BLZ,2020-07-04,v3
2020-09-23,hospital_incidence,0,0,0,0,0,0,Additional 50% Reduction,Belize,BLZ,2020-07-04,v3
2020-09-23,ICU_demand,0,0,0,0.25,0,0.52,Additional 50% Reduction,Belize,BLZ,2020-07-04,v3
2020-09-23,ICU_incidence,0,0,0,0,0,0,Additional 50% Reduction,Belize,BLZ,2020-07-04,v3
2020-09-23,infections,0,0,0,7.65,0,3.05,Additional 50% Reduction,Belize,BLZ,2020-07-04,v3
2020-09-23,Rt,0.13,0.33,0.47,0.55,0.71,1.19,Additional 50% Reduction,Belize,BLZ,2020-07-04,v3
2020-09-23,cumulative_infections,287.08,767.25,1586,9022.96,2371.5,78619.75,Maintain Status Quo,Belize,BLZ,2020-07-04,v3
2020-09-23,deaths,0,0,0,0.63,0,8.1,Maintain Status Quo,Belize,BLZ,2020-07-04,v3
2020-09-23,hospital_demand,0,0,0,16,0,280.2,Maintain Status Quo,Belize,BLZ,2020-07-04,v3
2020-09-23,hospital_incidence,0,0,0,0.07,0,1,Maintain Status Quo,Belize,BLZ,2020-07-04,v3
2020-09-23,ICU_demand,0,0,0,1.08,0,21.57,Maintain Status Quo,Belize,BLZ,2020-07-04,v3
2020-09-23,ICU_incidence,0,0,0,0.03,0,0.52,Maintain Status Quo,Belize,BLZ,2020-07-04,v3
2020-09-23,infections,0,0,0,76.86,0,1121.62,Maintain Status Quo,Belize,BLZ,2020-07-04,v3
2020-09-23,Rt,0.26,0.67,0.95,1.09,1.41,2.37,Maintain Status Quo,Belize,BLZ,2020-07-04,v3
2020-09-23,cumulative_infections,287.08,767.25,1586,14798.92,2371.5,297074.8,Relax Interventions 50%,Belize,BLZ,2020-07-04,v3
2020-09-23,deaths,0,0,0,0.48,0,5.67,Relax Interventions 50%,Belize,BLZ,2020-07-04,v3
2020-09-23,hospital_demand,0,0,0,12.01,0,90.7,Relax Interventions 50%,Belize,BLZ,2020-07-04,v3
2020-09-23,hospital_incidence,0,0,0,0.02,0,0,Relax Interventions 50%,Belize,BLZ,2020-07-04,v3
2020-09-23,ICU_demand,0,0,0,0.77,0,10.25,Relax Interventions 50%,Belize,BLZ,2020-07-04,v3
2020-09-23,ICU_incidence,0,0,0,0,0,0,Relax Interventions 50%,Belize,BLZ,2020-07-04,v3
2020-09-23,infections,0,0,0,21.62,0,34.97,Relax Interventions 50%,Belize,BLZ,2020-07-04,v3
2020-09-23,Rt,0.39,1,1.42,1.64,2.12,3.56,Relax Interventions 50%,Belize,BLZ,2020-07-04,v3
2020-09-23,cumulative_infections,266.28,934.75,1382,1610.48,1934.75,4784.4,Surged Additional 50% Reduction,Belize,BLZ,2020-07-04,v3
2020-09-23,deaths,0,0,0,0,0,0,Surged Additional 50% Reduction,Belize,BLZ,2020-07-04,v3
2020-09-23,hospital_demand,0,0,0,0.03,0,0,Surged Additional 50% Reduction,Belize,BLZ,2020-07-04,v3
2020-09-23,hospital_incidence,0,0,0,0,0,0,Surged Additional 50% Reduction,Belize,BLZ,2020-07-04,v3
2020-09-23,ICU_demand,0,0,0,0.01,0,0,Surged Additional 50% Reduction,Belize,BLZ,2020-07-04,v3
2020-09-23,ICU_incidence,0,0,0,0,0,0,Surged Additional 50% Reduction,Belize,BLZ,2020-07-04,v3
2020-09-23,infections,0,0,0,0.14,0,0,Surged Additional 50% Reduction,Belize,BLZ,2020-07-04,v3
2020-09-23,Rt,0.1,0.29,0.44,0.51,0.71,1.13,Surged Additional 50% Reduction,Belize,BLZ,2020-07-04,v3
2020-09-23,cumulative_infections,266.28,934.75,1382,4137.15,1936.75,19072.32,Surged Maintain Status Quo,Belize,BLZ,2020-07-04,v3
2020-09-23,deaths,0,0,0,0.2,0,0,Surged Maintain Status Quo,Belize,BLZ,2020-07-04,v3
2020-09-23,hospital_demand,0,0,0,11.8,0,60.72,Surged Maintain Status Quo,Belize,BLZ,2020-07-04,v3
2020-09-23,hospital_incidence,0,0,0,0.05,0,0.52,Surged Maintain Status Quo,Belize,BLZ,2020-07-04,v3
2020-09-23,ICU_demand,0,0,0,3.43,0,18.52,Surged Maintain Status Quo,Belize,BLZ,2020-07-04,v3
2020-09-23,ICU_incidence,0,0,0,0.01,0,0,Surged Maintain Status Quo,Belize,BLZ,2020-07-04,v3
2020-09-23,infections,0,0,0,76.44,0,741.9,Surged Maintain Status Quo,Belize,BLZ,2020-07-04,v3
2020-09-23,Rt,0.2,0.58,0.88,1.03,1.43,2.26,Surged Maintain Status Quo,Belize,BLZ,2020-07-04,v3
2020-09-23,cumulative_infections,266.28,934.75,1427,13809.87,1981,235255.1,Surged Relax Interventions 50%,Belize,BLZ,2020-07-04,v3
2020-09-23,deaths,0,0,0,0.74,0,13.25,Surged Relax Interventions 50%,Belize,BLZ,2020-07-04,v3
2020-09-23,hospital_demand,0,0,0,42.03,0,746.35,Surged Relax Interventions 50%,Belize,BLZ,2020-07-04,v3
2020-09-23,hospital_incidence,0,0,0,0.09,0,1,Surged Relax Interventions 50%,Belize,BLZ,2020-07-04,v3
2020-09-23,ICU_demand,0,0,0,12.7,0,219.67,Surged Relax Interventions 50%,Belize,BLZ,2020-07-04,v3
2020-09-23,ICU_incidence,0,0,0,0.04,0,0.52,Surged Relax Interventions 50%,Belize,BLZ,2020-07-04,v3
2020-09-23,infections,0,0,0,150.18,0,2229.95,Surged Relax Interventions 50%,Belize,BLZ,2020-07-04,v3
2020-09-23,Rt,0.29,0.87,1.32,1.54,2.14,3.39,Surged Relax Interventions 50%,Belize,BLZ,2020-07-04,v3
2020-09-24,cumulative_infections,287.08,767.25,1586,1911.18,2371.5,4974.02,Additional 50% Reduction,Belize,BLZ,2020-07-04,v3
2020-09-24,deaths,0,0,0,0.05,0,0,Additional 50% Reduction,Belize,BLZ,2020-07-04,v3
2020-09-24,hospital_demand,0,0,0,0.72,0,0,Additional 50% Reduction,Belize,BLZ,2020-07-04,v3
2020-09-24,hospital_incidence,0,0,0,0.01,0,0,Additional 50% Reduction,Belize,BLZ,2020-07-04,v3
2020-09-24,ICU_demand,0,0,0,0.23,0,0.52,Additional 50% Reduction,Belize,BLZ,2020-07-04,v3
2020-09-24,ICU_incidence,0,0,0,0,0,0,Additional 50% Reduction,Belize,BLZ,2020-07-04,v3
2020-09-24,infections,0,0,0,7.86,0,2,Additional 50% Reduction,Belize,BLZ,2020-07-04,v3
2020-09-24,Rt,0.13,0.33,0.47,0.55,0.71,1.19,Additional 50% Reduction,Belize,BLZ,2020-07-04,v3
2020-09-24,cumulative_infections,287.08,767.25,1586,9099.27,2371.5,81297.47,Maintain Status Quo,Belize,BLZ,2020-07-04,v3
2020-09-24,deaths,0,0,0,0.53,0,6.15,Maintain Status Quo,Belize,BLZ,2020-07-04,v3
2020-09-24,hospital_demand,0,0,0,15.81,0,275.1,Maintain Status Quo,Belize,BLZ,2020-07-04,v3
2020-09-24,hospital_incidence,0,0,0,0.15,0,2.05,Maintain Status Quo,Belize,BLZ,2020-07-04,v3
2020-09-24,ICU_demand,0,0,0,1.14,0,22.62,Maintain Status Quo,Belize,BLZ,2020-07-04,v3
2020-09-24,ICU_incidence,0,0,0,0.01,0,0,Maintain Status Quo,Belize,BLZ,2020-07-04,v3
2020-09-24,infections,0,0,0,76.31,0,1193.67,Maintain Status Quo,Belize,BLZ,2020-07-04,v3
2020-09-24,Rt,0.26,0.67,0.95,1.09,1.41,2.37,Maintain Status Quo,Belize,BLZ,2020-07-04,v3
2020-09-24,cumulative_infections,287.08,767.25,1586,14818.32,2371.5,297995.3,Relax Interventions 50%,Belize,BLZ,2020-07-04,v3
2020-09-24,deaths,0,0,0,0.38,0,2.05,Relax Interventions 50%,Belize,BLZ,2020-07-04,v3
2020-09-24,hospital_demand,0,0,0,11.04,0,77.87,Relax Interventions 50%,Belize,BLZ,2020-07-04,v3
2020-09-24,hospital_incidence,0,0,0,0.02,0,0,Relax Interventions 50%,Belize,BLZ,2020-07-04,v3
2020-09-24,ICU_demand,0,0,0,0.69,0,8.2,Relax Interventions 50%,Belize,BLZ,2020-07-04,v3
2020-09-24,ICU_incidence,0,0,0,0.01,0,0,Relax Interventions 50%,Belize,BLZ,2020-07-04,v3
2020-09-24,infections,0,0,0,19.4,0,32.5,Relax Interventions 50%,Belize,BLZ,2020-07-04,v3
2020-09-24,Rt,0.39,1,1.42,1.64,2.12,3.56,Relax Interventions 50%,Belize,BLZ,2020-07-04,v3
2020-09-24,cumulative_infections,266.28,934.75,1382,1610.59,1934.75,4784.4,Surged Additional 50% Reduction,Belize,BLZ,2020-07-04,v3
2020-09-24,deaths,0,0,0,0,0,0,Surged Additional 50% Reduction,Belize,BLZ,2020-07-04,v3
2020-09-24,hospital_demand,0,0,0,0.03,0,0,Surged Additional 50% Reduction,Belize,BLZ,2020-07-04,v3
2020-09-24,hospital_incidence,0,0,0,0,0,0,Surged Additional 50% Reduction,Belize,BLZ,2020-07-04,v3
2020-09-24,ICU_demand,0,0,0,0.01,0,0,Surged Additional 50% Reduction,Belize,BLZ,2020-07-04,v3
2020-09-24,ICU_incidence,0,0,0,0,0,0,Surged Additional 50% Reduction,Belize,BLZ,2020-07-04,v3
2020-09-24,infections,0,0,0,0.11,0,0,Surged Additional 50% Reduction,Belize,BLZ,2020-07-04,v3
2020-09-24,Rt,0.1,0.29,0.44,0.51,0.71,1.13,Surged Additional 50% Reduction,Belize,BLZ,2020-07-04,v3
2020-09-24,cumulative_infections,266.28,934.75,1382,4212.08,1936.75,20084.92,Surged Maintain Status Quo,Belize,BLZ,2020-07-04,v3
2020-09-24,deaths,0,0,0,0.17,0,1,Surged Maintain Status Quo,Belize,BLZ,2020-07-04,v3
2020-09-24,hospital_demand,0,0,0,11.87,0,67.3,Surged Maintain Status Quo,Belize,BLZ,2020-07-04,v3
2020-09-24,hospital_incidence,0,0,0,0.02,0,0,Surged Maintain Status Quo,Belize,BLZ,2020-07-04,v3
2020-09-24,ICU_demand,0,0,0,3.6,0,21.05,Surged Maintain Status Quo,Belize,BLZ,2020-07-04,v3
2020-09-24,ICU_incidence,0,0,0,0.01,0,0,Surged Maintain Status Quo,Belize,BLZ,2020-07-04,v3
2020-09-24,infections,0,0,0,74.93,0,792.02,Surged Maintain Status Quo,Belize,BLZ,2020-07-04,v3
2020-09-24,Rt,0.2,0.58,0.88,1.03,1.43,2.26,Surged Maintain Status Quo,Belize,BLZ,2020-07-04,v3
2020-09-24,cumulative_infections,266.28,934.75,1427,13956.98,1981,238809,Surged Relax Interventions 50%,Belize,BLZ,2020-07-04,v3
2020-09-24,deaths,0,0,0,0.81,0,11.57,Surged Relax Interventions 50%,Belize,BLZ,2020-07-04,v3
2020-09-24,hospital_demand,0,0,0,39.99,0,720.07,Surged Relax Interventions 50%,Belize,BLZ,2020-07-04,v3
2020-09-24,hospital_incidence,0,0,0,0.09,0,0.52,Surged Relax Interventions 50%,Belize,BLZ,2020-07-04,v3
2020-09-24,ICU_demand,0,0,0,12.57,0,212.25,Surged Relax Interventions 50%,Belize,BLZ,2020-07-04,v3
2020-09-24,ICU_incidence,0,0,0,0.04,0,0.52,Surged Relax Interventions 50%,Belize,BLZ,2020-07-04,v3
2020-09-24,infections,0,0,0,147.11,0,2046.72,Surged Relax Interventions 50%,Belize,BLZ,2020-07-04,v3
2020-09-24,Rt,0.29,0.87,1.32,1.54,2.14,3.39,Surged Relax Interventions 50%,Belize,BLZ,2020-07-04,v3
2020-09-25,cumulative_infections,287.08,767.25,1586,1919.03,2371.5,4974.02,Additional 50% Reduction,Belize,BLZ,2020-07-04,v3
2020-09-25,deaths,0,0,0,0.03,0,0,Additional 50% Reduction,Belize,BLZ,2020-07-04,v3
2020-09-25,hospital_demand,0,0,0,0.78,0,0,Additional 50% Reduction,Belize,BLZ,2020-07-04,v3
2020-09-25,hospital_incidence,0,0,0,0.01,0,0,Additional 50% Reduction,Belize,BLZ,2020-07-04,v3
2020-09-25,ICU_demand,0,0,0,0.25,0,0.52,Additional 50% Reduction,Belize,BLZ,2020-07-04,v3
2020-09-25,ICU_incidence,0,0,0,0,0,0,Additional 50% Reduction,Belize,BLZ,2020-07-04,v3
2020-09-25,infections,0,0,0,7.85,0,2,Additional 50% Reduction,Belize,BLZ,2020-07-04,v3
2020-09-25,Rt,0.13,0.33,0.47,0.55,0.71,1.19,Additional 50% Reduction,Belize,BLZ,2020-07-04,v3
2020-09-25,cumulative_infections,287.08,767.25,1586,9172.21,2371.5,83937.7,Maintain Status Quo,Belize,BLZ,2020-07-04,v3
2020-09-25,deaths,0,0,0,0.55,0,9.25,Maintain Status Quo,Belize,BLZ,2020-07-04,v3
2020-09-25,hospital_demand,0,0,0,15.27,0,261.4,Maintain Status Quo,Belize,BLZ,2020-07-04,v3
2020-09-25,hospital_incidence,0,0,0,0.05,0,0.52,Maintain Status Quo,Belize,BLZ,2020-07-04,v3
2020-09-25,ICU_demand,0,0,0,1.18,0,22.15,Maintain Status Quo,Belize,BLZ,2020-07-04,v3
2020-09-25,ICU_incidence,0,0,0,0.04,0,0,Maintain Status Quo,Belize,BLZ,2020-07-04,v3
2020-09-25,infections,0,0,0,72.94,0,1077.67,Maintain Status Quo,Belize,BLZ,2020-07-04,v3
2020-09-25,Rt,0.26,0.67,0.95,1.09,1.41,2.37,Maintain Status Quo,Belize,BLZ,2020-07-04,v3
2020-09-25,cumulative_infections,287.08,767.25,1586,14835.95,2371.5,298832.05,Relax Interventions 50%,Belize,BLZ,2020-07-04,v3
2020-09-25,deaths,0,0,0,0.27,0,0.52,Relax Interventions 50%,Belize,BLZ,2020-07-04,v3
2020-09-25,hospital_demand,0,0,0,10.27,0,66.72,Relax Interventions 50%,Belize,BLZ,2020-07-04,v3
2020-09-25,hospital_incidence,0,0,0,0.03,0,0,Relax Interventions 50%,Belize,BLZ,2020-07-04,v3
2020-09-25,ICU_demand,0,0,0,0.67,0,8.2,Relax Interventions 50%,Belize,BLZ,2020-07-04,v3
2020-09-25,ICU_incidence,0,0,0,0.01,0,0,Relax Interventions 50%,Belize,BLZ,2020-07-04,v3
2020-09-25,infections,0,0,0,17.63,0,27.67,Relax Interventions 50%,Belize,BLZ,2020-07-04,v3
2020-09-25,Rt,0.39,1,1.42,1.64,2.12,3.56,Relax Interventions 50%,Belize,BLZ,2020-07-04,v3
2020-09-25,cumulative_infections,266.28,934.75,1382,1610.71,1934.75,4784.4,Surged Additional 50% Reduction,Belize,BLZ,2020-07-04,v3
2020-09-25,deaths,0,0,0,0,0,0,Surged Additional 50% Reduction,Belize,BLZ,2020-07-04,v3
2020-09-25,hospital_demand,0,0,0,0.03,0,0,Surged Additional 50% Reduction,Belize,BLZ,2020-07-04,v3
2020-09-25,hospital_incidence,0,0,0,0,0,0,Surged Additional 50% Reduction,Belize,BLZ,2020-07-04,v3
2020-09-25,ICU_demand,0,0,0,0.01,0,0,Surged Additional 50% Reduction,Belize,BLZ,2020-07-04,v3
2020-09-25,ICU_incidence,0,0,0,0,0,0,Surged Additional 50% Reduction,Belize,BLZ,2020-07-04,v3
2020-09-25,infections,0,0,0,0.12,0,0,Surged Additional 50% Reduction,Belize,BLZ,2020-07-04,v3
2020-09-25,Rt,0.1,0.29,0.44,0.51,0.71,1.13,Surged Additional 50% Reduction,Belize,BLZ,2020-07-04,v3
2020-09-25,cumulative_infections,266.28,934.75,1382,4286.13,1936.75,21177.05,Surged Maintain Status Quo,Belize,BLZ,2020-07-04,v3
2020-09-25,deaths,0,0,0,0.31,0,1.05,Surged Maintain Status Quo,Belize,BLZ,2020-07-04,v3
2020-09-25,hospital_demand,0,0,0,11.88,0,69.67,Surged Maintain Status Quo,Belize,BLZ,2020-07-04,v3
2020-09-25,hospital_incidence,0,0,0,0.04,0,0,Surged Maintain Status Quo,Belize,BLZ,2020-07-04,v3
2020-09-25,ICU_demand,0,0,0,3.68,0,21.67,Surged Maintain Status Quo,Belize,BLZ,2020-07-04,v3
2020-09-25,ICU_incidence,0,0,0,0,0,0,Surged Maintain Status Quo,Belize,BLZ,2020-07-04,v3
2020-09-25,infections,0,0,0,74.05,0,774.5,Surged Maintain Status Quo,Belize,BLZ,2020-07-04,v3
2020-09-25,Rt,0.2,0.58,0.88,1.03,1.43,2.26,Surged Maintain Status Quo,Belize,BLZ,2020-07-04,v3
2020-09-25,cumulative_infections,266.28,934.75,1427,14096.79,1981,241975.5,Surged Relax Interventions 50%,Belize,BLZ,2020-07-04,v3
2020-09-25,deaths,0,0,0,0.82,0,13.1,Surged Relax Interventions 50%,Belize,BLZ,2020-07-04,v3
2020-09-25,hospital_demand,0,0,0,38.82,0,715.52,Surged Relax Interventions 50%,Belize,BLZ,2020-07-04,v3
2020-09-25,hospital_incidence,0,0,0,0.19,0,2.52,Surged Relax Interventions 50%,Belize,BLZ,2020-07-04,v3
2020-09-25,ICU_demand,0,0,0,12.02,0,195.35,Surged Relax Interventions 50%,Belize,BLZ,2020-07-04,v3
2020-09-25,ICU_incidence,0,0,0,0.05,0,0.52,Surged Relax Interventions 50%,Belize,BLZ,2020-07-04,v3
2020-09-25,infections,0,0,0,139.81,0,1821.77,Surged Relax Interventions 50%,Belize,BLZ,2020-07-04,v3
2020-09-25,Rt,0.29,0.87,1.32,1.54,2.14,3.39,Surged Relax Interventions 50%,Belize,BLZ,2020-07-04,v3
2020-09-26,cumulative_infections,287.08,767.25,1586,1927.78,2371.5,4974.02,Additional 50% Reduction,Belize,BLZ,2020-07-04,v3
2020-09-26,deaths,0,0,0,0.06,0,0,Additional 50% Reduction,Belize,BLZ,2020-07-04,v3
2020-09-26,hospital_demand,0,0,0,0.85,0,0.52,Additional 50% Reduction,Belize,BLZ,2020-07-04,v3
2020-09-26,hospital_incidence,0,0,0,0,0,0,Additional 50% Reduction,Belize,BLZ,2020-07-04,v3
2020-09-26,ICU_demand,0,0,0,0.21,0,0,Additional 50% Reduction,Belize,BLZ,2020-07-04,v3
2020-09-26,ICU_incidence,0,0,0,0,0,0,Additional 50% Reduction,Belize,BLZ,2020-07-04,v3
2020-09-26,infections,0,0,0,8.75,0,2.62,Additional 50% Reduction,Belize,BLZ,2020-07-04,v3
2020-09-26,Rt,0.13,0.33,0.47,0.55,0.71,1.19,Additional 50% Reduction,Belize,BLZ,2020-07-04,v3
2020-09-26,cumulative_infections,287.08,767.25,1586,9244.68,2371.5,86605.17,Maintain Status Quo,Belize,BLZ,2020-07-04,v3
2020-09-26,deaths,0,0,0,0.61,0,6.05,Maintain Status Quo,Belize,BLZ,2020-07-04,v3
2020-09-26,hospital_demand,0,0,0,14.84,0,254.92,Maintain Status Quo,Belize,BLZ,2020-07-04,v3
2020-09-26,hospital_incidence,0,0,0,0.07,0,1.52,Maintain Status Quo,Belize,BLZ,2020-07-04,v3
2020-09-26,ICU_demand,0,0,0,1.25,0,26.62,Maintain Status Quo,Belize,BLZ,2020-07-04,v3
2020-09-26,ICU_incidence,0,0,0,0,0,0,Maintain Status Quo,Belize,BLZ,2020-07-04,v3
2020-09-26,infections,0,0,0,72.47,0,1023.55,Maintain Status Quo,Belize,BLZ,2020-07-04,v3
2020-09-26,Rt,0.26,0.67,0.95,1.09,1.41,2.37,Maintain Status Quo,Belize,BLZ,2020-07-04,v3
2020-09-26,cumulative_infections,287.08,767.25,1586,14851.28,2371.5,299562.37,Relax Interventions 50%,Belize,BLZ,2020-07-04,v3
2020-09-26,deaths,0,0,0,0.21,0,0.52,Relax Interventions 50%,Belize,BLZ,2020-07-04,v3
2020-09-26,hospital_demand,0,0,0,9.61,0,62.1,Relax Interventions 50%,Belize,BLZ,2020-07-04,v3
2020-09-26,hospital_incidence,0,0,0,0.05,0,0,Relax Interventions 50%,Belize,BLZ,2020-07-04,v3
2020-09-26,ICU_demand,0,0,0,0.61,0,8.2,Relax Interventions 50%,Belize,BLZ,2020-07-04,v3
2020-09-26,ICU_incidence,0,0,0,0.02,0,0,Relax Interventions 50%,Belize,BLZ,2020-07-04,v3
2020-09-26,infections,0,0,0,15.33,0,21,Relax Interventions 50%,Belize,BLZ,2020-07-04,v3
2020-09-26,Rt,0.39,1,1.42,1.64,2.12,3.56,Relax Interventions 50%,Belize,BLZ,2020-07-04,v3
2020-09-26,cumulative_infections,266.28,934.75,1382,1610.83,1934.75,4784.4,Surged Additional 50% Reduction,Belize,BLZ,2020-07-04,v3
2020-09-26,deaths,0,0,0,0,0,0,Surged Additional 50% Reduction,Belize,BLZ,2020-07-04,v3
2020-09-26,hospital_demand,0,0,0,0.03,0,0,Surged Additional 50% Reduction,Belize,BLZ,2020-07-04,v3
2020-09-26,hospital_incidence,0,0,0,0,0,0,Surged Additional 50% Reduction,Belize,BLZ,2020-07-04,v3
2020-09-26,ICU_demand,0,0,0,0.01,0,0,Surged Additional 50% Reduction,Belize,BLZ,2020-07-04,v3
2020-09-26,ICU_incidence,0,0,0,0,0,0,Surged Additional 50% Reduction,Belize,BLZ,2020-07-04,v3
2020-09-26,infections,0,0,0,0.12,0,0,Surged Additional 50% Reduction,Belize,BLZ,2020-07-04,v3
2020-09-26,Rt,0.1,0.29,0.44,0.51,0.71,1.13,Surged Additional 50% Reduction,Belize,BLZ,2020-07-04,v3
2020-09-26,cumulative_infections,266.28,934.75,1382,4360.26,1936.75,22331.85,Surged Maintain Status Quo,Belize,BLZ,2020-07-04,v3
2020-09-26,deaths,0,0,0,0.22,0,1.05,Surged Maintain Status Quo,Belize,BLZ,2020-07-04,v3
2020-09-26,hospital_demand,0,0,0,11.77,0,69.62,Surged Maintain Status Quo,Belize,BLZ,2020-07-04,v3
2020-09-26,hospital_incidence,0,0,0,0.05,0,0,Surged Maintain Status Quo,Belize,BLZ,2020-07-04,v3
2020-09-26,ICU_demand,0,0,0,3.68,0,23.67,Surged Maintain Status Quo,Belize,BLZ,2020-07-04,v3
2020-09-26,ICU_incidence,0,0,0,0.02,0,0,Surged Maintain Status Quo,Belize,BLZ,2020-07-04,v3
2020-09-26,infections,0,0,0,74.13,0,813.17,Surged Maintain Status Quo,Belize,BLZ,2020-07-04,v3
2020-09-26,Rt,0.2,0.58,0.88,1.03,1.43,2.26,Surged Maintain Status Quo,Belize,BLZ,2020-07-04,v3
2020-09-26,cumulative_infections,266.28,934.75,1427,14231.66,1981,244971.95,Surged Relax Interventions 50%,Belize,BLZ,2020-07-04,v3
2020-09-26,deaths,0,0,0,0.95,0,14.1,Surged Relax Interventions 50%,Belize,BLZ,2020-07-04,v3
2020-09-26,hospital_demand,0,0,0,38.09,0,724.22,Surged Relax Interventions 50%,Belize,BLZ,2020-07-04,v3
2020-09-26,hospital_incidence,0,0,0,0.19,0,3.05,Surged Relax Interventions 50%,Belize,BLZ,2020-07-04,v3
2020-09-26,ICU_demand,0,0,0,11.63,0,191.45,Surged Relax Interventions 50%,Belize,BLZ,2020-07-04,v3
2020-09-26,ICU_incidence,0,0,0,0.05,0,1,Surged Relax Interventions 50%,Belize,BLZ,2020-07-04,v3
2020-09-26,infections,0,0,0,134.87,0,1665.02,Surged Relax Interventions 50%,Belize,BLZ,2020-07-04,v3
2020-09-26,Rt,0.29,0.87,1.32,1.54,2.14,3.39,Surged Relax Interventions 50%,Belize,BLZ,2020-07-04,v3
2020-09-27,cumulative_infections,287.08,767.25,1586,1936.48,2371.5,4974.02,Additional 50% Reduction,Belize,BLZ,2020-07-04,v3
2020-09-27,deaths,0,0,0,0.03,0,0,Additional 50% Reduction,Belize,BLZ,2020-07-04,v3
2020-09-27,hospital_demand,0,0,0,0.83,0,0.52,Additional 50% Reduction,Belize,BLZ,2020-07-04,v3
2020-09-27,hospital_incidence,0,0,0,0.01,0,0,Additional 50% Reduction,Belize,BLZ,2020-07-04,v3
2020-09-27,ICU_demand,0,0,0,0.2,0,0,Additional 50% Reduction,Belize,BLZ,2020-07-04,v3
2020-09-27,ICU_incidence,0,0,0,0.01,0,0,Additional 50% Reduction,Belize,BLZ,2020-07-04,v3
2020-09-27,infections,0,0,0,8.7,0,3.1,Additional 50% Reduction,Belize,BLZ,2020-07-04,v3
2020-09-27,Rt,0.13,0.33,0.47,0.55,0.71,1.19,Additional 50% Reduction,Belize,BLZ,2020-07-04,v3
2020-09-27,cumulative_infections,287.08,767.25,1586,9314.73,2371.5,89284.15,Maintain Status Quo,Belize,BLZ,2020-07-04,v3
2020-09-27,deaths,0,0,0,0.54,0,10.2,Maintain Status Quo,Belize,BLZ,2020-07-04,v3
2020-09-27,hospital_demand,0,0,0,14.6,0,242.47,Maintain Status Quo,Belize,BLZ,2020-07-04,v3
2020-09-27,hospital_incidence,0,0,0,0.03,0,0,Maintain Status Quo,Belize,BLZ,2020-07-04,v3
2020-09-27,ICU_demand,0,0,0,1.14,0,24.1,Maintain Status Quo,Belize,BLZ,2020-07-04,v3
2020-09-27,ICU_incidence,0,0,0,0.01,0,0,Maintain Status Quo,Belize,BLZ,2020-07-04,v3
2020-09-27,infections,0,0,0,70.05,0,887,Maintain Status Quo,Belize,BLZ,2020-07-04,v3
2020-09-27,Rt,0.26,0.67,0.95,1.09,1.41,2.37,Maintain Status Quo,Belize,BLZ,2020-07-04,v3
2020-09-27,cumulative_infections,287.08,767.25,1586,14864.68,2371.5,300198.32,Relax Interventions 50%,Belize,BLZ,2020-07-04,v3
2020-09-27,deaths,0,0,0,0.2,0,0,Relax Interventions 50%,Belize,BLZ,2020-07-04,v3
2020-09-27,hospital_demand,0,0,0,9.02,0,55.32,Relax Interventions 50%,Belize,BLZ,2020-07-04,v3
2020-09-27,hospital_incidence,0,0,0,0.02,0,0,Relax Interventions 50%,Belize,BLZ,2020-07-04,v3
2020-09-27,ICU_demand,0,0,0,0.58,0,8.2,Relax Interventions 50%,Belize,BLZ,2020-07-04,v3
2020-09-27,ICU_incidence,0,0,0,0.02,0,0,Relax Interventions 50%,Belize,BLZ,2020-07-04,v3
2020-09-27,infections,0,0,0,13.4,0,20.95,Relax Interventions 50%,Belize,BLZ,2020-07-04,v3
2020-09-27,Rt,0.39,1,1.42,1.64,2.12,3.56,Relax Interventions 50%,Belize,BLZ,2020-07-04,v3
2020-09-27,cumulative_infections,266.28,934.75,1382,1610.96,1934.75,4784.4,Surged Additional 50% Reduction,Belize,BLZ,2020-07-04,v3
2020-09-27,deaths,0,0,0,0,0,0,Surged Additional 50% Reduction,Belize,BLZ,2020-07-04,v3
2020-09-27,hospital_demand,0,0,0,0.02,0,0,Surged Additional 50% Reduction,Belize,BLZ,2020-07-04,v3
2020-09-27,hospital_incidence,0,0,0,0,0,0,Surged Additional 50% Reduction,Belize,BLZ,2020-07-04,v3
2020-09-27,ICU_demand,0,0,0,0.01,0,0,Surged Additional 50% Reduction,Belize,BLZ,2020-07-04,v3
2020-09-27,ICU_incidence,0,0,0,0,0,0,Surged Additional 50% Reduction,Belize,BLZ,2020-07-04,v3
2020-09-27,infections,0,0,0,0.13,0,0,Surged Additional 50% Reduction,Belize,BLZ,2020-07-04,v3
2020-09-27,Rt,0.1,0.29,0.44,0.51,0.71,1.13,Surged Additional 50% Reduction,Belize,BLZ,2020-07-04,v3
2020-09-27,cumulative_infections,266.28,934.75,1382,4433.22,1936.75,23608.05,Surged Maintain Status Quo,Belize,BLZ,2020-07-04,v3
2020-09-27,deaths,0,0,0,0.23,0,2,Surged Maintain Status Quo,Belize,BLZ,2020-07-04,v3
2020-09-27,hospital_demand,0,0,0,11.86,0,72.72,Surged Maintain Status Quo,Belize,BLZ,2020-07-04,v3
2020-09-27,hospital_incidence,0,0,0,0.04,0,0,Surged Maintain Status Quo,Belize,BLZ,2020-07-04,v3
2020-09-27,ICU_demand,0,0,0,3.71,0,23.62,Surged Maintain Status Quo,Belize,BLZ,2020-07-04,v3
2020-09-27,ICU_incidence,0,0,0,0.04,0,0.52,Surged Maintain Status Quo,Belize,BLZ,2020-07-04,v3
2020-09-27,infections,0,0,0,72.96,0,827.85,Surged Maintain Status Quo,Belize,BLZ,2020-07-04,v3
2020-09-27,Rt,0.2,0.58,0.88,1.03,1.43,2.26,Surged Maintain Status Quo,Belize,BLZ,2020-07-04,v3
2020-09-27,cumulative_infections,266.28,934.75,1427,14363.07,1981,247733.07,Surged Relax Interventions 50%,Belize,BLZ,2020-07-04,v3
2020-09-27,deaths,0,0,0,0.88,0,12.52,Surged Relax Interventions 50%,Belize,BLZ,2020-07-04,v3
2020-09-27,hospital_demand,0,0,0,36.5,0,713.32,Surged Relax Interventions 50%,Belize,BLZ,2020-07-04,v3
2020-09-27,hospital_incidence,0,0,0,0.09,0,1.52,Surged Relax Interventions 50%,Belize,BLZ,2020-07-04,v3
2020-09-27,ICU_demand,0,0,0,11.17,0,200.52,Surged Relax Interventions 50%,Belize,BLZ,2020-07-04,v3
2020-09-27,ICU_incidence,0,0,0,0.07,0,0,Surged Relax Interventions 50%,Belize,BLZ,2020-07-04,v3
2020-09-27,infections,0,0,0,131.41,0,1506.17,Surged Relax Interventions 50%,Belize,BLZ,2020-07-04,v3
2020-09-27,Rt,0.29,0.87,1.32,1.54,2.14,3.39,Surged Relax Interventions 50%,Belize,BLZ,2020-07-04,v3
2020-09-28,cumulative_infections,287.08,767.25,1586,1945.85,2371.5,4974.02,Additional 50% Reduction,Belize,BLZ,2020-07-04,v3
2020-09-28,deaths,0,0,0,0.01,0,0,Additional 50% Reduction,Belize,BLZ,2020-07-04,v3
2020-09-28,hospital_demand,0,0,0,0.96,0,0.52,Additional 50% Reduction,Belize,BLZ,2020-07-04,v3
2020-09-28,hospital_incidence,0,0,0,0.02,0,0,Additional 50% Reduction,Belize,BLZ,2020-07-04,v3
2020-09-28,ICU_demand,0,0,0,0.2,0,0,Additional 50% Reduction,Belize,BLZ,2020-07-04,v3
2020-09-28,ICU_incidence,0,0,0,0,0,0,Additional 50% Reduction,Belize,BLZ,2020-07-04,v3
2020-09-28,infections,0,0,0,9.37,0,2.52,Additional 50% Reduction,Belize,BLZ,2020-07-04,v3
2020-09-28,Rt,0.13,0.33,0.47,0.55,0.71,1.19,Additional 50% Reduction,Belize,BLZ,2020-07-04,v3
2020-09-28,cumulative_infections,287.08,767.25,1586,9382.23,2371.5,91905.82,Maintain Status Quo,Belize,BLZ,2020-07-04,v3
2020-09-28,deaths,0,0,0,0.47,0,9,Maintain Status Quo,Belize,BLZ,2020-07-04,v3
2020-09-28,hospital_demand,0,0,0,14.46,0,233.67,Maintain Status Quo,Belize,BLZ,2020-07-04,v3
2020-09-28,hospital_incidence,0,0,0,0.04,0,1,Maintain Status Quo,Belize,BLZ,2020-07-04,v3
2020-09-28,ICU_demand,0,0,0,1.13,0,20.72,Maintain Status Quo,Belize,BLZ,2020-07-04,v3
2020-09-28,ICU_incidence,0,0,0,0.03,0,0.52,Maintain Status Quo,Belize,BLZ,2020-07-04,v3
2020-09-28,infections,0,0,0,67.5,0,814.57,Maintain Status Quo,Belize,BLZ,2020-07-04,v3
2020-09-28,Rt,0.26,0.67,0.95,1.09,1.41,2.37,Maintain Status Quo,Belize,BLZ,2020-07-04,v3
2020-09-28,cumulative_infections,287.08,767.25,1586,14876.99,2371.5,300782.22,Relax Interventions 50%,Belize,BLZ,2020-07-04,v3
2020-09-28,deaths,0,0,0,0.22,0,0.52,Relax Interventions 50%,Belize,BLZ,2020-07-04,v3
2020-09-28,hospital_demand,0,0,0,8.32,0,47.7,Relax Interventions 50%,Belize,BLZ,2020-07-04,v3
2020-09-28,hospital_incidence,0,0,0,0.06,0,0.52,Relax Interventions 50%,Belize,BLZ,2020-07-04,v3
2020-09-28,ICU_demand,0,0,0,0.62,0,8.72,Relax Interventions 50%,Belize,BLZ,2020-07-04,v3
2020-09-28,ICU_incidence,0,0,0,0.01,0,0,Relax Interventions 50%,Belize,BLZ,2020-07-04,v3
2020-09-28,infections,0,0,0,12.31,0,19.37,Relax Interventions 50%,Belize,BLZ,2020-07-04,v3
2020-09-28,Rt,0.39,1,1.42,1.64,2.12,3.56,Relax Interventions 50%,Belize,BLZ,2020-07-04,v3
2020-09-28,cumulative_infections,266.28,934.75,1382,1611.09,1934.75,4784.4,Surged Additional 50% Reduction,Belize,BLZ,2020-07-04,v3
2020-09-28,deaths,0,0,0,0.01,0,0,Surged Additional 50% Reduction,Belize,BLZ,2020-07-04,v3
2020-09-28,hospital_demand,0,0,0,0.01,0,0,Surged Additional 50% Reduction,Belize,BLZ,2020-07-04,v3
2020-09-28,hospital_incidence,0,0,0,0,0,0,Surged Additional 50% Reduction,Belize,BLZ,2020-07-04,v3
2020-09-28,ICU_demand,0,0,0,0,0,0,Surged Additional 50% Reduction,Belize,BLZ,2020-07-04,v3
2020-09-28,ICU_incidence,0,0,0,0,0,0,Surged Additional 50% Reduction,Belize,BLZ,2020-07-04,v3
2020-09-28,infections,0,0,0,0.13,0,0,Surged Additional 50% Reduction,Belize,BLZ,2020-07-04,v3
2020-09-28,Rt,0.1,0.29,0.44,0.51,0.71,1.13,Surged Additional 50% Reduction,Belize,BLZ,2020-07-04,v3
2020-09-28,cumulative_infections,266.28,934.75,1382,4505.75,1936.75,24939.02,Surged Maintain Status Quo,Belize,BLZ,2020-07-04,v3
2020-09-28,deaths,0,0,0,0.19,0,0.52,Surged Maintain Status Quo,Belize,BLZ,2020-07-04,v3
2020-09-28,hospital_demand,0,0,0,12.25,0,79.52,Surged Maintain Status Quo,Belize,BLZ,2020-07-04,v3
2020-09-28,hospital_incidence,0,0,0,0.08,0,0,Surged Maintain Status Quo,Belize,BLZ,2020-07-04,v3
2020-09-28,ICU_demand,0,0,0,3.61,0,27.1,Surged Maintain Status Quo,Belize,BLZ,2020-07-04,v3
2020-09-28,ICU_incidence,0,0,0,0.01,0,0,Surged Maintain Status Quo,Belize,BLZ,2020-07-04,v3
2020-09-28,infections,0,0,0,72.53,0,868.45,Surged Maintain Status Quo,Belize,BLZ,2020-07-04,v3
2020-09-28,Rt,0.2,0.58,0.88,1.03,1.43,2.26,Surged Maintain Status Quo,Belize,BLZ,2020-07-04,v3
2020-09-28,cumulative_infections,266.28,934.75,1427,14490.17,1981,250328.9,Surged Relax Interventions 50%,Belize,BLZ,2020-07-04,v3
2020-09-28,deaths,0,0,0,0.8,0,14.97,Surged Relax Interventions 50%,Belize,BLZ,2020-07-04,v3
2020-09-28,hospital_demand,0,0,0,35.76,0,715.82,Surged Relax Interventions 50%,Belize,BLZ,2020-07-04,v3
2020-09-28,hospital_incidence,0,0,0,0.21,0,3.57,Surged Relax Interventions 50%,Belize,BLZ,2020-07-04,v3
2020-09-28,ICU_demand,0,0,0,10.7,0,203.25,Surged Relax Interventions 50%,Belize,BLZ,2020-07-04,v3
2020-09-28,ICU_incidence,0,0,0,0.04,0,0,Surged Relax Interventions 50%,Belize,BLZ,2020-07-04,v3
2020-09-28,infections,0,0,0,127.1,0,1328.05,Surged Relax Interventions 50%,Belize,BLZ,2020-07-04,v3
2020-09-28,Rt,0.29,0.87,1.32,1.54,2.14,3.39,Surged Relax Interventions 50%,Belize,BLZ,2020-07-04,v3
2020-09-29,cumulative_infections,287.08,767.25,1586,1954.65,2371.5,4974.02,Additional 50% Reduction,Belize,BLZ,2020-07-04,v3
2020-09-29,deaths,0,0,0,0.03,0,0,Additional 50% Reduction,Belize,BLZ,2020-07-04,v3
2020-09-29,hospital_demand,0,0,0,0.97,0,0.52,Additional 50% Reduction,Belize,BLZ,2020-07-04,v3
2020-09-29,hospital_incidence,0,0,0,0,0,0,Additional 50% Reduction,Belize,BLZ,2020-07-04,v3
2020-09-29,ICU_demand,0,0,0,0.19,0,0,Additional 50% Reduction,Belize,BLZ,2020-07-04,v3
2020-09-29,ICU_incidence,0,0,0,0.01,0,0,Additional 50% Reduction,Belize,BLZ,2020-07-04,v3
2020-09-29,infections,0,0,0,8.8,0,2.57,Additional 50% Reduction,Belize,BLZ,2020-07-04,v3
2020-09-29,Rt,0.13,0.33,0.47,0.55,0.71,1.19,Additional 50% Reduction,Belize,BLZ,2020-07-04,v3
2020-09-29,cumulative_infections,287.08,767.25,1586,9447.83,2371.5,94530.57,Maintain Status Quo,Belize,BLZ,2020-07-04,v3
2020-09-29,deaths,0,0,0,0.51,0,6.62,Maintain Status Quo,Belize,BLZ,2020-07-04,v3
2020-09-29,hospital_demand,0,0,0,13.88,0,227.77,Maintain Status Quo,Belize,BLZ,2020-07-04,v3
2020-09-29,hospital_incidence,0,0,0,0.02,0,0,Maintain Status Quo,Belize,BLZ,2020-07-04,v3
2020-09-29,ICU_demand,0,0,0,1.02,0,21.2,Maintain Status Quo,Belize,BLZ,2020-07-04,v3
2020-09-29,ICU_incidence,0,0,0,0.01,0,0,Maintain Status Quo,Belize,BLZ,2020-07-04,v3
2020-09-29,infections,0,0,0,65.6,0,713.1,Maintain Status Quo,Belize,BLZ,2020-07-04,v3
2020-09-29,Rt,0.26,0.67,0.95,1.09,1.41,2.37,Maintain Status Quo,Belize,BLZ,2020-07-04,v3
2020-09-29,cumulative_infections,287.08,767.25,1586,14888.51,2371.5,301330.42,Relax Interventions 50%,Belize,BLZ,2020-07-04,v3
2020-09-29,deaths,0,0,0,0.18,0,0.52,Relax Interventions 50%,Belize,BLZ,2020-07-04,v3
2020-09-29,hospital_demand,0,0,0,7.81,0,42.55,Relax Interventions 50%,Belize,BLZ,2020-07-04,v3
2020-09-29,hospital_incidence,0,0,0,0.03,0,0,Relax Interventions 50%,Belize,BLZ,2020-07-04,v3
2020-09-29,ICU_demand,0,0,0,0.64,0,9.25,Relax Interventions 50%,Belize,BLZ,2020-07-04,v3
2020-09-29,ICU_incidence,0,0,0,0.01,0,0,Relax Interventions 50%,Belize,BLZ,2020-07-04,v3
2020-09-29,infections,0,0,0,11.52,0,14.65,Relax Interventions 50%,Belize,BLZ,2020-07-04,v3
2020-09-29,Rt,0.39,1,1.42,1.64,2.12,3.56,Relax Interventions 50%,Belize,BLZ,2020-07-04,v3
2020-09-29,cumulative_infections,266.28,934.75,1382,1611.2,1934.75,4784.4,Surged Additional 50% Reduction,Belize,BLZ,2020-07-04,v3
2020-09-29,deaths,0,0,0,0,0,0,Surged Additional 50% Reduction,Belize,BLZ,2020-07-04,v3
2020-09-29,hospital_demand,0,0,0,0.01,0,0,Surged Additional 50% Reduction,Belize,BLZ,2020-07-04,v3
2020-09-29,hospital_incidence,0,0,0,0,0,0,Surged Additional 50% Reduction,Belize,BLZ,2020-07-04,v3
2020-09-29,ICU_demand,0,0,0,0,0,0,Surged Additional 50% Reduction,Belize,BLZ,2020-07-04,v3
2020-09-29,ICU_incidence,0,0,0,0,0,0,Surged Additional 50% Reduction,Belize,BLZ,2020-07-04,v3
2020-09-29,infections,0,0,0,0.11,0,0,Surged Additional 50% Reduction,Belize,BLZ,2020-07-04,v3
2020-09-29,Rt,0.1,0.29,0.44,0.51,0.71,1.13,Surged Additional 50% Reduction,Belize,BLZ,2020-07-04,v3
2020-09-29,cumulative_infections,266.28,934.75,1382,4577.76,1936.75,26388.85,Surged Maintain Status Quo,Belize,BLZ,2020-07-04,v3
2020-09-29,deaths,0,0,0,0.36,0,2,Surged Maintain Status Quo,Belize,BLZ,2020-07-04,v3
2020-09-29,hospital_demand,0,0,0,12.26,0,81.52,Surged Maintain Status Quo,Belize,BLZ,2020-07-04,v3
2020-09-29,hospital_incidence,0,0,0,0.02,0,0,Surged Maintain Status Quo,Belize,BLZ,2020-07-04,v3
2020-09-29,ICU_demand,0,0,0,3.48,0,27.52,Surged Maintain Status Quo,Belize,BLZ,2020-07-04,v3
2020-09-29,ICU_incidence,0,0,0,0.01,0,0,Surged Maintain Status Quo,Belize,BLZ,2020-07-04,v3
2020-09-29,infections,0,0,0,72.01,0,851.85,Surged Maintain Status Quo,Belize,BLZ,2020-07-04,v3
2020-09-29,Rt,0.2,0.58,0.88,1.03,1.43,2.26,Surged Maintain Status Quo,Belize,BLZ,2020-07-04,v3
2020-09-29,cumulative_infections,266.28,934.75,1427,14611.13,1981,252669.72,Surged Relax Interventions 50%,Belize,BLZ,2020-07-04,v3
2020-09-29,deaths,0,0,0,0.8,0,14.25,Surged Relax Interventions 50%,Belize,BLZ,2020-07-04,v3
2020-09-29,hospital_demand,0,0,0,34.94,0,725.52,Surged Relax Interventions 50%,Belize,BLZ,2020-07-04,v3
2020-09-29,hospital_incidence,0,0,0,0.06,0,0,Surged Relax Interventions 50%,Belize,BLZ,2020-07-04,v3
2020-09-29,ICU_demand,0,0,0,10.34,0,195.27,Surged Relax Interventions 50%,Belize,BLZ,2020-07-04,v3
2020-09-29,ICU_incidence,0,0,0,0.05,0,0,Surged Relax Interventions 50%,Belize,BLZ,2020-07-04,v3
2020-09-29,infections,0,0,0,120.96,0,1189.9,Surged Relax Interventions 50%,Belize,BLZ,2020-07-04,v3
2020-09-29,Rt,0.29,0.87,1.32,1.54,2.14,3.39,Surged Relax Interventions 50%,Belize,BLZ,2020-07-04,v3
2020-09-30,cumulative_infections,287.08,767.25,1586,1964.49,2371.5,4974.02,Additional 50% Reduction,Belize,BLZ,2020-07-04,v3
2020-09-30,deaths,0,0,0,0.03,0,0,Additional 50% Reduction,Belize,BLZ,2020-07-04,v3
2020-09-30,hospital_demand,0,0,0,1.04,0,0.52,Additional 50% Reduction,Belize,BLZ,2020-07-04,v3
2020-09-30,hospital_incidence,0,0,0,0.01,0,0,Additional 50% Reduction,Belize,BLZ,2020-07-04,v3
2020-09-30,ICU_demand,0,0,0,0.17,0,0,Additional 50% Reduction,Belize,BLZ,2020-07-04,v3
2020-09-30,ICU_incidence,0,0,0,0,0,0,Additional 50% Reduction,Belize,BLZ,2020-07-04,v3
2020-09-30,infections,0,0,0,9.84,0,0.52,Additional 50% Reduction,Belize,BLZ,2020-07-04,v3
2020-09-30,Rt,0.13,0.33,0.47,0.55,0.71,1.19,Additional 50% Reduction,Belize,BLZ,2020-07-04,v3
2020-09-30,cumulative_infections,287.08,767.25,1586,9512.63,2371.5,97165.62,Maintain Status Quo,Belize,BLZ,2020-07-04,v3
2020-09-30,deaths,0,0,0,0.38,0,5.2,Maintain Status Quo,Belize,BLZ,2020-07-04,v3
2020-09-30,hospital_demand,0,0,0,13.74,0,221.65,Maintain Status Quo,Belize,BLZ,2020-07-04,v3
2020-09-30,hospital_incidence,0,0,0,0.03,0,0,Maintain Status Quo,Belize,BLZ,2020-07-04,v3
2020-09-30,ICU_demand,0,0,0,1.1,0,20.15,Maintain Status Quo,Belize,BLZ,2020-07-04,v3
2020-09-30,ICU_incidence,0,0,0,0.01,0,0,Maintain Status Quo,Belize,BLZ,2020-07-04,v3
2020-09-30,infections,0,0,0,64.8,0,654.65,Maintain Status Quo,Belize,BLZ,2020-07-04,v3
2020-09-30,Rt,0.26,0.67,0.95,1.09,1.41,2.37,Maintain Status Quo,Belize,BLZ,2020-07-04,v3
2020-09-30,cumulative_infections,287.08,767.25,1586,14898.93,2371.5,301826.42,Relax Interventions 50%,Belize,BLZ,2020-07-04,v3
2020-09-30,deaths,0,0,0,0.14,0,1.05,Relax Interventions 50%,Belize,BLZ,2020-07-04,v3
2020-09-30,hospital_demand,0,0,0,7.16,0,34.72,Relax Interventions 50%,Belize,BLZ,2020-07-04,v3
2020-09-30,hospital_incidence,0,0,0,0.02,0,0,Relax Interventions 50%,Belize,BLZ,2020-07-04,v3
2020-09-30,ICU_demand,0,0,0,0.67,0,8.72,Relax Interventions 50%,Belize,BLZ,2020-07-04,v3
2020-09-30,ICU_incidence,0,0,0,0,0,0,Relax Interventions 50%,Belize,BLZ,2020-07-04,v3
2020-09-30,infections,0,0,0,10.42,0,14.6,Relax Interventions 50%,Belize,BLZ,2020-07-04,v3
2020-09-30,Rt,0.39,1,1.42,1.64,2.12,3.56,Relax Interventions 50%,Belize,BLZ,2020-07-04,v3
2020-09-30,cumulative_infections,266.28,934.75,1382,1611.32,1934.75,4784.4,Surged Additional 50% Reduction,Belize,BLZ,2020-07-04,v3
2020-09-30,deaths,0,0,0,0,0,0,Surged Additional 50% Reduction,Belize,BLZ,2020-07-04,v3
2020-09-30,hospital_demand,0,0,0,0.01,0,0,Surged Additional 50% Reduction,Belize,BLZ,2020-07-04,v3
2020-09-30,hospital_incidence,0,0,0,0,0,0,Surged Additional 50% Reduction,Belize,BLZ,2020-07-04,v3
2020-09-30,ICU_demand,0,0,0,0,0,0,Surged Additional 50% Reduction,Belize,BLZ,2020-07-04,v3
2020-09-30,ICU_incidence,0,0,0,0,0,0,Surged Additional 50% Reduction,Belize,BLZ,2020-07-04,v3
2020-09-30,infections,0,0,0,0.12,0,0,Surged Additional 50% Reduction,Belize,BLZ,2020-07-04,v3
2020-09-30,Rt,0.1,0.29,0.44,0.51,0.71,1.13,Surged Additional 50% Reduction,Belize,BLZ,2020-07-04,v3
2020-09-30,cumulative_infections,266.28,934.75,1382,4648.93,1936.75,27873.87,Surged Maintain Status Quo,Belize,BLZ,2020-07-04,v3
2020-09-30,deaths,0,0,0,0.22,0,0.52,Surged Maintain Status Quo,Belize,BLZ,2020-07-04,v3
2020-09-30,hospital_demand,0,0,0,12.34,0,87.52,Surged Maintain Status Quo,Belize,BLZ,2020-07-04,v3
2020-09-30,hospital_incidence,0,0,0,0.03,0,0,Surged Maintain Status Quo,Belize,BLZ,2020-07-04,v3
2020-09-30,ICU_demand,0,0,0,3.5,0,28.15,Surged Maintain Status Quo,Belize,BLZ,2020-07-04,v3
2020-09-30,ICU_incidence,0,0,0,0.01,0,0,Surged Maintain Status Quo,Belize,BLZ,2020-07-04,v3
2020-09-30,infections,0,0,0,71.17,0,916.97,Surged Maintain Status Quo,Belize,BLZ,2020-07-04,v3
2020-09-30,Rt,0.2,0.58,0.88,1.03,1.43,2.26,Surged Maintain Status Quo,Belize,BLZ,2020-07-04,v3
2020-09-30,cumulative_infections,266.28,934.75,1427,14727.77,1981,254813.95,Surged Relax Interventions 50%,Belize,BLZ,2020-07-04,v3
2020-09-30,deaths,0,0,0,0.74,0,12.2,Surged Relax Interventions 50%,Belize,BLZ,2020-07-04,v3
2020-09-30,hospital_demand,0,0,0,33.59,0,718.75,Surged Relax Interventions 50%,Belize,BLZ,2020-07-04,v3
2020-09-30,hospital_incidence,0,0,0,0.13,0,1.52,Surged Relax Interventions 50%,Belize,BLZ,2020-07-04,v3
2020-09-30,ICU_demand,0,0,0,10.01,0,195.47,Surged Relax Interventions 50%,Belize,BLZ,2020-07-04,v3
2020-09-30,ICU_incidence,0,0,0,0,0,0,Surged Relax Interventions 50%,Belize,BLZ,2020-07-04,v3
2020-09-30,infections,0,0,0,116.64,0,1064.07,Surged Relax Interventions 50%,Belize,BLZ,2020-07-04,v3
2020-09-30,Rt,0.29,0.87,1.32,1.54,2.14,3.39,Surged Relax Interventions 50%,Belize,BLZ,2020-07-04,v3
2020-10-01,cumulative_infections,287.08,767.25,1586,1974.58,2371.5,4974.02,Additional 50% Reduction,Belize,BLZ,2020-07-04,v3
2020-10-01,deaths,0,0,0,0.02,0,0,Additional 50% Reduction,Belize,BLZ,2020-07-04,v3
2020-10-01,hospital_demand,0,0,0,1.01,0,0,Additional 50% Reduction,Belize,BLZ,2020-07-04,v3
2020-10-01,hospital_incidence,0,0,0,0.02,0,0,Additional 50% Reduction,Belize,BLZ,2020-07-04,v3
2020-10-01,ICU_demand,0,0,0,0.16,0,0,Additional 50% Reduction,Belize,BLZ,2020-07-04,v3
2020-10-01,ICU_incidence,0,0,0,0,0,0,Additional 50% Reduction,Belize,BLZ,2020-07-04,v3
2020-10-01,infections,0,0,0,10.09,0,3.1,Additional 50% Reduction,Belize,BLZ,2020-07-04,v3
2020-10-01,Rt,0.13,0.33,0.47,0.55,0.71,1.19,Additional 50% Reduction,Belize,BLZ,2020-07-04,v3
2020-10-01,cumulative_infections,287.08,767.25,1586,9576.03,2371.5,99775.72,Maintain Status Quo,Belize,BLZ,2020-07-04,v3
2020-10-01,deaths,0,0,0,0.47,0,6.2,Maintain Status Quo,Belize,BLZ,2020-07-04,v3
2020-10-01,hospital_demand,0,0,0,13.34,0,206.95,Maintain Status Quo,Belize,BLZ,2020-07-04,v3
2020-10-01,hospital_incidence,0,0,0,0.07,0,1,Maintain Status Quo,Belize,BLZ,2020-07-04,v3
2020-10-01,ICU_demand,0,0,0,1.08,0,20.1,Maintain Status Quo,Belize,BLZ,2020-07-04,v3
2020-10-01,ICU_incidence,0,0,0,0.01,0,0,Maintain Status Quo,Belize,BLZ,2020-07-04,v3
2020-10-01,infections,0,0,0,63.4,0,610.75,Maintain Status Quo,Belize,BLZ,2020-07-04,v3
2020-10-01,Rt,0.26,0.67,0.95,1.09,1.41,2.37,Maintain Status Quo,Belize,BLZ,2020-07-04,v3
2020-10-01,cumulative_infections,287.08,767.25,1586,14907.8,2371.5,302247.62,Relax Interventions 50%,Belize,BLZ,2020-07-04,v3
2020-10-01,deaths,0,0,0,0.19,0,0,Relax Interventions 50%,Belize,BLZ,2020-07-04,v3
2020-10-01,hospital_demand,0,0,0,6.67,0,31.1,Relax Interventions 50%,Belize,BLZ,2020-07-04,v3
2020-10-01,hospital_incidence,0,0,0,0,0,0,Relax Interventions 50%,Belize,BLZ,2020-07-04,v3
2020-10-01,ICU_demand,0,0,0,0.66,0,8.72,Relax Interventions 50%,Belize,BLZ,2020-07-04,v3
2020-10-01,ICU_incidence,0,0,0,0.01,0,0,Relax Interventions 50%,Belize,BLZ,2020-07-04,v3
2020-10-01,infections,0,0,0,8.87,0,13.12,Relax Interventions 50%,Belize,BLZ,2020-07-04,v3
2020-10-01,Rt,0.39,1,1.42,1.64,2.12,3.56,Relax Interventions 50%,Belize,BLZ,2020-07-04,v3
2020-10-01,cumulative_infections,266.28,934.75,1382,1611.41,1934.75,4784.4,Surged Additional 50% Reduction,Belize,BLZ,2020-07-04,v3
2020-10-01,deaths,0,0,0,0,0,0,Surged Additional 50% Reduction,Belize,BLZ,2020-07-04,v3
2020-10-01,hospital_demand,0,0,0,0.01,0,0,Surged Additional 50% Reduction,Belize,BLZ,2020-07-04,v3
2020-10-01,hospital_incidence,0,0,0,0,0,0,Surged Additional 50% Reduction,Belize,BLZ,2020-07-04,v3
2020-10-01,ICU_demand,0,0,0,0,0,0,Surged Additional 50% Reduction,Belize,BLZ,2020-07-04,v3
2020-10-01,ICU_incidence,0,0,0,0,0,0,Surged Additional 50% Reduction,Belize,BLZ,2020-07-04,v3
2020-10-01,infections,0,0,0,0.09,0,0,Surged Additional 50% Reduction,Belize,BLZ,2020-07-04,v3
2020-10-01,Rt,0.1,0.29,0.44,0.51,0.71,1.13,Surged Additional 50% Reduction,Belize,BLZ,2020-07-04,v3
2020-10-01,cumulative_infections,266.28,934.75,1382,4720.25,1936.75,28792.37,Surged Maintain Status Quo,Belize,BLZ,2020-07-04,v3
2020-10-01,deaths,0,0,0,0.25,0,0.52,Surged Maintain Status Quo,Belize,BLZ,2020-07-04,v3
2020-10-01,hospital_demand,0,0,0,12.45,0,91.35,Surged Maintain Status Quo,Belize,BLZ,2020-07-04,v3
2020-10-01,hospital_incidence,0,0,0,0.06,0,0.52,Surged Maintain Status Quo,Belize,BLZ,2020-07-04,v3
2020-10-01,ICU_demand,0,0,0,3.51,0,29.57,Surged Maintain Status Quo,Belize,BLZ,2020-07-04,v3
2020-10-01,ICU_incidence,0,0,0,0.03,0,0,Surged Maintain Status Quo,Belize,BLZ,2020-07-04,v3
2020-10-01,infections,0,0,0,71.32,0,918.5,Surged Maintain Status Quo,Belize,BLZ,2020-07-04,v3
2020-10-01,Rt,0.2,0.58,0.88,1.03,1.43,2.26,Surged Maintain Status Quo,Belize,BLZ,2020-07-04,v3
2020-10-01,cumulative_infections,266.28,934.75,1427,14839.06,1981,256826.67,Surged Relax Interventions 50%,Belize,BLZ,2020-07-04,v3
2020-10-01,deaths,0,0,0,0.87,0,16.2,Surged Relax Interventions 50%,Belize,BLZ,2020-07-04,v3
2020-10-01,hospital_demand,0,0,0,31.7,0,674.9,Surged Relax Interventions 50%,Belize,BLZ,2020-07-04,v3
2020-10-01,hospital_incidence,0,0,0,0.15,0,2.1,Surged Relax Interventions 50%,Belize,BLZ,2020-07-04,v3
2020-10-01,ICU_demand,0,0,0,9.65,0,192.35,Surged Relax Interventions 50%,Belize,BLZ,2020-07-04,v3
2020-10-01,ICU_incidence,0,0,0,0.06,0,0.52,Surged Relax Interventions 50%,Belize,BLZ,2020-07-04,v3
2020-10-01,infections,0,0,0,111.29,0,999.07,Surged Relax Interventions 50%,Belize,BLZ,2020-07-04,v3
2020-10-01,Rt,0.29,0.87,1.32,1.54,2.14,3.39,Surged Relax Interventions 50%,Belize,BLZ,2020-07-04,v3
